,摘要,关键词,第一章,第二章,第三章,第四章,第五章,总词频,加权得分
滤波器,1,0,1,2,0,11,0,15,4.033333333333333
分量,0,0,0,1,1,3,0,5,1.0916666666666668
高斯白噪声,1,0,3,2,0,10,0,16,4.041666666666666
功率不平衡噪声,0,1,2,0,0,21,1,25,7.566666666666666
自相关函数,0,0,0,0,0,2,0,2,0.48333333333333334
互相关函数,0,0,0,0,0,2,0,2,0.48333333333333334
滤波,0,0,1,0,0,6,0,7,1.575
噪声统计特性,0,0,0,0,1,3,0,4,0.9666666666666667
噪声,4,0,17,20,9,21,2,73,16.358333333333334
双极化天线,1,0,7,3,9,7,1,28,6.358333333333333
功率,0,0,3,1,0,2,1,7,1.225
增益,0,0,0,1,0,1,0,2,0.3666666666666667
均匀分布,0,0,0,1,0,1,0,2,0.3666666666666667
3t,0,0,0,0,0,1,0,1,0.24166666666666667
高斯分布,1,0,2,4,1,7,0,15,3.6833333333333336
拉普拉斯分布,0,0,0,0,0,4,1,5,1.2083333333333333
gto5分布,0,0,0,0,0,1,0,1,0.24166666666666667
特殊分布,0,0,0,0,0,1,0,1,0.24166666666666667
取值,0,0,0,1,0,1,0,2,0.3666666666666667
广义高斯分布,0,0,0,0,0,3,0,3,0.725
天线,1,0,1,0,2,1,0,5,1.85
白噪声,0,0,0,0,0,1,0,1,0.24166666666666667
滤波后,0,0,0,0,0,1,0,1,0.24166666666666667
正交分量弓,0,0,0,0,0,1,0,1,0.24166666666666667
滤波后噪声矢量,0,0,0,0,0,1,0,1,0.24166666666666667
转移函数,0,0,0,0,0,1,0,1,0.24166666666666667
低通滤波器,0,0,0,0,0,1,0,1,0.24166666666666667
方差,0,0,1,2,0,1,0,4,0.6166666666666667
特性,0,0,2,2,1,1,0,6,0.9833333333333334
卷积,0,0,0,0,0,1,0,1,0.24166666666666667
冲激,0,0,0,0,0,1,0,1,0.24166666666666667
su接收端,0,0,0,2,2,3,0,7,1.4583333333333333
频谱感知算法,4,0,34,20,13,12,6,89,18.241666666666667
到达角,7,1,11,5,9,4,4,41,15.108333333333334
极化域,5,0,21,9,11,9,4,59,14.55
达角,1,0,9,1,1,3,2,17,3.7
极化域频谱感知算法,5,0,10,8,7,3,3,36,10.391666666666666
频谱感知,2,0,8,10,5,3,3,31,6.908333333333333
统计特性,2,0,8,4,3,2,0,19,4.708333333333333
极化域感知算法,0,0,2,0,0,0,0,2,0.25
性能,8,0,11,13,20,22,3,77,21.875
样本数,0,0,3,3,10,8,0,24,5.1
数值仿真,3,0,4,0,1,3,0,11,4.466666666666667
分析信号,0,0,2,0,0,0,0,2,0.25
极化感知模型,0,0,2,0,0,1,0,3,0.4916666666666667
频谱感知技术,2,0,3,4,0,0,0,9,2.875
新算法,1,0,1,0,0,3,0,5,1.85
非理想噪声,0,0,4,2,0,2,0,8,1.2333333333333334
接收信号,2,0,16,18,20,13,3,72,14.95
非高斯场,0,0,1,0,0,0,0,1,0.125
非高斯噪声,2,1,1,0,0,7,2,13,6.3
预白化,1,0,3,0,0,15,1,20,5.241666666666667
理想噪声,3,0,3,1,0,2,2,11,4.466666666666667
感知算法,2,0,1,18,3,6,4,34,7.516666666666667
协方差矩阵,0,0,3,9,9,10,0,31,6.091666666666667
信号,4,0,16,36,22,3,3,84,17.266666666666666
glrt,0,0,1,0,1,0,1,3,0.6083333333333334
最优极化域,0,0,1,0,0,1,0,2,0.3666666666666667
想噪声,0,0,3,0,0,1,1,5,0.8583333333333334
极化矢量,0,0,2,3,0,0,0,5,0.625
极化度感知,0,0,1,1,0,0,0,2,0.25
无线通信,0,0,4,12,0,0,1,17,2.2416666666666667
光通信,0,0,2,5,0,0,0,7,0.875
雷达,0,0,6,6,0,0,0,12,1.5
极化信号,1,0,2,15,0,0,1,19,3.3666666666666667
极化,0,0,1,12,3,3,0,19,3.075
特征值检测,0,0,1,0,0,0,0,1,0.125
能量检测,0,0,1,10,0,0,0,11,1.375
空域频谱感知算法,0,0,2,5,0,0,1,8,1.1166666666666667
时、,0,0,2,2,0,0,2,6,0.9833333333333334
皮尔逊准则,0,0,1,2,0,0,0,3,0.375
奈曼-,0,0,1,0,0,0,0,1,0.125
频谱感知模型,0,0,1,0,1,2,0,4,0.85
极化信号处理技术,0,0,2,0,0,0,0,2,0.25
极化基础理论,0,0,3,1,0,0,1,5,0.7416666666666667
极化信息处理,0,0,1,2,0,0,0,3,0.375
目标,0,0,0,4,0,0,0,4,0.5
极化滤波,0,0,0,3,0,0,0,3,0.375
干扰抑制,0,0,0,3,0,0,0,3,0.375
信干噪比,0,0,0,3,0,0,0,3,0.375
目标识别,0,0,0,3,0,0,0,3,0.375
目标检测,0,0,1,3,0,0,0,4,0.5
接收,0,0,1,3,2,0,0,6,0.9833333333333334
极化目标,0,0,0,2,0,0,0,2,0.25
杂波,0,0,0,2,0,0,0,2,0.25
极化散射矩阵,0,0,0,2,0,0,0,2,0.25
检测算法,0,0,1,3,0,0,0,4,0.5
极化特性,0,0,0,2,0,0,0,2,0.25
极化检测,0,0,1,2,0,0,0,3,0.375
极化信息,0,0,1,13,3,0,1,18,2.716666666666667
共极化特征,0,0,0,1,0,0,0,1,0.125
行列式,0,0,0,1,0,0,0,1,0.125
散射矩阵,0,0,0,1,0,0,0,1,0.125
瞬态极化投影矢量起伏度,0,0,0,1,0,0,0,1,0.125
滤波优化,0,0,0,1,0,0,0,1,0.125
干扰特性,0,0,0,1,0,0,0,1,0.125
极化状态,0,0,0,9,4,0,0,13,2.091666666666667
干扰功率,0,0,0,1,0,0,0,1,0.125
干扰极化特性,0,0,0,1,0,0,0,1,0.125
有用信号,0,0,0,1,0,0,0,1,0.125
干扰背景,0,0,0,1,0,0,0,1,0.125
杂波干扰,0,0,0,1,0,0,0,1,0.125
有源压制性干扰,0,0,0,1,0,0,0,1,0.125
干扰,0,0,2,5,1,0,0,8,1.1166666666666667
极化特征,0,0,0,2,1,0,0,3,0.4916666666666667
局部极化特征,0,0,0,1,0,0,0,1,0.125
高分辨率,0,0,0,1,0,0,0,1,0.125
最佳极化,0,0,0,1,0,0,0,1,0.125
宏观极化特性,0,0,0,1,0,0,0,1,0.125
子矢量序列检测算法,0,0,0,1,0,0,0,1,0.125
瞬态stokes,0,0,0,3,0,0,0,3,0.375
宽带,0,0,0,1,0,0,0,1,0.125
横向极化滤波器组,0,0,0,1,0,0,0,1,0.125
非高斯噪声环境,0,0,0,1,0,0,0,1,0.125
恒虚警检测算法,0,0,0,1,0,0,0,1,0.125
极化检测算法,0,0,0,1,0,0,0,1,0.125
检测概率,0,0,0,5,2,0,0,7,1.1083333333333334
信噪比,0,0,0,6,2,2,0,10,1.7166666666666668
散射特性,0,0,0,1,0,0,0,1,0.125
回波幅度信息,0,0,0,1,0,0,0,1,0.125
极化散射特性,0,0,0,1,0,0,0,1,0.125
雷达目标检测,0,0,1,1,0,0,0,2,0.25
回波信息,0,0,0,1,0,0,0,1,0.125
发射电磁波,0,0,0,1,0,0,0,1,0.125
干扰抑制技术,0,0,0,1,0,0,0,1,0.125
极化信息处理论,0,0,0,1,0,0,0,1,0.125
雷达通信,0,0,0,1,0,0,0,1,0.125
高斯噪声,1,0,3,0,0,2,3,9,2.583333333333333
极化域信息,1,0,3,2,0,0,3,9,2.35
拉普拉斯噪声,0,0,3,0,0,11,2,16,3.5166666666666666
分布特性,0,0,2,0,0,1,2,5,0.975
二元假设,0,0,2,0,0,2,2,6,1.2166666666666668
感知模型,1,0,2,2,1,3,2,11,2.95
无线环境,1,0,1,1,0,0,2,5,1.7333333333333334
频谱资源,0,0,6,1,0,0,2,9,1.3583333333333334
估计理论,0,0,0,0,0,0,1,1,0.24166666666666667
极化学理论,0,0,0,0,0,0,1,1,0.24166666666666667
glrt理论,0,0,1,1,3,2,1,8,1.7
感知,0,0,1,12,0,2,1,16,2.35
pw-pae算法,0,0,0,0,0,14,1,15,3.625
盲感知算法,0,0,0,0,0,2,1,3,0.725
功率不平衡,1,0,1,0,0,0,1,3,1.3666666666666667
接收端噪声,0,0,0,0,0,1,1,2,0.48333333333333334
磁暴,0,0,1,0,0,0,1,2,0.3666666666666667
雷电,0,0,2,0,0,1,1,4,0.7333333333333334
大气噪声,0,0,2,0,0,1,1,4,0.7333333333333334
自然因素,0,0,1,0,0,0,1,2,0.3666666666666667
人为因素,0,0,1,0,0,0,1,2,0.3666666666666667
性能增益,0,0,0,0,0,0,1,1,0.24166666666666667
极化域频谱感知,1,1,0,1,0,1,1,5,3.6083333333333334
参数,0,0,1,7,5,1,1,15,2.6916666666666664
概率密度函数,0,0,1,5,5,6,1,18,3.65
极化域感知模型,0,0,1,0,0,0,1,2,0.3666666666666667
双极化信道模型,0,0,1,0,0,0,1,2,0.3666666666666667
能量损失,0,0,2,0,1,0,1,4,0.7333333333333334
空间到达角,0,0,1,0,1,0,1,3,0.6083333333333334
授权用户信号,0,0,3,2,1,1,1,8,1.35
雷达系统,0,0,0,0,0,0,1,1,0.24166666666666667
经典算法,0,0,1,0,0,0,1,2,0.3666666666666667
信号二元,0,0,1,0,0,0,1,2,0.3666666666666667
极化学,1,0,0,0,0,0,1,2,1.2416666666666667
极化信息处理理论,0,0,0,0,0,0,1,1,0.24166666666666667
频谱空穴,0,0,1,1,0,0,1,3,0.4916666666666667
空域信息,0,0,1,2,1,0,1,5,0.8583333333333334
无线电,1,0,0,1,1,0,1,4,1.6083333333333334
可用频谱资源,0,0,0,0,0,0,1,1,0.24166666666666667
动态感,0,0,0,0,0,0,1,1,0.24166666666666667
频谱利用率,1,0,2,2,0,0,1,6,1.7416666666666667
认知无线电,1,0,2,0,0,0,1,4,1.4916666666666667
通信系统,0,0,1,1,1,0,1,4,0.7333333333333334
无线业务,0,0,0,0,0,0,1,1,0.24166666666666667
移动用户数,0,0,1,0,0,0,1,2,0.3666666666666667
角矩阵,0,0,0,0,3,1,0,4,0.9666666666666667
接收极化域信号,0,0,0,0,0,1,0,1,0.24166666666666667
服从均值,0,0,0,0,0,1,0,1,0.24166666666666667
噪声样本,0,0,0,2,0,2,0,4,0.7333333333333334
阻闻,0,0,0,0,0,1,0,1,0.24166666666666667
pu发送信号,0,0,0,4,1,2,0,7,1.225
接收pu信号,0,0,0,0,0,1,0,1,0.24166666666666667
信号样本,0,0,0,2,0,1,0,3,0.4916666666666667
授权用户,0,0,4,2,1,2,0,9,1.475
环境噪声,0,0,0,0,0,1,0,1,0.24166666666666667
信道,1,0,1,8,1,1,0,12,2.6083333333333334
随机相位,0,0,0,1,0,0,0,1,0.125
复增益,0,0,0,1,0,0,0,1,0.125
接收极化分量,0,0,0,1,0,0,0,1,0.125
发送极化分量,0,0,0,1,0,0,0,1,0.125
双极化去极化信道,0,0,0,1,1,0,0,2,0.3666666666666667
径时延函响时,0,0,0,1,0,0,0,1,0.125
双通道噪声,0,0,0,1,0,0,0,1,0.125
接收机,0,0,0,4,0,0,0,4,0.5
授权用户信号样本,0,0,0,1,0,1,0,2,0.3666666666666667
衰落信道,0,0,1,5,4,2,0,12,2.2
采样速率,0,0,0,1,0,0,0,1,0.125
样本,0,0,1,4,0,1,0,6,0.8666666666666667
授权频谱,0,0,2,2,0,0,0,4,0.5
双极化二元假设模型,0,0,0,1,0,0,0,1,0.125
表征信号,0,0,0,2,0,0,0,2,0.25
极化域频谱感知模型,0,0,0,1,0,0,0,1,0.125
瞬态,0,0,0,13,0,0,0,13,1.625
子矢量,0,0,0,12,0,0,0,12,1.5
stokes,0,0,0,11,0,0,0,11,1.375
glrt-pv算法,0,0,0,5,0,0,0,5,0.625
stokes矢量,0,0,0,14,0,0,0,14,1.75
stokes子矢量,0,0,0,5,0,0,0,5,0.625
瞬态归一化,0,0,0,3,0,0,0,3,0.375
闭合表达式,0,0,0,2,0,0,0,2,0.25
样本点,0,0,0,2,0,0,0,2,0.25
fisher分布,0,0,0,2,0,0,0,2,0.25
统计量,0,0,0,7,1,2,0,10,1.6
门限,0,0,0,9,1,2,0,12,1.85
联合概率密度函数,0,0,0,4,1,2,0,7,1.225
方位角,0,0,0,3,8,6,0,17,3.7583333333333333
俯仰角,0,0,0,3,5,2,0,10,2.0666666666666664
rt,1,0,0,5,1,0,0,7,1.8666666666666667
广义似然比,0,0,1,7,0,2,0,10,1.4833333333333334
能量信息,0,0,0,4,0,0,0,4,0.5
电磁波,0,0,0,11,1,0,0,12,1.6166666666666667
双曲余割函数,0,0,0,1,0,0,0,1,0.125
双曲余切,0,0,0,1,0,0,0,1,0.125
ec,0,0,0,1,0,0,0,1,0.125
概率,0,0,0,1,2,0,0,3,0.6083333333333334
瑞利衰落信道,0,0,0,1,2,1,0,4,0.85
双极化,0,0,0,1,2,1,0,4,0.85
反函数,0,0,0,1,0,0,0,1,0.125
q函数,0,0,0,1,0,0,0,1,0.125
近似误差,0,0,0,1,0,0,0,1,0.125
曲线,0,0,0,1,0,0,0,1,0.125
标准q函数,0,0,0,1,0,0,0,1,0.125
统计分布,0,0,0,1,0,0,0,1,0.125
总矢量长度,0,0,0,1,0,0,0,1,0.125
瞬态stokes子矢量,0,0,0,5,0,0,0,5,0.625
感知流,0,0,0,2,0,0,0,2,0.25
极化状态分布,0,0,0,1,0,0,0,1,0.125
噪声样本点,0,0,0,1,0,0,0,1,0.125
球面,0,0,0,1,0,0,0,1,0.125
发送极化状态,0,0,0,1,0,0,0,1,0.125
庞加莱球,0,0,0,2,0,0,0,2,0.25
接收信号样本,0,0,0,1,2,4,0,7,1.575
用户信号,0,0,0,3,0,0,0,3,0.375
授权,0,0,0,3,0,0,0,3,0.375
合成矢量长度,0,0,0,1,0,0,0,1,0.125
poincare球,0,0,0,2,0,0,0,2,0.25
矢量样本,0,0,0,1,0,0,0,1,0.125
rt-pv,0,0,0,1,0,0,0,1,0.125
检验统计量,0,0,0,4,3,1,0,8,1.4666666666666668
贝塞尔函数,0,0,0,1,0,0,0,1,0.125
正交双极化天线,0,0,0,1,0,0,0,1,0.125
流程,0,0,0,3,0,0,0,3,0.375
glrt-pv,0,0,0,2,1,0,0,3,0.4916666666666667
mle,0,0,0,2,0,3,0,5,0.975
检验函数,0,0,0,3,0,0,0,3,0.375
集中参数,0,0,0,1,0,0,0,1,0.125
平均方向,0,0,0,1,0,0,0,1,0.125
坐标变换,0,0,0,2,0,0,0,2,0.25
元素,0,0,0,2,0,0,0,2,0.25
矢量,0,0,0,2,0,0,0,2,0.25
集合平均,0,0,0,1,0,0,0,1,0.125
球坐标系,0,0,0,2,0,0,0,2,0.25
单位脉冲函数,0,0,0,1,0,0,0,1,0.125
poincare球面,0,0,0,1,0,0,0,1,0.125
实矢量,0,0,0,1,0,0,0,1,0.125
单位,0,0,0,1,0,0,0,1,0.125
平均,0,0,0,1,0,0,0,1,0.125
时间,0,0,1,5,2,0,0,8,1.2333333333333334
动态极化信息,0,0,0,1,0,0,0,1,0.125
时变电磁波,0,0,0,1,0,0,0,1,0.125
盲频谱感知算法,0,0,0,1,0,0,0,1,0.125
generalizedlikelihoodratiotest-polarizationvector,0,0,0,1,0,0,0,1,0.125
极化矢量频谱感知算法,0,0,0,1,0,0,0,1,0.125
方向特性,0,0,0,2,0,0,0,2,0.25
瞬态极化,0,0,0,1,0,0,0,1,0.125
极化信号处理技,0,0,0,1,0,0,0,1,0.125
接收端,0,0,3,7,8,1,0,19,3.425
最优感知算法,0,0,0,8,3,6,0,17,3.175
到达,0,0,0,0,2,0,0,2,0.48333333333333334
角信息,0,0,0,0,1,0,0,1,0.24166666666666667
空间,0,0,0,1,3,0,0,4,0.85
极化阵列天线,0,0,0,0,2,0,0,2,0.48333333333333334
先验信息,0,0,3,8,11,2,0,24,4.516666666666667
检验理论,0,0,0,1,1,0,0,2,0.3666666666666667
似然比,0,0,0,2,4,3,0,9,1.9416666666666667
广义,0,0,0,1,3,2,0,6,1.3333333333333333
能量,1,0,1,2,1,0,0,5,1.6166666666666667
偏转,0,0,1,0,1,0,0,2,0.3666666666666667
传播方向,0,0,0,0,1,0,0,1,0.24166666666666667
generalizedlikelihoo,0,0,0,1,0,0,0,1,0.125
信号秩,0,0,0,3,0,0,0,3,0.375
arithmetictogeometricmean,0,0,0,1,0,0,0,1,0.125
几何平均特征值感知,0,0,0,1,0,0,0,1,0.125
算术,0,0,0,1,0,0,0,1,0.125
energydetection,0,0,0,1,0,0,0,1,0.125
matchedfilter,0,0,0,1,0,0,0,1,0.125
匹配滤波器检测,0,0,0,1,0,0,0,1,0.125
空频谱感知算法,0,0,0,1,0,0,0,1,0.125
频域,0,0,1,2,0,0,0,3,0.375
时域,0,0,0,2,0,0,0,2,0.25
发射机信号,0,0,0,1,0,0,0,1,0.125
发射机,0,0,0,1,0,0,0,1,0.125
认知无线电系统,0,0,0,1,0,0,0,1,0.125
时、频,0,0,0,2,0,0,0,2,0.25
感知指标,0,0,0,1,1,0,0,2,0.3666666666666667
感知时长,0,0,0,2,2,0,0,4,0.7333333333333334
虚警概率,0,0,0,2,4,2,0,8,1.7
无线信号,0,0,0,1,1,0,0,2,0.3666666666666667
感知性能,0,0,0,9,7,10,0,26,5.233333333333333
仿真结,0,0,0,0,1,2,0,3,0.725
mf,0,0,0,4,0,0,0,4,0.5
pu信号,0,0,0,4,6,1,0,11,2.1916666666666664
匹配滤波器,0,0,1,4,0,0,0,5,0.625
cr系统,0,0,0,2,0,0,0,2,0.25
同步,0,0,0,1,0,0,0,1,0.125
pu发送端,0,0,0,2,0,2,0,4,0.7333333333333334
感知时间,0,0,0,1,0,0,0,1,0.125
样值,0,0,0,1,0,0,0,1,0.125
mf感知,0,0,0,1,0,0,0,1,0.125
高斯q函数,0,0,0,1,0,0,0,1,0.125
时域能量,0,0,0,1,0,0,0,1,0.125
噪声方差,0,0,1,11,5,3,0,20,3.4333333333333336
时域能量检测算法,0,0,0,1,0,0,0,1,0.125
大数定理,0,0,0,1,0,0,0,1,0.125
awgn信道,0,0,0,4,0,0,0,4,0.5
su接收信号样本,0,0,0,1,0,0,0,1,0.125
mymf,0,0,0,1,0,0,0,1,0.125
mf检验统计量,0,0,0,1,0,0,0,1,0.125
相干检测器,0,0,0,1,0,0,0,1,0.125
snr,0,0,0,1,1,2,0,4,0.85
电磁波信号,0,0,0,2,0,0,0,2,0.25
到达角矩阵,0,0,0,1,0,0,0,1,0.125
接收极化,0,0,0,1,0,0,0,1,0.125
矩阵,0,0,0,2,2,1,0,5,0.975
sinip,0,0,0,1,0,0,0,1,0.125
直角坐标系,0,0,0,1,0,0,0,1,0.125
坐标系,0,0,0,1,1,0,0,2,0.3666666666666667
极化分量,0,0,0,2,2,0,0,4,0.7333333333333334
右手坐标系,0,0,0,1,1,0,0,2,0.3666666666666667
单位矢量,0,0,0,2,1,0,0,3,0.4916666666666667
方向传播,0,0,0,1,0,0,0,1,0.125
tem电磁波信号,0,0,0,1,0,0,0,1,0.125
角度色散,0,0,0,1,0,0,0,1,0.125
散射环境,0,0,0,2,0,0,0,2,0.25
基站,0,0,0,1,0,0,0,1,0.125
终端,0,0,0,1,0,0,0,1,0.125
脉冲,0,0,0,0,0,3,0,3,0.725
极化感知算法,0,0,0,0,0,4,0,4,0.9666666666666667
超宽带系统,0,0,0,0,0,1,0,1,0.24166666666666667
噪声本质,0,0,0,0,0,1,0,1,0.24166666666666667
噪声信号,1,0,1,1,0,2,0,5,1.7333333333333334
因素,0,0,0,0,0,1,0,1,0.24166666666666667
噪声分布,0,0,0,0,0,2,0,2,0.48333333333333334
数据,0,0,1,2,1,3,0,7,1.3416666666666668
精度感知,0,0,0,0,0,1,0,1,0.24166666666666667
授权信号,1,0,2,11,1,2,0,17,3.35
极化域算法,0,0,0,0,0,1,0,1,0.24166666666666667
认知用户,0,0,0,0,0,1,0,1,0.24166666666666667
认知用户端,0,0,1,0,0,1,0,2,0.3666666666666667
广义似然比理论,0,0,0,0,0,1,0,1,0.24166666666666667
偏振状态,0,0,0,5,0,0,0,5,0.625
偏振,0,0,0,3,0,0,0,3,0.375
偏振复用,0,0,0,3,0,0,0,3,0.375
偏振相关损耗效应,0,0,0,2,0,0,0,2,0.25
去极化效应,0,0,0,2,0,0,0,2,0.25
光纤偏振效应,0,0,0,2,0,0,0,2,0.25
偏振解复用,0,0,0,2,0,0,0,2,0.25
偏振状态控制,0,0,0,2,0,0,0,2,0.25
正交性,0,0,0,3,0,0,0,3,0.375
偏振模色散,0,0,0,2,0,0,0,2,0.25
偏振相关损耗,0,0,0,2,0,0,0,2,0.25
补偿技术,0,0,0,1,0,0,0,1,0.125
均衡技术,0,0,0,1,0,0,0,1,0.125
偏振复用系统,0,0,0,1,0,0,0,1,0.125
偏正分量,0,0,0,1,0,0,0,1,0.125
光纤传输速度,0,0,0,1,0,0,0,1,0.125
极化模式色散,0,0,0,2,0,0,0,2,0.25
传输值,0,0,0,1,0,0,0,1,0.125
器件,0,0,0,1,0,0,0,1,0.125
光学器件,0,0,0,1,0,0,0,1,0.125
耦合器,0,0,0,1,0,0,0,1,0.125
隔离器,0,0,0,1,0,0,0,1,0.125
偏振膜色散,0,0,0,1,0,0,0,1,0.125
光域直接检测技术,0,0,0,1,0,0,0,1,0.125
损耗,0,0,0,1,0,0,0,1,0.125
相关性,0,0,1,1,0,0,0,2,0.25
系统性能,0,0,0,1,0,0,0,1,0.125
偏振模色散影响,0,0,0,1,0,0,0,1,0.125
相干检测,0,0,0,1,0,0,0,1,0.125
直接检测模式,0,0,0,1,0,0,0,1,0.125
光域,0,0,0,1,0,0,0,1,0.125
相干检测模式,0,0,0,1,0,0,0,1,0.125
电域,0,0,0,1,0,0,0,1,0.125
相位信息,0,0,1,1,0,0,0,2,0.25
信号幅值,0,0,0,1,0,0,0,1,0.125
偏振复用信号,0,0,0,1,0,0,0,1,0.125
高速全光纤偏振控制法,0,0,0,1,0,0,0,1,0.125
无端偏振控制法,0,0,0,1,0,0,0,1,0.125
电光晶体偏振控制法,0,0,0,1,0,0,0,1,0.125
法拉第旋转偏振状态控制法,0,0,0,1,0,0,0,1,0.125
偏振正交性,0,0,0,1,0,0,0,1,0.125
对抗技术,0,0,0,1,0,0,0,1,0.125
通信,0,0,1,2,0,0,0,3,0.375
速率,0,0,0,1,0,0,0,1,0.125
容量,0,0,0,1,0,0,0,1,0.125
长距离,0,0,0,1,0,0,0,1,0.125
同频光信号,0,0,0,1,0,0,0,1,0.125
矢量特性,0,0,0,1,1,0,0,2,0.3666666666666667
高速光通信系统,0,0,0,1,0,0,0,1,0.125
偏振现象,0,0,0,1,0,0,0,1,0.125
非线性偏振旋转,0,0,0,1,0,0,0,1,0.125
高速光通信,0,0,0,1,0,0,0,1,0.125
光纤传感技术,0,0,0,1,0,0,0,1,0.125
频段,0,0,4,0,0,0,0,4,0.5
频谱,0,0,3,6,0,0,0,9,1.125
无线通信系统,0,0,3,2,1,0,0,6,0.8666666666666667
时频空域,0,0,2,0,0,0,0,2,0.25
循环平稳特征,0,0,2,0,0,0,0,2,0.25
特征值,0,0,2,7,7,7,0,23,4.508333333333333
能量检测算法,0,0,2,1,0,0,0,3,0.375
噪声功率,0,0,2,3,0,4,0,9,1.5916666666666668
电磁设备,0,0,2,0,0,0,0,2,0.25
正交极化分量,0,0,1,3,0,1,0,5,0.7416666666666667
虚拟极化域,0,0,1,0,0,0,0,1,0.125
极化距离,0,0,1,1,0,0,0,2,0.25
最优频谱感知算法,0,0,2,0,1,0,0,3,0.4916666666666667
频谱检测,0,0,1,0,0,0,0,1,0.125
极化度,0,0,1,11,0,0,0,12,1.5
广义似然比检验算法,0,0,1,1,0,0,0,2,0.25
pu发射信息,0,0,1,0,0,0,0,1,0.125
接收端信号,0,0,1,0,0,0,0,1,0.125
接收回波,0,0,1,0,0,0,0,1,0.125
发射,0,0,1,0,0,0,0,1,0.125
极化检测技术,0,0,1,0,0,0,0,1,0.125
幅度,0,0,1,3,3,0,0,7,1.225
差异性感知授权信号,0,0,1,0,0,0,0,1,0.125
检测周期,0,0,1,0,0,0,0,1,0.125
循环平稳,0,0,1,0,0,0,0,1,0.125
对噪声,0,0,1,0,0,0,0,1,0.125
功率信息,0,0,1,0,0,0,0,1,0.125
加性高斯白噪声信道,0,0,1,0,0,0,0,1,0.125
己知信号,0,0,1,0,0,0,0,1,0.125
时频域,0,0,1,0,0,0,0,1,0.125
不间断检测,0,0,1,0,0,0,0,1,0.125
pu频段,0,0,1,0,0,0,0,1,0.125
自动检测,0,0,1,0,0,0,0,1,0.125
pu通信,0,0,1,4,0,0,0,5,0.625
认知无线电技术,0,0,1,0,0,0,0,1,0.125
有害干扰,0,0,1,0,0,0,0,1,0.125
secondaryuser,0,0,1,0,0,0,0,1,0.125
次用户,0,0,1,0,0,0,0,1,0.125
智能重用,0,0,1,0,0,0,0,1,0.125
授权频谱资源,0,0,1,0,0,0,0,1,0.125
频谱共享技术,0,0,1,0,0,0,0,1,0.125
cognitiverad,0,0,1,0,0,0,0,1,0.125
应用服务,0,0,1,0,0,0,0,1,0.125
lcommunic,0,0,1,0,0,0,0,1,0.125
fed,0,0,1,0,0,0,0,1,0.125
联邦通信委员,0,0,1,0,0,0,0,1,0.125
业务,0,0,1,0,0,0,0,1,0.125
静态分配,0,0,1,0,0,0,0,1,0.125
授权频段,0,0,1,1,0,0,0,2,0.25
primaryuser,0,0,1,0,0,0,0,1,0.125
无线通信服务性能,0,0,1,0,0,0,0,1,0.125
互联网业务,0,0,1,0,0,0,0,1,0.125
视频,0,0,1,0,0,0,0,1,0.125
文本,0,0,1,0,0,0,0,1,0.125
通话,0,0,1,0,0,0,0,1,0.125
极化阵列,0,0,0,0,8,2,0,10,2.4166666666666665
噪声不确定度,0,0,0,2,2,0,0,4,0.7333333333333334
仿真,0,0,2,0,3,2,0,7,1.4583333333333333
信道相关性,0,0,0,0,1,1,0,2,0.48333333333333334
对数,0,0,0,3,6,10,0,19,4.241666666666667
sus接收端,0,0,0,0,1,0,0,1,0.24166666666666667
pus发送端,0,0,0,0,1,0,0,1,0.24166666666666667
非视距微微蜂窝,0,0,0,0,1,0,0,1,0.24166666666666667
dop算法,0,0,0,5,5,5,0,15,3.0416666666666665
agm算法,0,0,0,7,10,3,0,20,4.016666666666667
多天线,0,0,0,1,1,3,0,5,1.0916666666666668
仿真参数,0,0,0,0,1,0,0,1,0.24166666666666667
估计量,0,0,0,3,6,2,0,11,2.3083333333333336
未知量,0,0,0,0,6,5,0,11,2.658333333333333
似然函数,0,0,1,4,4,6,0,15,3.0416666666666665
似然比函数,0,0,0,1,3,4,0,8,1.8166666666666667
特征,0,0,0,0,2,0,0,2,0.48333333333333334
似然估计检测,0,0,0,0,2,0,0,2,0.48333333333333334
判决门限,0,0,0,3,2,0,0,5,0.8583333333333334
ml估计,0,0,0,0,2,1,0,3,0.725
化血,0,0,0,0,2,0,0,2,0.48333333333333334
接收样本,0,0,0,0,2,1,0,3,0.725
阵元,0,0,0,0,3,0,0,3,0.725
阵列,0,0,0,0,2,0,0,2,0.48333333333333334
移动通信系统,0,0,0,0,2,0,0,2,0.48333333333333334
asmled算法,0,0,0,0,2,0,0,2,0.48333333333333334
ma,0,0,0,0,1,0,0,1,0.24166666666666667
hoo,0,0,0,0,1,0,0,1,0.24166666666666667
maximumlike,0,0,0,0,1,0,0,1,0.24166666666666667
al,0,0,0,0,1,0,0,1,0.24166666666666667
angleofarrival,0,0,0,0,1,0,0,1,0.24166666666666667
到达角-信号,0,0,0,0,1,0,0,1,0.24166666666666667
yasm,0,0,0,0,1,0,0,1,0.24166666666666667
孩险,0,0,0,0,1,0,0,1,0.24166666666666667
ml估计量,0,0,0,0,1,0,0,1,0.24166666666666667
风瓦,0,0,0,0,1,0,0,1,0.24166666666666667
験犯,0,0,0,0,1,0,0,1,0.24166666666666667
訪岛网,0,0,0,0,1,0,0,1,0.24166666666666667
孔血,0,0,0,0,1,0,0,1,0.24166666666666667
穌员,0,0,0,0,1,0,0,1,0.24166666666666667
风阮,0,0,0,0,1,0,0,1,0.24166666666666667
风电,0,0,0,0,1,0,0,1,0.24166666666666667
aw血,0,0,0,0,1,0,0,1,0.24166666666666667
灰宁,0,0,0,0,1,0,0,1,0.24166666666666667
检验算法,0,0,0,0,1,1,0,2,0.48333333333333334
amled算法,0,0,0,0,2,0,0,2,0.48333333333333334
oamled算法,0,0,0,0,1,0,0,1,0.24166666666666667
ke,0,0,0,1,1,0,0,2,0.3666666666666667
imum,0,0,0,0,1,0,0,1,0.24166666666666667
arrival,0,0,0,0,2,0,0,2,0.48333333333333334
zu,0,0,0,0,1,0,0,1,0.24166666666666667
中码,0,0,0,0,1,0,0,1,0.24166666666666667
达角矩阵,0,0,0,0,1,0,0,1,0.24166666666666667
矩阵七,0,0,0,0,1,0,0,1,0.24166666666666667
特征向量,0,0,0,0,1,2,0,3,0.725
最优估计量,0,0,0,0,1,0,0,1,0.24166666666666667
kkt,0,0,0,0,1,0,0,1,0.24166666666666667
maxinpgm,0,0,0,0,1,0,0,1,0.24166666666666667
约束条件,0,0,0,0,1,0,0,1,0.24166666666666667
rw瓦,0,0,0,0,1,1,0,2,0.48333333333333334
样本协方差矩阵,0,0,0,1,1,0,0,2,0.3666666666666667
估计值,0,0,0,0,3,1,0,4,0.9666666666666667
lnp,0,0,0,2,1,0,0,3,0.4916666666666667
判决统计量,0,0,0,2,1,0,0,3,0.4916666666666667
用户,0,0,0,0,1,0,0,1,0.24166666666666667
glrt算法,0,0,0,3,1,0,0,4,0.6166666666666667
glrt检验,0,0,0,0,1,0,0,1,0.24166666666666667
未知参量,0,0,0,0,1,0,0,1,0.24166666666666667
睡曙,0,0,0,0,1,0,0,1,0.24166666666666667
估计准则,0,0,0,0,1,0,0,1,0.24166666666666667
maximumlikelihoo,0,0,0,0,1,0,0,1,0.24166666666666667
似然,0,0,0,1,1,0,0,2,0.3666666666666667
检测器,0,0,0,0,1,0,0,1,0.24166666666666667
似然比检验算法,0,0,0,0,1,0,0,1,0.24166666666666667
准则,0,0,0,1,1,0,0,2,0.3666666666666667
瑞利信道,0,0,0,0,1,0,0,1,0.24166666666666667
江广电,0,0,0,0,1,0,0,1,0.24166666666666667
xexp,0,0,0,0,1,0,0,1,0.24166666666666667
nxexp,0,0,0,0,1,0,0,1,0.24166666666666667
风蓦,0,0,0,0,1,0,0,1,0.24166666666666667
七电,0,0,0,0,1,0,0,1,0.24166666666666667
lqpsy,0,0,0,0,1,0,0,1,0.24166666666666667
乱可,0,0,0,0,1,0,0,1,0.24166666666666667
qsiqs,0,0,0,0,1,0,0,1,0.24166666666666667
系数,0,0,0,0,1,0,0,1,0.24166666666666667
发送,0,0,0,0,1,0,0,1,0.24166666666666667
信道隔离度,0,0,0,0,1,0,0,1,0.24166666666666667
信道建模,0,0,0,0,1,0,0,1,0.24166666666666667
交叉极化,0,0,0,0,1,0,0,1,0.24166666666666667
cpr,0,0,0,0,1,0,0,1,0.24166666666666667
共极化,0,0,0,0,1,0,0,1,0.24166666666666667
相关系数,0,0,0,0,1,0,0,1,0.24166666666666667
去极化参数,0,0,0,0,1,0,0,1,0.24166666666666667
su发送信号,0,0,0,0,1,0,0,1,0.24166666666666667
pu接收信号,0,0,0,0,1,0,0,1,0.24166666666666667
分闭,0,0,0,0,1,0,0,1,0.24166666666666667
单位矩阵,0,0,0,0,1,0,0,1,0.24166666666666667
乙阶,0,0,0,0,1,0,0,1,0.24166666666666667
样速率,0,0,0,0,1,0,0,1,0.24166666666666667
同分布高斯白噪声,0,0,0,0,1,0,0,1,0.24166666666666667
二元假设模型,0,0,0,0,1,1,0,2,0.48333333333333334
大口径传播时间,0,0,0,0,1,0,0,1,0.24166666666666667
波跨阵列,0,0,0,0,1,0,0,1,0.24166666666666667
带宽,0,0,0,0,1,0,0,1,0.24166666666666667
反极化相关系数,0,0,0,0,1,0,0,1,0.24166666666666667
主极化相关系数,0,0,0,0,1,0,0,1,0.24166666666666667
去极化信道,0,0,0,0,1,1,0,2,0.48333333333333334
极化隔离度,0,0,0,0,1,0,0,1,0.24166666666666667
垂直支路,0,0,0,0,2,0,0,2,0.48333333333333334
水平,0,0,0,2,2,0,0,4,0.7333333333333334
天线阵列技,0,0,0,0,1,0,0,1,0.24166666666666667
天线阵列尺寸,0,0,0,0,1,0,0,1,0.24166666666666667
极化多址能力,0,0,0,0,1,0,0,1,0.24166666666666667
系统分辨能力,0,0,0,0,1,0,0,1,0.24166666666666667
检测能力,0,0,0,0,1,0,0,1,0.24166666666666667
抗干扰能力,0,0,0,0,1,0,0,1,0.24166666666666667
单极化天线,0,0,0,0,1,0,0,1,0.24166666666666667
极化阵元,0,0,0,0,1,0,0,1,0.24166666666666667
空域,0,0,0,1,1,0,0,2,0.3666666666666667
阵列几何结构,0,0,0,0,1,0,0,1,0.24166666666666667
频谱效率,0,0,0,0,1,0,0,1,0.24166666666666667
系统容量,0,0,0,0,1,0,0,1,0.24166666666666667
数据速率,0,0,0,0,1,0,0,1,0.24166666666666667
多径衰落,0,0,0,0,1,0,0,1,0.24166666666666667
天线阵列,0,0,0,0,1,0,0,1,0.24166666666666667
频带资源,0,0,0,0,1,0,0,1,0.24166666666666667
移动通信环境,0,0,0,0,1,0,0,1,0.24166666666666667
通信技术,0,0,0,0,1,0,0,1,0.24166666666666667
通信业务,0,0,0,0,1,0,0,1,0.24166666666666667
通信事业,0,0,0,0,1,0,0,1,0.24166666666666667
paed算法,0,0,0,0,15,8,0,23,5.558333333333334
cnki,0,0,0,0,1,1,0,2,0.48333333333333334
车载终端,0,0,0,0,1,0,0,1,0.24166666666666667
agm,0,0,0,2,5,0,0,7,1.4583333333333333
不受噪声,0,0,0,0,1,0,0,1,0.24166666666666667
全盲极化域,0,0,0,0,1,0,0,1,0.24166666666666667
glrt准则,0,0,0,0,1,0,0,1,0.24166666666666667
信号接收,0,0,0,0,2,0,0,2,0.48333333333333334
paed,0,0,0,0,5,4,0,9,2.175
dop,0,0,0,0,4,0,0,4,0.9666666666666667
asmled,0,0,0,0,3,0,0,3,0.725
性能指标,0,0,0,1,1,0,0,2,0.3666666666666667
paed感知算法,0,0,0,0,1,0,0,1,0.24166666666666667
oo,0,0,0,0,1,0,0,1,0.24166666666666667
到达角信息,0,0,0,0,2,0,0,2,0.48333333333333334
agm感知算法,0,0,0,2,1,0,0,3,0.4916666666666667
来波信号,0,0,0,0,1,1,0,2,0.48333333333333334
抗噪声不确定度特性,0,0,0,0,1,0,0,1,0.24166666666666667
噪声方,0,0,0,0,1,1,0,2,0.48333333333333334
ed,0,0,0,0,1,1,0,2,0.48333333333333334
盲感知,0,0,0,0,1,0,0,1,0.24166666666666667
amled,0,0,0,0,2,0,0,2,0.48333333333333334
多天线ed算法,0,0,0,0,1,0,0,1,0.24166666666666667
ed算法,0,0,0,1,1,0,0,2,0.3666666666666667
dqp,0,0,0,0,1,0,0,1,0.24166666666666667
jones矢量,0,0,0,6,3,0,0,9,1.475
stokes参数,0,0,0,4,0,0,0,4,0.5
相位差,0,0,0,4,0,0,0,4,0.5
振幅,0,0,0,3,0,0,0,3,0.375
相位描述子,0,0,0,2,0,0,0,2,0.25
列矢量,0,0,0,2,0,0,0,2,0.25
极化波,0,0,0,7,0,0,0,7,0.875
幅度比,0,0,0,2,0,0,0,2,0.25
极化基,0,0,0,2,0,0,0,2,0.25
幅角主值算,0,0,0,1,0,0,0,1,0.125
atg2,0,0,0,1,0,0,0,1,0.125
矢量参数,0,0,0,1,0,0,0,1,0.125
stokes矢量参数,0,0,0,1,0,0,0,1,0.125
极化表征,0,0,0,1,0,0,0,1,0.125
半径,0,0,0,1,0,0,0,1,0.125
笛卡尔坐标系,0,0,0,1,0,0,0,1,0.125
实数,0,0,0,1,0,0,0,1,0.125
电场,0,0,0,1,0,0,0,1,0.125
准单色光,0,0,0,1,0,0,0,1,0.125
正交场分量,0,0,0,1,0,0,0,1,0.125
线极化比,0,0,0,1,0,0,0,1,0.125
相位,0,0,0,2,3,0,0,5,0.975
公因子,0,0,0,1,0,0,0,1,0.125
提取,0,0,0,1,0,0,0,1,0.125
旧泌加,0,0,0,1,0,0,0,1,0.125
来波,0,0,0,1,0,1,0,2,0.3666666666666667
二维矢量,0,0,0,1,0,0,0,1,0.125
正交极化基,0,0,0,1,0,0,0,1,0.125
horizontal,0,0,0,1,0,0,0,1,0.125
垂直,0,0,0,1,0,0,0,1,0.125
频率,0,0,0,1,0,0,0,1,0.125
电磁波极化理论,0,0,0,2,0,0,0,2,0.25
经典,0,0,0,1,0,0,0,1,0.125
误检概率,0,0,0,1,0,0,0,1,0.125
无线麦克风信号,0,0,0,2,0,0,0,2,0.25
数字电视信号,0,0,0,2,0,0,0,2,0.25
模拟电视信号,0,0,0,2,0,0,0,2,0.25
频谱感知性能指标,0,0,0,1,0,0,0,1,0.125
可靠性,0,0,0,1,0,0,0,1,0.125
感知速度,0,0,0,1,0,0,0,1,0.125
实时感知,0,0,0,1,0,0,0,1,0.125
认知,0,0,1,1,0,0,0,2,0.25
动态频谱接入,0,0,0,1,0,0,0,1,0.125
rank-p感知算法,0,0,0,7,0,0,0,7,0.875
rank-p,0,0,0,3,0,0,0,3,0.375
信号空间,0,0,0,1,0,0,0,1,0.125
glrt感知算法,0,0,0,1,0,0,0,1,0.125
小样本,0,0,1,1,0,0,0,2,0.25
噪声方差估计量,0,0,0,1,0,0,0,1,0.125
信息,0,0,0,3,0,1,0,4,0.6166666666666667
glrt检测器,0,0,0,1,0,0,0,1,0.125
pl,0,0,0,1,0,0,0,1,0.125
4glrt,0,0,0,1,0,0,0,1,0.125
线性变换,0,0,0,1,1,0,0,2,0.3666666666666667
特征矩阵,0,0,0,1,0,2,0,3,0.6083333333333334
接收样本协方差矩阵,0,0,0,1,0,0,0,1,0.125
导令导数,0,0,0,1,0,0,0,1,0.125
diag,0,0,0,1,0,0,0,1,0.125
无矽,0,0,0,1,0,0,0,1,0.125
熟附虹,0,0,0,1,0,0,0,1,0.125
平稳衰落信道,0,0,0,1,0,0,0,1,0.125
xp,0,0,0,1,0,0,0,1,0.125
gaussian信号,0,0,0,1,0,0,0,1,0.125
零均值,0,0,0,1,0,0,0,1,0.125
ofdm调制,0,0,0,1,0,0,0,1,0.125
天线数,0,0,0,1,0,0,0,1,0.125
结构,0,0,0,1,0,0,0,1,0.125
rank-p频谱感知算法,0,0,0,1,0,0,0,1,0.125
glrt准,0,0,0,1,0,0,0,1,0.125
probability,0,0,0,3,0,0,0,3,0.375
虚警错误,0,0,0,3,0,0,0,3,0.375
漏检错误,0,0,0,2,0,0,0,2,0.25
二元感知模型,0,0,0,2,0,0,0,2,0.25
奈曼,0,0,0,2,0,0,0,2,0.25
约束条,0,0,0,1,0,0,0,1,0.125
pearson,0,0,0,1,0,0,0,1,0.125
neyman,0,0,0,1,0,0,0,1,0.125
极限,0,0,0,1,0,0,0,1,0.125
资源浪费,0,0,0,1,0,0,0,1,0.125
snr曲线,0,0,0,1,0,0,0,1,0.125
恒虚警,0,0,0,2,0,0,0,2,0.25
detection,0,0,0,1,0,0,0,1,0.125
receiveroperationcharacteristic,0,0,0,1,0,0,0,1,0.125
操作特性曲线,0,0,0,1,0,0,0,1,0.125
sn,0,0,0,1,1,0,0,2,0.3666666666666667
signaltonoiserat,0,0,0,1,0,0,0,1,0.125
感知错误概率,0,0,0,1,0,0,0,1,0.125
mi,0,0,0,1,0,0,0,1,0.125
漏检概率,0,0,0,1,0,0,0,1,0.125
感知错误,0,0,0,1,0,0,0,1,0.125
门限值,0,0,0,2,0,0,0,2,0.25
数理统计,0,0,0,1,0,0,0,1,0.125
频谱感知过程,0,0,0,1,0,0,0,1,0.125
小耳,0,0,0,1,0,0,0,1,0.125
snridb,0,0,0,1,0,0,0,1,0.125
itivi,0,0,0,1,0,0,0,1,0.125
检测参数,0,0,0,1,0,0,0,1,0.125
additivewhitegaussnoise,0,0,0,1,0,0,0,1,0.125
加性高斯白噪声,0,0,0,1,1,0,0,2,0.3666666666666667
cr频谱感知模型,0,0,0,1,0,0,0,1,0.125
频谱占用,1,0,0,1,0,0,0,2,1.125
可用频谱空穴,0,0,0,1,0,0,0,1,0.125
hd感知算法,0,0,0,0,0,2,0,2,0.48333333333333334
极化域盲感知算法,1,0,0,1,0,3,0,5,1.85
导数,0,0,0,2,1,3,0,6,1.2166666666666668
噪声极化特性,0,0,0,0,0,1,0,1,0.24166666666666667
hadamarddetector,0,0,0,0,0,1,0,1,0.24166666666666667
hadamard检测器,0,0,0,0,0,1,0,1,0.24166666666666667
mar,0,0,0,0,0,1,0,1,0.24166666666666667
ha,0,0,0,0,0,1,0,1,0.24166666666666667
电反,0,0,0,0,0,1,0,1,0.24166666666666667
hd,0,0,0,0,0,1,0,1,0.24166666666666667
极化广义,0,0,0,0,0,1,0,1,0.24166666666666667
和寸,0,0,0,0,0,1,0,1,0.24166666666666667
主对角线元素,0,0,0,0,0,2,0,2,0.48333333333333334
似然估计值,0,0,0,0,0,1,0,1,0.24166666666666667
对角阵,0,0,0,0,0,3,0,3,0.725
对角线元素,0,0,0,0,0,2,0,2,0.48333333333333334
噪声协方差矩阵,0,0,0,0,0,4,0,4,0.9666666666666667
np,0,0,0,0,0,1,0,1,0.24166666666666667
极化盲感知算法,0,0,0,2,0,2,0,4,0.7333333333333334
达角算法,0,0,0,0,0,1,0,1,0.24166666666666667
预白化理论,0,0,0,0,0,1,0,1,0.24166666666666667
极化分集,0,0,0,9,0,0,0,9,1.125
极化复用,0,0,0,4,0,0,0,4,0.5
空间分集,0,0,0,3,0,0,0,3,0.375
极化复用增益,0,0,0,2,0,0,0,2,0.25
视距信道,0,0,0,2,0,0,0,2,0.25
衰落效应,0,0,0,2,0,0,0,2,0.25
分集技术,0,0,0,2,0,0,0,2,0.25
效应,0,0,0,1,0,0,0,1,0.125
modedispersion,0,0,0,1,0,0,0,1,0.125
polarization,0,0,2,1,1,1,0,5,0.8583333333333334
极化最优频谱感知算法,0,0,0,1,0,0,0,1,0.125
瞬时特性,0,0,0,2,0,0,0,2,0.25
极化感知,0,0,0,1,0,0,0,1,0.125
极化噪声,0,0,0,1,0,0,0,1,0.125
pmd效应,0,0,0,1,0,0,0,1,0.125
无线电网络,0,0,0,1,0,0,0,1,0.125
户干扰,0,0,0,1,0,0,0,1,0.125
迫零算法,0,0,0,1,0,0,0,1,0.125
干扰对齐算法,0,0,0,1,0,0,0,1,0.125
正交信道,0,0,0,1,0,0,0,1,0.125
极化复用光通信,0,0,0,1,0,0,0,1,0.125
模式分集,0,0,0,1,0,0,0,1,0.125
信道容量,0,0,0,1,0,0,0,1,0.125
系统,0,0,0,1,0,0,0,1,0.125
分集增益,0,0,0,1,0,0,0,1,0.125
反射系数,0,0,0,1,0,0,0,1,0.125
水平垂直极化,0,0,0,1,0,0,0,1,0.125
垂直极化,0,0,0,1,0,0,0,1,0.125
分集,0,0,0,1,0,0,0,1,0.125
垂直极化路径,0,0,0,1,0,0,0,1,0.125
水平极化,0,0,0,1,0,0,0,1,0.125
频率分集,0,0,0,1,0,0,0,1,0.125
时间分集,0,0,0,1,0,0,0,1,0.125
信道衰落,0,0,0,1,0,0,0,1,0.125
衰落信号,0,0,0,1,0,0,0,1,0.125
分散传输技术,0,0,0,1,0,0,0,1,0.125
无线通信质量,0,0,0,1,0,0,0,1,0.125
可补偿信道,0,0,0,1,0,0,0,1,0.125
集中处,0,0,0,1,0,0,0,1,0.125
分散传输,0,0,0,1,0,0,0,1,0.125
无线电波,0,0,0,1,0,0,0,1,0.125
ld感知算法,0,0,0,0,0,1,0,1,0.24166666666666667
laplacenoisedetection,0,0,0,0,0,1,0,1,0.24166666666666667
角特征值,0,0,0,0,0,2,0,2,0.48333333333333334
拉普拉斯,0,0,0,0,0,1,0,1,0.24166666666666667
sylvester方程,0,0,0,0,0,1,0,1,0.24166666666666667
初等矩阵,0,0,0,0,0,1,0,1,0.24166666666666667
x2jx21,0,0,0,0,0,1,0,1,0.24166666666666667
非零特征值,0,0,0,0,0,1,0,1,0.24166666666666667
tracy-wisdom,0,0,0,2,0,0,0,2,0.25
dop感知算法,0,0,0,4,0,0,0,4,0.5
完全极化波,0,0,0,2,2,0,0,4,0.7333333333333334
pkgux,0,0,0,1,0,0,0,1,0.125
累积概率分布,0,0,0,1,0,0,0,1,0.125
一阶分布,0,0,0,1,0,0,0,1,0.125
tracy-widom分布数,0,0,0,1,0,0,0,1,0.125
部芒辭,0,0,0,1,0,0,0,1,0.125
门限坊,0,0,0,1,0,0,0,1,0.125
性能分,0,0,0,1,0,0,0,1,0.125
随机矩阵理论,0,0,0,1,0,0,0,1,0.125
极化度表达式,0,0,0,1,0,0,0,1,0.125
pd单调递增,0,0,0,2,0,0,0,2,0.25
化简,0,0,0,1,0,0,0,1,0.125
对数似然函数,0,0,0,1,1,0,0,2,0.3666666666666667
可得氏,0,0,0,1,0,0,0,1,0.125
似然估计,0,0,0,1,1,0,0,2,0.3666666666666667
自由度,0,0,0,2,0,0,0,2,0.25
tdop,0,0,0,1,0,0,0,1,0.125
未极化波,0,0,0,1,0,0,0,1,0.125
极化波极化程度,0,0,0,1,0,0,0,1,0.125
pup,0,0,0,1,0,0,0,1,0.125
pcp,0,0,0,1,0,0,0,1,0.125
rj-4oer,0,0,0,1,0,0,0,1,0.125
ppph,0,0,0,1,0,0,0,1,0.125
pcppph,0,0,0,1,0,0,0,1,0.125
剂鬼,0,0,0,1,0,0,0,1,0.125
时域波形信号,0,0,0,1,0,0,0,1,0.125
巧勾,0,0,0,1,0,0,0,1,0.125
次极化矢量,0,0,0,1,0,0,0,1,0.125
特征矢量,0,0,0,1,0,0,0,1,0.125
均巧巧,0,0,0,1,0,0,0,1,0.125
分解,0,0,0,1,0,0,0,1,0.125
相干矩阵,0,0,0,1,0,0,0,1,0.125
总能量,0,0,0,1,0,0,0,1,0.125
全极化波能量,0,0,0,1,0,0,0,1,0.125
pw-glrt算法,0,0,0,0,0,11,0,11,2.658333333333333
pw-pae,0,0,0,0,0,5,0,5,1.2083333333333333
pw-pa,0,0,0,0,0,3,0,3,0.725
多天线感知算法,0,0,0,0,0,2,0,2,0.48333333333333334
pw-pa算法,0,0,0,0,0,3,0,3,0.725
idealnoise,0,0,0,0,0,2,0,2,0.48333333333333334
pw-glrt,0,0,0,0,0,3,0,3,0.725
idb,0,0,0,0,0,1,0,1,0.24166666666666667
hadamard,0,0,0,0,0,1,0,1,0.24166666666666667
pa-pae算法,0,0,0,0,0,1,0,1,0.24166666666666667
hadamard比算法,0,0,0,0,0,1,0,1,0.24166666666666667
理想高斯噪声,0,0,0,0,0,1,0,1,0.24166666666666667
non,0,0,0,0,0,1,0,1,0.24166666666666667
su接收端极化阵列,0,0,0,0,0,2,0,2,0.48333333333333334
微微蜂窝,0,0,0,0,0,1,0,1,0.24166666666666667
nlo,0,0,0,0,0,1,0,1,0.24166666666666667
非视距,0,0,0,0,0,1,0,1,0.24166666666666667
算法,0,0,1,0,0,1,0,2,0.3666666666666667
pw-pa感知算法,0,0,0,0,0,2,0,2,0.48333333333333334
pw,0,0,0,0,0,2,0,2,0.48333333333333334
接收端滤波器,0,0,1,0,0,1,0,2,0.3666666666666667
常数,0,0,0,0,1,1,0,2,0.48333333333333334
单调变换,0,0,0,0,0,1,0,1,0.24166666666666667
pw-glrt检测器,0,0,0,0,0,1,0,1,0.24166666666666667
tection,0,0,0,0,0,1,0,1,0.24166666666666667
value,0,0,0,0,0,1,0,1,0.24166666666666667
简化表达式,0,0,0,0,0,1,0,1,0.24166666666666667
ypw-pa,0,0,0,0,0,1,0,1,0.24166666666666667
tpw-pa,0,0,0,0,0,1,0,1,0.24166666666666667
rws2,0,0,0,0,0,1,0,1,0.24166666666666667
矩阵取逆运算,0,0,0,0,0,1,0,1,0.24166666666666667
矩阵乘法运算,0,0,0,0,0,1,0,1,0.24166666666666667
协防差矩阵,0,0,0,0,0,1,0,1,0.24166666666666667
val,0,0,2,0,0,1,0,3,0.4916666666666667
anda,0,0,0,0,0,1,0,1,0.24166666666666667
dpolarization,0,0,0,0,0,1,0,1,0.24166666666666667
whitening,0,0,0,0,0,1,0,1,0.24166666666666667
极化到达,0,0,0,0,0,1,0,1,0.24166666666666667
ud,0,0,0,0,0,1,0,1,0.24166666666666667
in,0,0,0,0,0,1,0,1,0.24166666666666667
耳血,0,0,0,0,0,1,0,1,0.24166666666666667
ml估计值,0,0,0,0,0,1,0,1,0.24166666666666667
pxum,0,0,0,0,0,1,0,1,0.24166666666666667
72,0,0,0,0,0,1,0,1,0.24166666666666667
中商,0,0,0,0,0,1,0,1,0.24166666666666667
求解,0,0,0,0,0,1,0,1,0.24166666666666667
x2,0,0,0,0,0,1,0,1,0.24166666666666667
优感知算法,0,0,0,1,0,1,0,2,0.3666666666666667
表征单位,0,0,0,0,0,1,0,1,0.24166666666666667
预白化矩阵,0,0,0,0,0,1,0,1,0.24166666666666667
无血,0,0,0,0,0,1,0,1,0.24166666666666667
噪声方差矩阵,0,0,0,0,0,2,0,2,0.48333333333333334
分布,0,0,0,3,0,1,0,4,0.6166666666666667
接收信噪比,0,0,0,3,3,0,0,6,1.1
均值,0,0,0,2,0,2,0,4,0.7333333333333334
抗噪声,0,0,0,1,0,0,0,1,0.125
非高斯白噪声,0,0,0,1,0,0,0,1,0.125
无法分辨信号,0,0,0,1,0,0,0,1,0.125
工间司川,0,0,0,1,0,0,0,1,0.125
滤波器检测器,0,0,0,1,0,0,0,1,0.125
pct,0,0,0,1,0,0,0,1,0.125
波动范围,0,0,0,1,0,0,0,1,0.125
ed感知性能,0,0,0,1,0,0,0,1,0.125
波动,0,0,0,1,0,0,0,1,0.125
gaussian分布,0,0,0,1,0,0,0,1,0.125
噪声服,0,0,0,1,0,0,0,1,0.125
函数,0,0,0,2,0,0,0,2,0.25
广义马尔科夫,0,0,0,1,0,0,0,1,0.125
％分布,0,0,0,1,0,0,0,1,0.125
非中心％分布,0,0,0,1,0,0,0,1,0.125
非中心,0,0,0,1,0,0,0,1,0.125
中心,0,0,0,1,0,0,0,1,0.125
样本平方,0,0,0,1,0,0,0,1,0.125
ed检验统计量,0,0,0,1,0,0,0,1,0.125
非零均值,0,0,0,1,0,0,0,1,0.125
中心卡方分布,0,0,0,1,0,0,0,1,0.125
服从,0,0,0,1,0,0,0,1,0.125
接收端天线数,0,0,0,1,0,0,0,1,0.125
多路,0,0,0,1,0,0,0,1,0.125
带通滤波器,0,0,0,1,0,0,0,1,0.125
su接收信号,0,0,0,0,3,1,0,4,0.9666666666666667
sw2l,0,0,0,0,0,1,0,1,0.24166666666666667
方差矩阵,0,0,0,0,0,1,0,1,0.24166666666666667
屏月兌,0,0,0,0,0,1,0,1,0.24166666666666667
功率不平衡高斯噪声,0,0,0,0,0,1,0,1,0.24166666666666667
glrt-isv算法,0,0,0,7,0,0,0,7,0.875
强度信息,0,0,0,4,0,0,0,4,0.5
glrt-isv,0,0,0,2,0,0,0,2,0.25
平均瞬态,0,0,0,2,0,0,0,2,0.25
接收极化信号,0,0,0,1,0,0,0,1,0.125
接收噪声,0,0,0,1,0,0,0,1,0.125
传播,0,0,0,1,0,0,0,1,0.125
维度,1,0,0,1,0,0,0,2,1.125
矢量极化特性,0,0,0,1,0,0,0,1,0.125
瞬态信息,0,0,0,1,0,0,0,1,0.125
信号极化信息,0,0,0,1,0,0,0,1,0.125
瞬态特性,0,0,0,1,0,0,0,1,0.125
tglrttsv,0,0,0,1,0,0,0,1,0.125
e腿,0,0,0,1,0,0,0,1,0.125
lrt-isv,0,0,0,1,0,0,0,1,0.125
先验知识,0,0,0,1,0,0,0,1,0.125
信号矢量,0,0,0,1,0,0,0,1,0.125
广义似然,0,0,0,1,0,0,0,1,0.125
腿间,0,0,0,1,0,0,0,1,0.125
验统计量,0,0,0,1,0,0,0,1,0.125
glrfisv算法,0,0,0,1,0,0,0,1,0.125
isv-m,0,0,0,1,0,0,0,1,0.125
坐标,0,0,0,1,0,0,0,1,0.125
poincare,0,0,0,1,0,0,0,1,0.125
平均stokes子矢量,0,0,0,1,0,0,0,1,0.125
长度,0,0,0,1,0,0,0,1,0.125
平均功率,0,0,0,1,0,0,0,1,0.125
isv,0,0,0,1,0,0,0,1,0.125
stokesvector,0,0,0,1,0,0,0,1,0.125
instantaneous,0,0,0,1,0,0,0,1,0.125
generalizedlikelihoodratiotest-,0,0,0,1,0,0,0,1,0.125
瞬态stokes矢量,0,0,0,1,0,0,0,1,0.125
能量特性,0,0,0,1,0,0,0,1,0.125
信息论,0,0,0,1,0,0,0,1,0.125
电磁信号,0,0,0,1,0,0,0,1,0.125
agm检测器,0,0,0,0,1,0,0,1,0.24166666666666667
几何平均值,0,0,0,0,1,0,0,1,0.24166666666666667
算数平均值,0,0,0,0,1,0,0,1,0.24166666666666667
ction,0,0,0,0,1,0,0,1,0.24166666666666667
genvalue,0,0,0,0,1,0,0,1,0.24166666666666667
angleof,0,0,0,0,1,0,0,1,0.24166666666666667
到达角特征值检测算法,0,0,0,0,1,0,0,1,0.24166666666666667
全盲,0,0,0,0,1,0,0,1,0.24166666666666667
信道检测时长,0,0,0,0,1,0,0,1,0.24166666666666667
性能参数信号,0,0,0,0,1,0,0,1,0.24166666666666667
频谱感知性能指,0,0,0,0,1,0,0,1,0.24166666666666667
布口,0,0,0,0,1,0,0,1,0.24166666666666667
wa,0,0,0,0,1,0,0,1,0.24166666666666667
全盲感知算法,0,0,0,2,0,0,0,2,0.25
续极化域,0,0,0,1,0,0,0,1,0.125
传统极化理论,0,0,0,1,0,0,0,1,0.125
光纤通信,0,0,0,2,0,0,0,2,0.25
空域特征,0,0,0,1,0,0,0,1,0.125
信号度标量特征,0,0,0,1,0,0,0,1,0.125
频谱频谱算法,0,0,0,1,0,0,0,1,0.125
阶数,0,0,0,2,0,0,0,2,0.25
结构特性,0,0,0,1,0,0,0,1,0.125
矩阵阶数,0,0,0,1,0,0,0,1,0.125
噪声先验信息,0,0,0,2,0,0,0,2,0.25
经典感知算法,0,0,0,1,0,0,0,1,0.125
感知场,0,0,0,1,0,0,0,1,0.125
矢量端点,0,0,0,2,0,0,0,2,0.25
椭圆,0,0,0,1,0,0,0,1,0.125
传播截面,0,0,0,1,0,0,0,1,0.125
简谐平面波电场,0,0,0,1,0,0,0,1,0.125
圆极化,0,0,0,1,0,0,0,1,0.125
线极化,0,0,0,1,0,0,0,1,0.125
直线,0,0,0,1,0,0,0,1,0.125
电场端点轨迹,0,0,0,1,0,0,0,1,0.125
旋向,0,0,0,1,0,0,0,1,0.125
空间轨迹,0,0,0,1,0,0,0,1,0.125
电场矢量端点,0,0,0,1,0,0,0,1,0.125
电场矢量,0,0,0,1,0,0,0,1,0.125
电场强度,0,0,0,1,0,0,0,1,0.125
传播形态,0,0,0,1,0,0,0,1,0.125
固有属性,0,0,0,1,0,0,0,1,0.125
邮电大,1,0,1,0,0,0,0,2,1.125
ence,0,0,1,0,0,0,0,1,0.125
tive,0,0,1,0,0,0,0,1,0.125
ct,0,0,1,0,0,0,0,1,0.125
极化频谱感知算法,0,0,1,0,0,0,0,1,0.125
电动机,0,0,1,0,0,0,0,1,0.125
发动机,0,0,1,0,0,1,0,2,0.3666666666666667
微波炉,0,0,1,0,0,1,0,2,0.3666666666666667
低秩特性,0,0,1,0,0,0,0,1,0.125
generalizedlikelihoodratiotest,0,0,1,0,0,0,0,1,0.125
平衡高斯噪声,0,0,1,0,0,0,0,1,0.125
用户端,0,0,1,0,0,0,0,1,0.125
vehiculartechnology,0,0,1,0,0,0,0,1,0.125
ar,0,0,1,0,0,0,0,1,0.125
npresence,0,0,1,0,0,0,0,1,0.125
dio,0,0,1,0,0,0,0,1,0.125
nitive,0,0,1,0,0,0,0,1,0.125
pect,0,0,1,0,0,0,0,1,0.125
达角信息,0,0,1,0,0,0,0,1,0.125
到达角算法性能,0,0,1,0,0,0,0,1,0.125
算法性能,0,0,1,0,0,0,0,1,0.125
极化度感知算法,0,0,1,0,0,0,0,1,0.125
极化阵列接收信号,0,0,1,0,0,0,0,1,0.125
统计信息,0,0,1,0,0,0,0,1,0.125
年科研创新,0,0,1,0,0,0,0,1,0.125
邮电大学,0,0,1,0,0,0,0,1,0.125
青年英才,0,0,1,0,0,0,0,1,0.125
盲检测算法,0,0,0,1,0,0,0,1,0.125
标量特征,0,0,0,1,0,0,0,1,0.125
边缘分布,0,0,0,0,0,1,0,1,0.24166666666666667
小波系数,0,0,0,0,0,1,0,1,0.24166666666666667
vetterli,0,0,0,0,0,1,0,1,0.24166666666666667
dct交流系数,0,0,0,0,0,1,0,1,0.24166666666666667
形状参数,0,0,0,0,0,1,0,1,0.24166666666666667
衰减速度,0,0,0,0,0,1,0,1,0.24166666666666667
吊幕,0,0,0,0,0,1,0,1,0.24166666666666667
广义高斯分布信号,0,0,0,0,0,1,0,1,0.24166666666666667
大气中噪声,0,0,0,0,0,1,0,1,0.24166666666666667
脉冲噪声,0,0,0,0,0,1,0,1,0.24166666666666667
广义高斯噪声模型,0,0,0,0,0,1,0,1,0.24166666666666667
双曲法则,0,0,0,0,0,1,0,1,0.24166666666666667
广义高斯模型,0,0,0,0,0,1,0,1,0.24166666666666667
混合高斯模型,0,0,0,0,0,1,0,1,0.24166666666666667
接受模型,0,0,0,1,0,0,0,1,0.125
达角时信号,0,0,0,1,0,0,0,1,0.125
极化域频谱感知技术,0,0,0,1,0,0,0,1,0.125
感知性能衰减,0,0,0,0,0,1,0,1,0.24166666666666667
传递函数,0,0,0,0,0,1,0,1,0.24166666666666667
最优极化盲感知算法,0,0,0,0,0,1,0,1,0.24166666666666667
广义似然比检验理论,0,0,0,0,0,1,0,1,0.24166666666666667
噪声分布特性,0,0,0,0,0,1,0,1,0.24166666666666667
非理想噪声问题,0,0,0,0,0,1,0,1,0.24166666666666667
信号感知模型,0,0,0,0,1,0,0,1,0.24166666666666667
d算法,0,0,0,0,0,1,0,1,0.24166666666666667
ld,0,0,0,0,0,1,0,1,0.24166666666666667
拉普拉斯分布时,0,0,0,0,0,1,0,1,0.24166666666666667
gaussiann,0,0,0,0,0,1,0,1,0.24166666666666667
laplaciannoise,0,0,0,0,0,1,0,1,0.24166666666666667
仿真中,0,0,0,0,0,1,0,1,0.24166666666666667
复杂度,0,0,0,2,0,0,0,2,0.25
信号阶数,0,0,0,1,0,0,0,1,0.125
阶数信号,0,0,0,1,0,0,0,1,0.125
ag算法,0,0,0,1,0,0,0,1,0.125
平均值,0,0,0,1,0,0,0,1,0.125
算数,0,0,0,1,0,0,0,1,0.125
rsiagm,0,0,0,1,0,0,0,1,0.125
tagm,0,0,0,1,0,0,0,1,0.125
svn,0,0,0,1,0,0,0,1,0.125
ml准则,0,0,0,1,0,0,0,1,0.125
gm,0,0,0,1,0,0,0,1,0.125
未知参数,0,0,0,1,0,0,0,1,0.125
um,0,0,0,1,0,0,0,1,0.125
max,0,0,0,1,0,0,0,1,0.125
受噪声,0,0,0,1,0,0,0,1,0.125
平均特征值,0,0,0,1,0,0,0,1,0.125
信道模型,0,0,0,0,2,0,0,2,0.48333333333333334
时变,0,0,0,0,2,0,0,2,0.48333333333333334
垂直极化分量,0,0,0,0,2,0,0,2,0.48333333333333334
能量损耗,0,0,0,0,1,0,0,1,0.24166666666666667
接收机噪声,0,0,0,0,1,0,0,1,0.24166666666666667
非视距微蜂窝场景,0,0,0,0,1,0,0,1,0.24166666666666667
发送端,0,0,0,0,1,0,0,1,0.24166666666666667
iinwii2,0,0,0,0,1,0,0,1,0.24166666666666667
llnwii2,0,0,0,0,1,0,0,1,0.24166666666666667
双极化正交天线,0,0,0,0,1,0,0,1,0.24166666666666667
双通道接收机,0,0,0,0,1,0,0,1,0.24166666666666667
接收天线,0,0,0,0,1,0,0,1,0.24166666666666667
到达角模型,0,0,0,0,1,0,0,1,0.24166666666666667
3gpp2,0,0,0,0,1,0,0,1,0.24166666666666667
3gpp,0,0,0,0,1,0,0,1,0.24166666666666667
11,0,0,0,0,1,0,0,1,0.24166666666666667
夹角,0,0,0,0,1,0,0,1,0.24166666666666667
平面,0,0,0,0,1,0,0,1,0.24166666666666667
水平支路,0,0,0,0,1,0,0,1,0.24166666666666667
su接收端天线阵元,0,0,0,0,1,0,0,1,0.24166666666666667
三维传播空间,0,0,0,0,1,0,0,1,0.24166666666666667
水平极化分量,0,0,0,0,1,0,0,1,0.24166666666666667
水平垂直极化基,0,0,0,0,1,0,0,1,0.24166666666666667
无线去极化,0,0,0,0,1,0,0,1,0.24166666666666667
极化描述子,0,0,0,0,1,0,0,1,0.24166666666666667
正交分量,0,0,0,0,1,0,0,1,0.24166666666666667
同相分量,0,0,0,0,1,0,0,1,0.24166666666666667
正交极化,0,0,0,0,1,0,0,1,0.24166666666666667
广义似然比检验,1,1,0,0,0,0,0,2,3.0
噪声非高斯时,1,0,0,0,0,0,0,1,1.0
4d,1,0,0,0,0,0,0,1,1.0
izedlikeuhoodratiotest,1,0,0,0,0,0,0,1,1.0
极化盲频谱感知算法,1,0,0,0,0,0,0,1,1.0
空域感知算法,1,0,0,0,0,0,0,1,1.0
非正交极化,1,0,0,0,0,0,0,1,1.0
知无线电,1,0,0,0,0,0,0,1,1.0
频谱共享理论,1,0,0,0,0,0,0,1,1.0
td-lte系统,1,0,0,0,0,0,0,1,1.0
极化频谱共享,1,0,0,0,0,0,0,1,1.0
频谱空洞,1,0,0,0,0,0,0,1,1.0
时频空域信息,1,0,0,0,0,0,0,1,1.0
