,摘要,关键词,第一章,第二章,第三章,第四章,第五章,总词频,加权得分
信道,1,0,18,10,13,53,4,99,21.416666666666668
ofdm系统,0,0,0,0,7,8,1,16,3.8666666666666667
接收端,0,0,10,12,10,12,0,44,8.066666666666666
频域信号,0,0,0,1,0,5,0,6,1.3333333333333333
离散时间信道,0,0,0,0,0,3,0,3,0.725
信号,0,0,4,16,15,5,0,40,7.333333333333333
压缩感知,1,0,4,0,0,7,1,13,3.4333333333333336
频域响应,0,0,1,0,0,2,0,3,0.6083333333333334
发送端,0,0,1,3,3,4,0,11,2.1916666666666664
导频符号,0,0,0,0,0,2,0,2,0.48333333333333334
子载波,0,0,6,0,0,4,0,10,1.7166666666666668
稀疏信道,0,0,0,0,0,2,0,2,0.48333333333333334
稀疏特性,0,0,0,0,0,2,0,2,0.48333333333333334
信道估计,0,1,7,2,1,15,4,30,7.958333333333333
傅里叶子矩阵,0,0,0,0,0,2,0,2,0.48333333333333334
频域噪声,0,0,0,0,0,3,0,3,0.725
传输,0,0,2,1,1,1,0,5,0.8583333333333334
pnp,0,0,0,0,0,1,0,1,0.24166666666666667
导频,0,0,1,6,1,15,0,23,4.741666666666667
加性高斯白噪声,0,0,0,2,1,3,0,6,1.2166666666666668
频域,0,0,1,0,1,1,0,3,0.6083333333333334
时域,0,0,0,1,1,2,0,4,0.85
复信号,0,0,0,0,0,1,0,1,0.24166666666666667
列向量,0,0,0,0,0,1,0,1,0.24166666666666667
idft,0,0,0,0,0,1,0,1,0.24166666666666667
dft解调,0,0,0,0,0,1,0,1,0.24166666666666667
调制信号,0,0,0,6,0,1,0,7,0.9916666666666667
idft调制,0,0,0,0,0,1,0,1,0.24166666666666667
待发送信号,0,0,0,0,0,1,0,1,0.24166666666666667
多径数,0,0,0,1,0,1,0,2,0.3666666666666667
信道龙,0,0,0,0,0,1,0,1,0.24166666666666667
无线信道,1,0,3,0,0,3,0,7,2.1
时延扩展,0,0,0,0,2,1,0,3,0.725
信道长度,0,0,0,0,0,1,0,1,0.24166666666666667
离散信道,0,0,0,0,0,1,0,1,0.24166666666666667
径复增益,0,0,0,0,0,1,0,1,0.24166666666666667
吳瓦,0,0,0,0,0,1,0,1,0.24166666666666667
原始信号,0,0,0,0,0,1,0,1,0.24166666666666667
采样,0,0,0,2,0,1,0,3,0.4916666666666667
样速率,0,0,0,1,0,1,0,2,0.3666666666666667
奈奎斯特,0,0,0,0,0,1,0,1,0.24166666666666667
变换域,0,0,0,0,0,1,0,1,0.24166666666666667
压缩感知理论,0,0,1,0,0,6,0,7,1.575
ofdm信道,0,0,0,0,0,7,0,7,1.6916666666666667
通信系统,0,0,9,0,2,4,0,15,2.575
码元同步,0,0,5,1,0,0,0,6,0.75
同步,3,1,12,7,6,1,11,41,11.725
本地载波信号,0,0,3,0,0,0,0,3,0.375
性能,2,0,12,17,11,44,3,89,19.641666666666666
正交频分复用系统,0,0,5,0,0,2,0,7,1.1083333333333334
信道冲激响应,0,0,2,0,1,0,0,3,0.4916666666666667
信道参数,0,0,12,13,1,9,0,35,5.541666666666666
相位,0,0,4,0,2,0,0,6,0.9833333333333334
位定时脉冲序列,0,0,2,0,0,0,0,2,0.25
取样,0,0,2,0,0,0,0,2,0.25
码元序列,0,0,2,0,0,0,0,2,0.25
数字通信系统,0,0,2,2,0,0,0,4,0.5
相干调制,0,0,2,0,0,0,0,2,0.25
载波同步,0,0,3,13,0,0,0,16,2.0
传输信号,0,0,2,0,0,0,0,2,0.25
步调,0,0,2,0,0,0,0,2,0.25
重构算法,0,0,1,0,0,0,0,1,0.125
观测矩阵,0,0,1,0,0,2,0,3,0.6083333333333334
信道估计技,0,0,2,0,0,0,0,2,0.25
正交频分复用,0,0,1,0,1,0,0,2,0.3666666666666667
mmse信道估计算法,0,0,1,0,0,0,0,1,0.125
ls信道估计算法,0,0,1,0,0,0,0,1,0.125
自适应信道,0,0,1,0,0,1,0,2,0.3666666666666667
冲击响应,0,0,1,0,0,0,0,1,0.125
先验信息,0,0,1,3,1,0,0,5,0.7416666666666667
信道响应力,0,0,1,0,0,0,0,1,0.125
发送信号,0,0,1,2,1,0,0,4,0.6166666666666667
输出信号,0,0,1,0,0,0,0,1,0.125
系统识别,0,0,1,0,0,0,0,1,0.125
park算法,0,0,1,0,1,0,0,2,0.3666666666666667
minn算法,0,0,1,0,1,0,0,2,0.3666666666666667
sc算法,0,0,1,0,8,0,1,10,2.3
信道传输时延,0,0,1,0,0,0,0,1,0.125
信道时延,0,0,1,0,0,1,0,2,0.3666666666666667
系统,0,0,2,0,3,0,0,5,0.975
噪声功率,0,0,1,0,1,0,0,2,0.3666666666666667
多普勒频偏,0,0,1,1,0,3,0,5,0.975
时延,0,0,1,5,2,2,0,10,1.7166666666666668
通信信道,0,0,6,0,0,0,0,6,0.75
广义,0,0,1,0,0,0,0,1,0.125
码元速率,0,0,1,0,1,1,0,3,0.6083333333333334
频率,0,0,6,0,10,0,0,16,3.1666666666666665
位定时脉冲序列序列,0,0,1,0,0,0,0,1,0.125
起止时刻,0,0,1,0,0,0,0,1,0.125
码元,0,0,1,0,0,0,0,1,0.125
数字频带传输,0,0,1,0,0,0,0,1,0.125
数字基带传输,0,0,1,0,0,0,0,1,0.125
位同步,0,0,1,1,0,0,0,2,0.25
定时同步,2,0,4,11,10,1,0,28,6.533333333333333
相干解调,0,0,1,0,6,0,0,7,1.575
调制载波频率,0,0,1,0,0,0,0,1,0.125
接收信号,0,0,2,16,6,4,0,28,4.666666666666666
相干载波,0,0,1,0,0,0,0,1,0.125
频带传输,0,0,1,0,0,0,0,1,0.125
长距离通信,0,0,1,0,0,0,0,1,0.125
通信,0,0,7,5,3,0,0,15,2.225
码元同步技术,0,0,1,0,0,0,0,1,0.125
载波同步技术,0,0,1,2,0,0,0,3,0.375
网同步,0,0,1,0,0,0,0,1,0.125
群同步,0,0,1,0,0,0,0,1,0.125
接收机,0,0,3,11,3,2,0,19,2.958333333333333
发送机,0,0,1,0,0,0,0,1,0.125
正常传输,0,0,1,0,0,0,0,1,0.125
无线通信,0,0,6,0,0,0,0,6,0.75
软件无线电,0,0,2,0,0,0,0,2,0.25
突发通信系统平台,0,0,1,0,0,0,0,1,0.125
软件化,0,0,1,0,0,0,0,1,0.125
信道编码,0,0,1,0,1,0,0,2,0.3666666666666667
调制,0,0,8,0,1,1,0,10,1.4833333333333334
帧结构,0,0,1,1,3,0,0,5,0.975
通用cpu系统,0,0,1,0,0,0,0,1,0.125
射频部件,0,0,1,0,0,0,0,1,0.125
无线通信系统,0,0,1,1,0,0,0,2,0.25
突发通信系统,0,0,8,6,0,0,2,16,2.2333333333333334
突发通信,3,1,12,24,0,0,1,41,9.741666666666667
同步检测,0,0,0,6,0,1,0,7,0.9916666666666667
突发同步检测,0,0,0,3,0,0,0,3,0.375
同步技术,0,0,0,1,1,0,1,3,0.6083333333333334
pc机,0,0,3,0,0,0,0,3,0.375
发射机,0,0,3,2,1,0,0,6,0.8666666666666667
突发信道,0,0,1,4,0,0,0,5,0.625
文件,0,0,1,0,0,0,0,1,0.125
射频接收,0,0,1,0,0,0,0,1,0.125
短波信道,0,0,4,0,15,9,0,28,6.3
射频,0,0,1,0,0,0,0,1,0.125
基带波形文件,0,0,1,0,0,0,0,1,0.125
短波通信系统,0,0,0,0,7,2,0,9,2.175
cazac序列,1,0,3,0,17,0,2,23,5.966666666666667
时频联合同步算法,1,0,1,0,5,0,1,8,2.575
二维搜索,0,0,0,0,5,0,1,6,1.45
时频,0,0,1,0,5,0,1,7,1.575
训练序列,2,0,4,6,19,15,1,47,11.708333333333334
pn序列,1,0,2,7,9,0,1,20,4.541666666666666
对称自相关性质,0,0,1,0,3,0,1,5,1.0916666666666668
频偏估计算,0,0,0,3,1,0,0,4,0.6166666666666667
定时,0,0,0,0,2,0,0,2,0.48333333333333334
序列,0,0,0,4,5,2,0,11,2.1916666666666664
正交频分复用通信系统,0,0,0,0,1,0,0,1,0.24166666666666667
同步算法,0,0,0,0,4,0,0,4,0.9666666666666667
信道估,1,0,1,0,1,2,0,5,1.85
单载波短波通信系统,0,0,5,0,11,14,3,33,7.391666666666667
解调恢复,0,0,0,0,1,0,0,1,0.24166666666666667
数据帧,0,0,0,0,3,1,0,4,0.9666666666666667
信息,0,0,0,0,3,0,0,3,0.725
同步头,0,0,0,0,15,0,0,15,3.625
短波同步技术,0,0,1,0,1,0,0,2,0.3666666666666667
选择性衰落,0,0,1,0,1,0,0,2,0.3666666666666667
频率偏移,0,0,0,0,1,0,0,1,0.24166666666666667
接收,0,0,1,0,1,1,0,3,0.6083333333333334
数字信号,0,0,0,0,2,0,0,2,0.48333333333333334
多普勒效应,0,0,0,0,3,0,0,3,0.725
多径效应,0,0,1,0,6,1,0,8,1.8166666666666667
电离层传输,0,0,0,0,1,0,0,1,0.24166666666666667
电离层,0,0,3,0,10,0,0,13,2.7916666666666665
短波通信,0,1,3,1,15,1,0,21,6.366666666666667
定时度量函数,1,0,1,0,9,0,1,12,3.5416666666666665
同步性能,0,0,0,0,4,0,0,4,0.9666666666666667
符号,0,0,2,2,3,5,0,12,2.4333333333333336
干扰副峰,0,0,0,0,2,0,0,2,0.48333333333333334
复杂度,0,0,0,6,4,1,1,12,2.2
ren算法,0,0,0,0,2,0,0,2,0.48333333333333334
峰值,0,0,0,3,13,0,0,16,3.5166666666666666
度量函数,0,0,0,0,5,0,0,5,1.2083333333333333
峰值平台,0,0,0,0,2,0,0,2,0.48333333333333334
循环前缀,0,0,0,0,4,1,0,5,1.2083333333333333
载波频偏估计,0,0,0,1,2,0,0,3,0.6083333333333334
ofdm,0,0,2,0,1,2,0,5,0.975
性质,0,0,1,0,1,0,0,2,0.3666666666666667
曲线,0,0,0,1,5,0,0,6,1.3333333333333333
pn序列加权,0,0,0,0,2,0,0,2,0.48333333333333334
文献网,0,0,0,0,2,0,0,2,0.48333333333333334
运算,0,0,0,0,1,0,0,1,0.24166666666666667
ofdm同步,0,0,0,0,1,0,0,1,0.24166666666666667
副峰,0,0,0,0,1,0,0,1,0.24166666666666667
时偏频偏估计性能,0,0,0,0,1,0,0,1,0.24166666666666667
ofdm算法,0,0,0,0,1,0,0,1,0.24166666666666667
小数倍频偏,0,0,0,0,2,0,0,2,0.48333333333333334
整数倍频偏,0,0,0,0,1,0,0,1,0.24166666666666667
长度,0,0,0,10,4,1,0,15,2.458333333333333
elation,0,0,0,0,1,0,0,1,0.24166666666666667
co,0,0,0,0,1,0,0,1,0.24166666666666667
stantamplitudezeroauto,0,0,0,0,1,0,0,1,0.24166666666666667
ofdm同步算法,0,0,0,0,1,0,0,1,0.24166666666666667
频偏,0,0,0,5,12,0,0,17,3.525
峰值特性,0,0,0,0,2,0,0,2,0.48333333333333334
共轴对称结构,0,0,0,0,1,0,0,1,0.24166666666666667
定时位置,0,0,0,0,1,0,0,1,0.24166666666666667
minn,0,0,0,0,1,0,0,1,0.24166666666666667
时频同步,0,0,0,0,1,0,0,1,0.24166666666666667
pn,0,0,0,0,1,0,0,1,0.24166666666666667
伪随机,0,0,0,0,1,0,0,1,0.24166666666666667
ofdm通信系统,1,0,1,0,1,2,1,6,2.091666666666667
4g-lte,0,0,0,0,1,0,0,1,0.24166666666666667
多径衰落,0,0,0,0,1,0,0,1,0.24166666666666667
频谱利用率,0,0,0,1,1,2,0,4,0.85
多载波调制技术,0,0,2,0,1,0,0,3,0.4916666666666667
ofdm技术,0,0,1,0,1,0,0,2,0.3666666666666667
多载波短波通信系统,0,0,1,0,2,0,0,3,0.6083333333333334
ofdm符号,1,0,2,0,2,14,0,19,5.116666666666667
信道响应,0,0,0,0,2,8,1,11,2.658333333333333
联合稀疏模型,0,0,0,0,0,5,0,5,1.2083333333333333
稀疏模型,0,0,0,0,0,9,0,9,2.175
稀疏位置,0,0,0,0,0,2,0,2,0.48333333333333334
somp算法,0,0,0,0,0,2,0,2,0.48333333333333334
稀疏位置集,0,0,0,0,0,2,0,2,0.48333333333333334
迭代次数,0,0,0,0,0,3,0,3,0.725
正交匹配追踪算法,0,0,0,0,0,2,0,2,0.48333333333333334
重构,0,0,0,0,0,2,0,2,0.48333333333333334
重构信号,0,0,0,0,0,2,0,2,0.48333333333333334
持续时间,0,0,2,0,2,4,0,8,1.7
压缩感知信道,1,0,2,0,0,11,3,17,4.633333333333333
贪婪算法,0,0,0,0,0,1,0,1,0.24166666666666667
相关值序列,0,0,0,0,0,1,0,1,0.24166666666666667
压缩感知矩阵,0,0,0,0,0,1,0,1,0.24166666666666667
测量向量,0,0,0,0,0,1,0,1,0.24166666666666667
联合稀疏性,0,0,0,0,0,1,0,1,0.24166666666666667
argminl,0,0,0,0,0,1,0,1,0.24166666666666667
初始残差向量弓,0,0,0,0,0,1,0,1,0.24166666666666667
观测向量人,0,0,0,0,0,1,0,1,0.24166666666666667
联合算法,0,0,0,0,0,1,0,1,0.24166666666666667
观测,0,0,0,0,0,1,0,1,0.24166666666666667
导频位置,0,0,0,0,0,3,0,3,0.725
jsm-2模型,0,0,0,0,0,1,0,1,0.24166666666666667
时域响应,0,0,1,0,0,1,0,2,0.3666666666666667
重构信道,0,0,0,0,0,1,0,1,0.24166666666666667
稀疏,0,0,0,0,0,1,0,1,0.24166666666666667
信道响应参数,0,0,0,0,0,1,0,1,0.24166666666666667
ofdm符号速率,0,0,0,0,0,1,0,1,0.24166666666666667
衰落速度,0,0,0,0,0,1,0,1,0.24166666666666667
短波信道网,0,0,0,0,0,1,0,1,0.24166666666666667
概率,0,0,0,0,0,1,0,1,0.24166666666666667
联合重构,0,0,0,0,0,1,0,1,0.24166666666666667
稀疏相关性,0,0,0,0,0,1,0,1,0.24166666666666667
共稀疏性,0,0,0,0,0,2,0,2,0.48333333333333334
连续ofdm符号,0,0,0,0,0,1,0,1,0.24166666666666667
缓变特性,1,0,2,0,0,2,0,5,1.7333333333333334
均方误差信道,0,0,0,0,0,1,0,1,0.24166666666666667
二乘信道,0,0,0,0,0,1,0,1,0.24166666666666667
信道估计算法,1,0,3,0,0,4,4,12,3.3083333333333336
线性均衡技,0,0,0,0,0,1,0,1,0.24166666666666667
实时信道响应,0,0,0,0,0,1,0,1,0.24166666666666667
时刻点,0,0,0,0,0,1,0,1,0.24166666666666667
原始比特信息,0,0,0,0,0,1,0,1,0.24166666666666667
多径,0,0,0,1,1,2,0,4,0.85
衰落,0,0,0,1,0,2,0,3,0.6083333333333334
信道衰落参数,0,0,0,0,0,1,0,1,0.24166666666666667
解调,0,0,3,0,7,1,0,11,2.3083333333333336
定时误差,0,0,0,8,0,0,0,8,1.0
非线性定时提取算法,0,0,0,7,0,0,0,7,0.875
数据辅助算法,0,0,0,8,0,0,0,8,1.0
载波相位,0,0,0,6,0,0,0,6,0.75
判决算法,0,0,0,6,0,0,0,6,0.75
非线性变换,0,0,0,5,0,0,0,5,0.625
定时估计算法,0,0,0,4,0,0,0,4,0.5
似然函数,0,0,0,4,0,0,0,4,0.5
反馈算法,0,0,0,4,0,0,0,4,0.5
定时同步算法,0,0,0,4,0,0,0,4,0.5
参数,0,0,2,8,4,3,0,17,2.9416666666666664
匹配滤波器,0,0,0,3,0,0,0,3,0.375
匹配滤波,0,0,0,3,0,0,0,3,0.375
前馈算法,0,0,0,4,0,0,0,4,0.5
误差估计,0,0,0,3,0,0,0,3,0.375
方差性能,0,0,0,2,0,0,0,2,0.25
幅角,0,0,0,2,0,0,0,2,0.25
频谱,0,0,8,4,1,0,0,13,1.7416666666666667
复加性高斯白噪声,0,0,0,2,0,0,0,2,0.25
符号速率,0,0,0,2,0,0,0,2,0.25
定时估计,1,0,1,2,1,0,0,5,1.6166666666666667
假锁,0,0,0,2,0,0,0,2,0.25
非数据辅助算法,0,0,0,4,0,0,0,4,0.5
data-aided,0,0,0,2,0,0,0,2,0.25
信噪比,0,0,0,8,9,8,0,25,5.108333333333333
时钟,0,0,0,2,0,0,0,2,0.25
采样时钟,0,0,0,2,0,0,0,2,0.25
along算法,0,0,0,2,0,0,0,2,0.25
avn算法,0,0,0,2,0,0,0,2,0.25
误差,0,0,0,2,0,2,0,4,0.7333333333333334
sln算法,0,0,0,2,0,0,0,2,0.25
信噪,0,0,0,5,0,0,0,5,0.625
方差,0,0,0,3,0,0,0,3,0.375
pln算法,0,0,0,2,0,0,0,2,0.25
仿真次数,0,0,0,1,0,0,0,1,0.125
定时同步算法仿真,0,0,0,1,0,0,0,1,0.125
四次方非线性算法,0,0,0,1,0,0,0,1,0.125
对数非线性算法,0,0,0,1,0,0,0,1,0.125
sl,0,0,0,1,0,0,0,1,0.125
平方非线性算法,0,0,0,1,0,0,0,1,0.125
绝对值非线性算法,0,0,0,1,0,0,0,1,0.125
定时误差估计,0,0,0,1,0,0,0,1,0.125
非线性变换函数,0,0,0,1,0,0,0,1,0.125
对数,0,0,0,1,0,0,0,1,0.125
无关量,0,0,0,1,0,0,0,1,0.125
书卜,0,0,0,1,0,0,0,1,0.125
平均,0,0,0,1,0,0,0,1,0.125
噪声功率谱密度,0,0,0,1,0,0,0,1,0.125
观测符号数,0,0,0,1,0,0,0,1,0.125
过采样因子,0,0,0,1,0,0,0,1,0.125
系统冲激响应,0,0,0,1,0,0,0,1,0.125
常量,0,0,0,1,0,0,0,1,0.125
符号周期,0,0,0,2,0,0,0,2,0.25
冲激响应,0,0,0,3,0,2,0,5,0.8583333333333334
成形滤波器,0,0,0,1,0,0,0,1,0.125
相位偏差,0,0,0,1,0,0,0,1,0.125
载波,0,0,2,6,2,0,0,10,1.4833333333333334
发送数据,0,0,1,2,0,0,0,3,0.375
抽样,0,0,0,1,0,0,0,1,0.125
非定时提取算法,0,0,0,1,0,0,0,1,0.125
算法效率,0,0,0,1,0,0,0,1,0.125
算法运算,0,0,0,1,0,0,0,1,0.125
函数,0,0,0,1,1,0,0,2,0.3666666666666667
可得非数据,0,0,0,1,0,0,0,1,0.125
ejn0,0,0,0,1,0,0,0,1,0.125
幕级数,0,0,0,1,0,0,0,1,0.125
非数据,0,0,0,3,0,0,0,3,0.375
数据,0,0,1,2,3,1,0,7,1.3416666666666668
似然定时估,0,0,0,1,0,0,0,1,0.125
数据符号,0,0,0,1,0,0,0,1,0.125
常数,0,0,0,1,0,1,0,2,0.3666666666666667
联合概率密度,0,0,0,1,0,0,0,1,0.125
时间间隔,0,0,0,1,0,0,0,1,0.125
接受数据,0,0,0,1,0,0,0,1,0.125
nj2,0,0,0,1,0,0,0,1,0.125
功率谱密度,0,0,0,1,0,0,0,1,0.125
实冲激响应,0,0,0,1,0,0,0,1,0.125
同分布信息序列,0,0,0,1,0,0,0,1,0.125
似然估计,0,0,0,2,0,0,0,2,0.25
似然概率,0,0,0,1,0,0,0,1,0.125
似然准则,0,0,0,1,0,0,0,1,0.125
贝叶斯定理,0,0,0,1,0,0,0,1,0.125
似然定时估计算法,0,0,0,1,0,0,0,1,0.125
效率,0,0,0,3,0,0,0,3,0.375
突发通信信号,0,0,0,4,0,0,0,4,0.5
快速,0,0,0,1,0,0,0,1,0.125
突发信号,0,0,0,6,0,0,0,6,0.75
锁相速度,0,0,0,1,0,0,0,1,0.125
锁相精度,0,0,0,1,0,0,0,1,0.125
反馈结构,0,0,0,2,0,0,0,2,0.25
相偏,0,0,0,1,0,0,0,1,0.125
时偏,0,0,0,1,1,0,0,2,0.3666666666666667
补偿,0,0,0,1,0,0,0,1,0.125
反馈环路结构,0,0,0,1,0,0,0,1,0.125
同步速度,0,0,0,1,0,0,0,1,0.125
接收信,0,0,0,1,0,0,0,1,0.125
i181,0,0,0,1,0,0,0,1,0.125
频谱效率,0,0,0,1,0,0,0,1,0.125
串行系统,0,0,0,1,0,0,0,1,0.125
判决,0,0,0,1,0,0,0,1,0.125
参数估计,0,0,0,1,0,0,0,1,0.125
初始捕获,0,0,0,1,0,0,0,1,0.125
低信噪,0,0,0,1,0,0,0,1,0.125
高信噪比,0,0,0,3,0,0,0,3,0.375
non,0,0,0,1,0,0,0,1,0.125
directed,0,0,0,1,0,0,0,1,0.125
decision,0,0,0,1,0,0,0,1,0.125
训练序列导频,0,0,0,1,0,0,0,1,0.125
发送数据帧,0,0,0,1,0,0,0,1,0.125
相位噪声,0,0,0,1,0,0,0,1,0.125
时刻采样,0,0,0,1,0,0,0,1,0.125
采样结果,0,0,0,1,0,0,0,1,0.125
延退,0,0,0,1,0,0,0,1,0.125
数据信号,0,0,2,2,0,1,0,5,0.7416666666666667
符号间隔,0,0,0,1,0,0,0,1,0.125
采样时刻,0,0,0,1,0,0,0,1,0.125
无线突发通信,0,0,0,1,0,0,0,1,0.125
ml准则,0,0,0,1,0,0,0,1,0.125
时域发送,0,0,0,1,0,0,0,1,0.125
信道均衡,0,0,0,1,0,1,0,2,0.3666666666666667
均衡技术,0,0,0,1,0,0,0,1,0.125
误码率,0,0,0,1,0,0,0,1,0.125
衰落信道,0,0,0,1,0,1,0,2,0.3666666666666667
传输性能,0,0,0,1,1,0,0,2,0.3666666666666667
多径衰落信道,0,0,0,1,0,0,0,1,0.125
突发通信信道,0,0,3,2,0,0,0,5,0.625
频率偏差,0,0,1,0,2,0,0,3,0.6083333333333334
多径信道,0,0,0,0,2,1,0,3,0.725
ici,0,0,0,0,2,0,0,2,0.48333333333333334
子载波间干扰,0,0,0,0,2,0,0,2,0.48333333333333334
isi,0,0,1,0,2,0,0,3,0.6083333333333334
符号间干扰,0,0,7,0,2,0,0,9,1.3583333333333334
频率估计,0,0,0,0,1,0,0,1,0.24166666666666667
子载波间隔,0,0,0,0,1,0,0,1,0.24166666666666667
定时偏差,0,0,0,0,1,0,0,1,0.24166666666666667
宽带无线通信系统,0,0,0,0,1,0,0,1,0.24166666666666667
倍频,0,0,0,0,1,0,0,1,0.24166666666666667
加性白高斯噪声,0,0,0,0,1,0,0,1,0.24166666666666667
载波频偏,0,0,0,7,1,0,0,8,1.1166666666666667
定时时延,0,0,0,0,1,0,0,1,0.24166666666666667
多径增益,0,0,0,0,1,0,0,1,0.24166666666666667
多径径数,0,0,0,0,1,0,0,1,0.24166666666666667
噪声,0,0,0,6,3,0,0,9,1.475
待调制数据,0,0,0,0,1,0,0,1,0.24166666666666667
子载波数,0,0,0,0,1,1,0,2,0.48333333333333334
复基带信号,0,0,0,0,1,0,0,1,0.24166666666666667
基带ofdm系统,0,0,0,0,1,0,0,1,0.24166666666666667
接收信息,0,0,0,0,2,0,0,2,0.48333333333333334
卷积译码,0,0,0,0,1,0,0,1,0.24166666666666667
qpsk解调,0,0,0,0,1,0,0,1,0.24166666666666667
ofdm解调,0,0,0,0,1,0,0,1,0.24166666666666667
fft变换,0,0,0,0,3,0,0,3,0.725
数字接收,0,0,0,0,1,0,0,1,0.24166666666666667
数字化,0,0,0,0,1,0,0,1,0.24166666666666667
变频,0,0,0,0,1,0,0,1,0.24166666666666667
变频射频,0,0,0,0,1,0,0,1,0.24166666666666667
d/a变换,0,0,0,0,1,0,0,1,0.24166666666666667
发射平台,0,0,0,0,1,0,0,1,0.24166666666666667
循环前,0,0,0,0,1,0,0,1,0.24166666666666667
ofdm调制,0,0,0,0,1,0,0,1,0.24166666666666667
ifft,0,0,0,0,1,0,0,1,0.24166666666666667
qpsk调制,0,0,0,1,1,1,0,3,0.6083333333333334
二进制比特流,0,0,0,0,1,0,0,1,0.24166666666666667
ofdm系统模型,0,0,0,0,1,0,0,1,0.24166666666666667
勤务数据,0,0,0,0,5,0,0,5,1.2083333333333333
比特,0,0,0,0,3,8,0,11,2.658333333333333
捕获,0,0,0,0,2,0,0,2,0.48333333333333334
m序列同步头,0,0,0,0,2,0,0,2,0.48333333333333334
数据报,0,0,0,0,2,0,0,2,0.48333333333333334
同步帧,0,0,0,0,2,0,0,2,0.48333333333333334
同步帧结构,0,0,0,0,1,0,0,1,0.24166666666666667
可靠度,0,0,0,0,1,0,0,1,0.24166666666666667
golay编码,0,0,0,0,1,0,0,1,0.24166666666666667
解调解码,0,0,0,0,1,0,0,1,0.24166666666666667
发送信息,0,0,0,0,1,0,0,1,0.24166666666666667
深衰落,0,0,0,0,1,1,0,2,0.48333333333333334
m序列,0,0,0,0,10,1,1,12,2.9
码片速率,0,0,0,0,3,0,0,3,0.725
m序列周期,0,0,0,0,2,0,0,2,0.48333333333333334
多径信息,0,0,0,0,1,0,0,1,0.24166666666666667
dqpsk,0,0,0,0,2,2,0,4,0.9666666666666667
dqpsk体制,0,0,0,0,1,0,0,1,0.24166666666666667
时变信道,0,0,1,0,1,1,0,3,0.6083333333333334
多径干扰,0,0,0,0,1,2,0,3,0.725
信道均衡技,0,0,0,0,1,1,0,2,0.48333333333333334
载荷,0,0,0,0,1,0,0,1,0.24166666666666667
数据帧长度,0,0,0,0,1,0,0,1,0.24166666666666667
同步辅助比特,0,0,0,0,1,0,0,1,0.24166666666666667
突发帧结构,0,0,1,0,1,0,0,2,0.3666666666666667
差分解调,0,0,0,0,6,0,0,6,1.45
基本矩阵,0,0,0,0,5,0,0,5,1.2083333333333333
编码,0,0,0,0,5,0,0,5,1.2083333333333333
快衰落信道,0,0,0,0,2,0,0,2,0.48333333333333334
解调性能,0,0,0,0,2,0,0,2,0.48333333333333334
n/4-dqpsk,0,0,0,0,2,0,0,2,0.48333333333333334
分块,0,0,0,0,2,0,0,2,0.48333333333333334
校验矩阵,0,0,0,0,2,0,0,2,0.48333333333333334
码长,0,0,0,0,2,0,0,2,0.48333333333333334
eee802,0,0,0,0,2,0,0,2,0.48333333333333334
ldpc编码,0,0,0,0,3,0,0,3,0.725
误比特率,0,0,0,0,1,2,0,3,0.725
snr,0,0,0,2,5,8,0,15,3.3916666666666666
仿真性,0,0,0,0,1,0,0,1,0.24166666666666667
dqpsk调制,0,0,0,0,1,0,0,1,0.24166666666666667
awgn信道,0,0,0,0,7,2,0,9,2.175
isin,0,0,0,0,1,0,0,1,0.24166666666666667
4-dqpsk调制信号,0,0,0,0,1,0,0,1,0.24166666666666667
ji,0,0,0,0,1,0,0,1,0.24166666666666667
相位同步效,0,0,0,0,1,0,0,1,0.24166666666666667
相位起伏,0,0,0,0,3,0,0,3,0.725
慢衰落信道,0,0,0,0,1,0,0,1,0.24166666666666667
消耗功率,0,0,0,0,1,0,0,1,0.24166666666666667
调制原理,0,0,0,0,1,0,0,1,0.24166666666666667
数字中频信号,0,0,0,0,1,0,0,1,0.24166666666666667
正交上变频调制,0,0,0,0,1,0,0,1,0.24166666666666667
载波信号,0,0,0,0,1,0,0,1,0.24166666666666667
基带成形,0,0,0,0,1,0,0,1,0.24166666666666667
滚降系数,0,0,0,0,2,0,0,2,0.48333333333333334
升余弦成形滤波器,0,0,0,0,1,0,0,1,0.24166666666666667
正交支路,0,0,0,0,1,0,0,1,0.24166666666666667
同相支路,0,0,0,0,1,0,0,1,0.24166666666666667
相位映射,0,0,0,0,1,0,0,1,0.24166666666666667
差分编码,0,0,0,0,1,0,0,1,0.24166666666666667
并行数据,0,0,1,0,1,0,0,2,0.3666666666666667
串并转换模块,0,0,0,0,1,0,0,1,0.24166666666666667
基带信号,0,0,0,1,1,0,0,2,0.3666666666666667
兀/4-dqpsk调制,0,0,0,0,1,0,0,1,0.24166666666666667
非相干解调,0,0,0,0,1,0,0,1,0.24166666666666667
包络起伏,0,0,0,0,1,0,0,1,0.24166666666666667
限带后信号,0,0,0,0,1,0,0,1,0.24166666666666667
n/4dqpsk调制,0,0,0,0,1,0,0,1,0.24166666666666667
译码算法,0,0,0,0,1,0,0,1,0.24166666666666667
迭代译码算法,0,0,0,0,1,0,0,1,0.24166666666666667
置信传播,0,0,0,0,1,0,0,1,0.24166666666666667
概率域,0,0,0,0,1,0,0,1,0.24166666666666667
ldpc译码,0,0,0,0,1,0,0,1,0.24166666666666667
编码结,0,0,0,0,1,0,0,1,0.24166666666666667
矩阵块,0,0,0,0,1,0,0,1,0.24166666666666667
待编码向量,0,0,0,0,1,0,0,1,0.24166666666666667
矩阵,0,0,0,1,1,0,0,2,0.3666666666666667
稀疏性,0,0,0,0,1,0,0,1,0.24166666666666667
膨胀,0,0,0,0,1,0,0,1,0.24166666666666667
码率,0,0,0,0,1,0,0,1,0.24166666666666667
快速编码,0,0,0,0,1,0,0,1,0.24166666666666667
ldpc编译码,0,0,0,0,1,0,0,1,0.24166666666666667
自相关特性,0,0,0,1,0,3,0,4,0.85
训练序列结构,0,0,0,0,2,1,0,3,0.725
26比特,0,0,0,0,0,1,0,1,0.24166666666666667
gsm体制,0,0,0,0,0,1,0,1,0.24166666666666667
间歇,0,0,0,0,0,1,0,1,0.24166666666666667
高速率dqpsk调制,0,0,0,0,0,1,0,1,0.24166666666666667
crc校验,0,0,0,0,3,0,0,3,0.725
信息比特,0,0,0,0,3,0,0,3,0.725
比特分组,0,0,0,0,2,0,0,2,0.48333333333333334
分组,0,0,0,0,2,0,0,2,0.48333333333333334
交板阁,0,0,0,0,1,0,0,1,0.24166666666666667
交织调制,0,0,0,0,1,0,0,1,0.24166666666666667
crc校验位信道,0,0,0,0,1,0,0,1,0.24166666666666667
反送用,0,0,0,0,1,0,0,1,0.24166666666666667
信道译码,0,0,0,0,1,0,0,1,0.24166666666666667
去交织,0,0,0,0,1,0,0,1,0.24166666666666667
n/4-dqpsk调制,0,0,0,0,1,0,0,1,0.24166666666666667
编码比特,0,0,0,0,1,0,0,1,0.24166666666666667
ldpc信道编码,0,0,0,0,1,0,0,1,0.24166666666666667
crc校验位,0,0,0,0,1,0,0,1,0.24166666666666667
比特个数,0,0,0,0,1,0,0,1,0.24166666666666667
传播,0,0,6,0,0,0,0,6,0.75
超短波,0,0,5,0,0,0,0,5,0.625
短波,0,0,4,0,0,0,0,4,0.5
时间,0,0,3,0,3,1,0,7,1.3416666666666668
微波信道,0,0,3,0,0,0,0,3,0.375
流星通信,0,0,2,0,0,0,0,2,0.25
流星余迹信道,0,0,2,0,0,0,0,2,0.25
传播距离,0,0,2,0,1,0,0,3,0.4916666666666667
电离层反射,0,0,2,0,5,0,0,7,1.4583333333333333
微波,0,0,2,0,0,0,0,2,0.25
流星余迹,0,0,2,0,0,0,0,2,0.25
可用信道,0,0,1,0,0,0,0,1,0.125
军事通信,1,0,2,0,0,0,0,3,1.25
应急通信,0,0,1,0,0,0,0,1,0.125
自然灾害,0,0,1,0,0,0,0,1,0.125
远距离数据通信,0,0,1,0,0,0,0,1,0.125
流星通信系统,0,0,1,0,0,0,0,1,0.125
通信理论,0,0,1,0,0,0,0,1,0.125
流星余迹通信设备,0,0,1,0,0,0,0,1,0.125
可自动化,0,0,1,0,0,0,0,1,0.125
抗毁性,0,0,1,0,0,0,0,1,0.125
抗干扰能力,0,0,1,0,0,0,0,1,0.125
隐蔽性,0,0,1,1,0,0,0,2,0.25
流星余迹通信,0,0,1,0,0,0,0,1,0.125
长距离传输,0,0,1,0,0,0,0,1,0.125
通信时延,0,0,1,0,0,0,0,1,0.125
散射传播,0,0,1,0,0,0,0,1,0.125
对流层,0,0,1,0,0,0,0,1,0.125
视线传播,0,0,1,0,0,0,0,1,0.125
电离层条件,0,0,1,0,0,0,0,1,0.125
长距离,0,0,1,0,0,0,0,1,0.125
通信距离,0,0,1,0,0,0,0,1,0.125
天波,0,0,1,0,0,0,0,1,0.125
近距离,0,0,1,0,0,0,0,1,0.125
衰减速度,0,0,1,0,0,0,0,1,0.125
地波,0,0,1,0,0,0,0,1,0.125
天博传播,0,0,1,0,0,0,0,1,0.125
大气层,0,0,1,0,2,0,0,3,0.6083333333333334
地波传播,0,0,1,0,0,0,0,1,0.125
地球表面,0,0,1,0,0,0,0,1,0.125
远距离通信手,0,0,1,0,0,0,0,1,0.125
脉冲干扰,0,0,1,0,0,0,0,1,0.125
噪声干扰,0,0,1,0,0,0,0,1,0.125
干扰,0,0,2,0,0,0,0,2,0.25
信源,0,0,1,0,0,0,0,1,0.125
ultrahighfrequency,0,0,1,0,0,0,0,1,0.125
veryhighfrequency,0,0,1,0,0,0,0,1,0.125
信道特性,0,0,1,0,0,0,0,1,0.125
highfrequency,0,0,1,0,0,0,0,1,0.125
ls算法,0,0,0,0,0,13,0,13,3.1416666666666666
lms算法,0,0,0,0,0,10,0,10,2.4166666666666665
mmse算法,0,0,1,0,0,11,1,13,3.025
rls算法,0,0,0,0,0,8,0,8,1.9333333333333333
均方误差,0,0,0,0,0,9,0,9,2.175
滤波器,0,0,0,1,0,8,0,9,2.0583333333333336
代价函数,0,0,0,0,0,4,0,4,0.9666666666666667
仿真,0,0,0,5,2,9,1,17,3.525
维纳滤波器,0,0,0,0,0,2,0,2,0.48333333333333334
抽头系数,0,0,0,0,0,10,0,10,2.4166666666666665
抽头系数向量,0,0,0,0,0,2,0,2,0.48333333333333334
自适应算法,0,0,0,0,0,2,0,2,0.48333333333333334
lms,0,0,0,0,0,2,0,2,0.48333333333333334
mmse信道,0,0,0,0,0,1,0,1,0.24166666666666667
收敛速度,0,0,0,0,0,1,0,1,0.24166666666666667
频域信道,0,0,0,0,0,1,0,1,0.24166666666666667
计算法,0,0,0,0,0,2,0,2,0.48333333333333334
时域短波信道,0,0,0,0,0,1,0,1,0.24166666666666667
收敛速率,0,0,0,0,0,1,0,1,0.24166666666666667
时域信道,0,0,0,0,0,1,0,1,0.24166666666666667
均方误差变化曲线,0,0,0,0,0,1,0,1,0.24166666666666667
均方误差曲线,0,0,0,0,0,1,0,1,0.24166666666666667
瑞利衰落信道,0,0,0,0,0,2,0,2,0.48333333333333334
等功率,0,0,0,0,0,2,0,2,0.48333333333333334
信道模型,0,0,0,0,2,1,0,3,0.725
蒙特卡洛仿真,0,0,0,1,1,2,0,4,0.85
衰落带宽,0,0,0,1,0,1,0,2,0.3666666666666667
幅值,0,0,0,1,0,1,0,2,0.3666666666666667
多径数目,0,0,0,1,1,1,0,3,0.6083333333333334
watterson信道,0,0,0,1,0,1,0,2,0.3666666666666667
仿真信道,0,0,0,5,0,2,0,7,1.1083333333333334
rls,0,0,0,0,0,1,0,1,0.24166666666666667
mms,0,0,0,0,0,1,0,1,0.24166666666666667
ls,0,0,0,0,0,1,0,1,0.24166666666666667
估计算法仿真,0,0,0,0,0,1,0,1,0.24166666666666667
计算量,0,0,0,0,0,1,0,1,0.24166666666666667
权值,0,0,0,0,0,1,0,1,0.24166666666666667
表达式,0,0,0,1,0,2,0,3,0.6083333333333334
遗忘因子,0,0,0,0,0,1,0,1,0.24166666666666667
估计误差,0,0,0,0,0,1,0,1,0.24166666666666667
艺欢,0,0,0,0,0,1,0,1,0.24166666666666667
指数,0,0,0,0,0,1,0,1,0.24166666666666667
方向向量,0,0,0,0,0,1,0,1,0.24166666666666667
单位向量,0,0,0,0,0,1,0,1,0.24166666666666667
迭代过程,0,0,0,0,0,1,0,1,0.24166666666666667
理想,0,0,0,0,0,1,0,1,0.24166666666666667
自适应信道估计算法,0,0,0,0,0,1,0,1,0.24166666666666667
协方差矩阵,0,0,0,0,0,1,0,1,0.24166666666666667
信道向量,0,0,0,0,0,1,0,1,0.24166666666666667
icl,0,0,0,0,0,1,0,1,0.24166666666666667
信道噪声,0,0,0,0,0,1,0,1,0.24166666666666667
复高斯分布,0,0,0,0,0,1,0,1,0.24166666666666667
零均值,0,0,0,0,0,1,0,1,0.24166666666666667
统计特性,0,0,0,0,0,1,0,1,0.24166666666666667
多径信道响应,0,0,0,0,0,1,0,1,0.24166666666666667
频域数据模型,0,0,0,0,0,1,0,1,0.24166666666666667
最小平方,0,0,0,0,0,1,0,1,0.24166666666666667
算法性能,0,0,0,0,0,1,0,1,0.24166666666666667
fir,0,0,0,0,0,1,0,1,0.24166666666666667
滤波器结构,0,0,0,0,0,1,0,1,0.24166666666666667
自适应信道估计技术,0,0,0,0,0,1,0,1,0.24166666666666667
信道估计性能,0,0,0,0,0,1,0,1,0.24166666666666667
信道时变特征,0,0,0,0,0,1,0,1,0.24166666666666667
滤波器系数,0,0,0,0,0,1,0,1,0.24166666666666667
自适应信道估计,0,0,0,0,0,2,0,2,0.48333333333333334
算法,0,0,0,0,2,1,1,4,0.9666666666666667
信道估计算,0,0,1,0,0,1,1,3,0.6083333333333334
时域信号,0,0,0,6,0,1,0,7,0.9916666666666667
频域数据,0,0,0,1,0,1,0,2,0.3666666666666667
时域数据,0,0,0,2,0,1,0,3,0.4916666666666667
质量,0,0,0,0,0,1,0,1,0.24166666666666667
ofdm信道估计算法,0,0,0,0,0,1,0,1,0.24166666666666667
仿真信道参数,0,0,0,2,0,0,0,2,0.25
参数幅度,0,0,0,1,0,0,0,1,0.125
基带采样率,0,0,0,1,0,0,0,1,0.125
接收数据,0,0,0,4,0,0,0,4,0.5
matlab,0,0,0,1,0,0,0,1,0.125
功率,0,0,3,2,4,0,0,9,1.5916666666666668
路径时延,0,0,0,1,0,0,0,1,0.125
功率参数,0,0,0,1,0,0,0,1,0.125
多项式,0,0,0,1,1,0,0,2,0.3666666666666667
9级m序列,0,0,0,1,0,0,0,1,0.125
pn序列长度,0,0,0,1,0,0,0,1,0.125
循环前缀长度,0,0,0,1,0,0,0,1,0.125
帧头长度,0,0,0,1,0,0,0,1,0.125
帧总长度,0,0,0,1,0,0,0,1,0.125
仿真信号,0,0,0,1,0,0,0,1,0.125
ls信道,0,0,0,0,0,8,0,8,1.9333333333333333
导频数,0,0,0,0,0,5,0,5,1.2083333333333333
压缩感知估计性能,0,0,0,0,0,2,0,2,0.48333333333333334
压缩感知性能,0,0,0,0,0,2,0,2,0.48333333333333334
仿真系统,0,0,0,0,3,2,0,5,1.2083333333333333
感知信道,0,0,0,0,0,1,0,1,0.24166666666666667
ls估计性能,0,0,0,0,0,1,0,1,0.24166666666666667
e-cs信道,0,0,0,0,0,1,0,1,0.24166666666666667
mse曲线,0,0,0,0,0,1,0,1,0.24166666666666667
仿真假定系统,0,0,0,0,0,1,0,1,0.24166666666666667
插入子载波,0,0,0,0,0,1,0,1,0.24166666666666667
等间隔,0,0,0,0,0,1,0,1,0.24166666666666667
导频数据,0,0,0,0,0,1,0,1,0.24166666666666667
仿真流程,0,0,0,0,0,1,0,1,0.24166666666666667
仿真框,0,0,0,0,0,1,0,1,0.24166666666666667
多载波突发通信系统,2,0,3,0,0,0,2,7,2.8583333333333334
联合信道,1,0,2,0,0,0,0,3,1.25
计算,1,0,2,0,0,1,0,4,1.4916666666666667
线性均衡器,0,0,1,0,0,5,0,6,1.3333333333333333
ofdm信道估计技,0,0,1,0,0,0,0,1,0.125
合同步算法,0,0,1,0,0,0,0,1,0.125
吋频,0,0,1,0,0,0,0,1,0.125
多载波ofdm调制,0,0,1,0,0,0,0,1,0.125
单载波调制,0,0,8,0,0,0,0,8,1.0
系统仿真,1,0,1,0,0,0,0,2,1.125
单载波短波突发通信系统,1,0,1,0,0,0,0,2,1.125
副峰干扰,1,0,1,0,4,0,1,7,2.333333333333333
频偏估计,1,0,1,17,4,0,1,24,4.458333333333333
时频二维搜索算法,1,0,1,0,0,0,0,2,1.125
加权cazac序列,1,0,1,0,0,0,0,2,1.125
正交频分复用技术,0,0,9,0,0,0,0,9,1.125
多载波调制,0,0,4,0,0,0,0,4,0.5
叠加波形,0,0,3,0,0,0,0,3,0.375
正交性,0,0,3,0,0,0,0,3,0.375
正交频分复用调制,0,0,3,0,0,0,0,3,0.375
频谱资源,0,0,2,0,0,0,0,2,0.25
码间干扰,0,0,2,0,0,0,0,2,0.25
空间分集,0,0,2,0,0,0,0,2,0.25
分集接收,0,0,2,0,0,0,0,2,0.25
多普勒频移,0,0,1,0,6,0,0,7,1.575
发送功率,0,0,1,0,0,0,0,1,0.125
功率峰均比,0,0,1,0,0,0,0,1,0.125
平均功率,0,0,1,0,0,0,0,1,0.125
峰值功率,0,0,1,0,0,0,0,1,0.125
并行子载波波形,0,0,1,0,0,0,0,1,0.125
波形,0,0,1,0,1,0,0,2,0.3666666666666667
pr,0,0,1,0,0,0,0,1,0.125
峰均比,0,0,1,0,0,0,0,1,0.125
频谱分集,0,0,1,0,0,0,0,1,0.125
平坦衰落,0,0,1,0,0,0,0,1,0.125
子信道,0,0,1,0,0,0,0,1,0.125
串行数据,0,0,1,0,0,0,0,1,0.125
频谱重叠,0,0,1,0,0,0,0,1,0.125
保护频带,0,0,1,0,0,0,0,1,0.125
频分复用调制技术,0,0,1,0,0,0,0,1,0.125
频分复用调制,0,0,1,0,0,0,0,1,0.125
移动通信系统,0,0,2,0,0,0,0,2,0.25
通信相关,0,0,1,0,0,0,0,1,0.125
信号处理技术,0,0,1,0,0,0,0,1,0.125
光通信,0,0,1,0,0,0,0,1,0.125
数字电视传输系统,0,0,1,0,0,0,0,1,0.125
adsl,0,0,1,0,0,0,0,1,0.125
非对称数字用户线路,0,0,1,0,0,0,0,1,0.125
有线通信,0,0,1,0,0,0,0,1,0.125
无线数字通信,0,0,1,0,0,0,0,1,0.125
有线,0,0,1,0,0,0,0,1,0.125
移动通信,0,0,1,0,0,0,0,1,0.125
发射机功率,0,0,1,0,1,0,0,2,0.3666666666666667
接收增益,0,0,1,1,1,0,0,3,0.4916666666666667
稳定性,0,0,1,0,1,0,0,2,0.3666666666666667
噪声估计,0,0,1,0,0,0,0,1,0.125
通信设备,0,0,1,0,0,0,0,1,0.125
时域频域噪声,0,0,1,0,0,0,0,1,0.125
时间延退,0,0,1,0,0,0,0,1,0.125
峰均比抑制,0,0,1,0,0,0,0,1,0.125
频率分集接收,0,0,1,0,0,0,0,1,0.125
信道衰落,0,0,1,0,0,0,0,1,0.125
多径信号,0,0,1,0,0,0,0,1,0.125
接收样本,0,0,1,0,0,0,0,1,0.125
多天线,0,0,1,0,0,0,0,1,0.125
时间分集,0,0,1,0,0,0,0,1,0.125
?扰,0,0,1,0,0,0,0,1,0.125
均衡器,0,0,1,0,0,2,0,3,0.6083333333333334
信号干扰,0,0,1,0,0,0,0,1,0.125
单载波调制技,0,0,1,0,0,0,0,1,0.125
移动通信技术,0,0,3,0,0,0,0,3,0.375
前导信息,0,0,2,0,0,0,0,2,0.25
多径特征,1,0,2,0,0,0,0,3,1.25
时变,1,0,2,2,0,0,0,5,1.5
容量,0,0,2,0,0,0,0,2,0.25
收发信机算法,0,0,1,0,0,0,0,1,0.125
软件无线电平台,0,0,1,0,0,0,0,1,0.125
短波突发通信系统,0,0,1,0,0,0,0,1,0.125
估计性能,0,0,1,0,0,0,0,1,0.125
估计参数,0,0,1,0,0,0,0,1,0.125
多普勒频偏估计,0,0,1,0,0,0,0,1,0.125
吋延估计,0,0,1,0,0,0,0,1,0.125
传输效率,1,0,1,0,0,0,0,2,1.125
传输可靠性,1,0,1,0,0,0,0,2,1.125
后续传输信息,0,0,1,0,0,0,0,1,0.125
快速参数,0,0,1,0,0,0,0,1,0.125
代发信息,0,0,1,0,0,0,0,1,0.125
快速时变,0,0,1,0,0,0,0,1,0.125
译码,0,0,1,0,0,0,0,1,0.125
突发数据通信,0,0,1,0,0,0,0,1,0.125
公众应急通信,1,0,1,0,0,0,0,2,1.125
突发包,0,0,1,0,0,0,0,1,0.125
语音,0,0,1,0,0,0,0,1,0.125
数字通信手段,0,0,1,0,0,0,0,1,0.125
通信链路,0,0,1,0,0,0,0,1,0.125
收发,0,0,1,0,0,0,0,1,0.125
信息传递过程,0,0,1,0,0,0,0,1,0.125
速率,0,0,1,0,0,0,0,1,0.125
mimo技术,0,0,1,0,0,0,0,1,0.125
cdma技术,0,0,1,0,0,0,0,1,0.125
蜂窝通信系统,0,0,1,0,0,0,0,1,0.125
数字通信,0,0,1,0,0,0,0,1,0.125
模拟通信,0,0,1,0,0,0,0,1,0.125
gsm技术,0,0,1,0,0,0,0,1,0.125
数字蜂窝通信,0,0,1,0,0,0,0,1,0.125
通信容量,0,0,1,0,0,0,0,1,0.125
通信速率,0,0,1,0,0,0,0,1,0.125
通信质量,0,0,1,0,0,0,0,1,0.125
通信技术,0,0,1,0,0,0,0,1,0.125
通信研究,0,0,1,0,0,0,0,1,0.125
交流,0,0,1,0,0,0,0,1,0.125
信息时代,0,0,1,0,0,0,0,1,0.125
人类文明,0,0,1,0,0,0,0,1,0.125
横向滤波器,0,0,0,0,0,6,0,6,1.45
响应,0,0,0,0,0,5,0,5,1.2083333333333333
均方误差算法,0,0,0,0,0,3,0,3,0.725
迫零算法,0,0,0,0,0,3,0,3,0.725
线性均衡,0,0,0,0,0,3,0,3,0.725
线性方程组,0,0,0,0,0,2,0,2,0.48333333333333334
合成系统,0,0,0,0,0,2,0,2,0.48333333333333334
非线性均衡,0,0,0,0,0,2,0,2,0.48333333333333334
系统性能,0,0,0,0,0,1,0,1,0.24166666666666667
判决反馈均衡器,0,0,0,0,0,1,0,1,0.24166666666666667
失真,0,0,0,0,0,1,0,1,0.24166666666666667
集平均,0,0,0,0,0,1,0,1,0.24166666666666667
自相关,0,0,0,3,1,1,0,5,0.8583333333333334
上式函数,0,0,0,0,0,1,0,1,0.24166666666666667
互相关函数,0,0,0,0,0,1,0,1,0.24166666666666667
梯度,0,0,0,0,0,1,0,1,0.24166666666666667
加权抽头系数,0,0,0,0,0,1,0,1,0.24166666666666667
输出误差响应,0,0,0,0,0,1,0,1,0.24166666666666667
am均衡器,0,0,0,0,0,1,0,1,0.24166666666666667
二进制数据化,0,0,0,0,0,1,0,1,0.24166666666666667
mmse,0,0,0,0,0,1,0,1,0.24166666666666667
噪声环境,0,0,0,0,0,1,0,1,0.24166666666666667
单载波短波通信信道,0,0,0,0,0,1,0,1,0.24166666666666667
mse,0,0,0,0,0,1,0,1,0.24166666666666667
zero-frocing,0,0,0,0,0,1,0,1,0.24166666666666667
卷积,0,0,0,0,0,1,0,1,0.24166666666666667
冲激,0,0,0,0,1,1,0,2,0.48333333333333334
线性滤波器,0,0,0,0,0,1,0,1,0.24166666666666667
线性均衡技术,0,0,0,0,0,1,0,1,0.24166666666666667
信道均衡技术,0,0,0,0,0,1,0,1,0.24166666666666667
单载波短波通信,0,0,0,0,0,1,0,1,0.24166666666666667
滑动窗口,0,0,0,15,0,0,0,15,1.875
突发检测算法,0,0,0,12,0,0,0,12,1.5
能量,0,0,0,12,0,0,0,12,1.5
突发数据帧,0,0,0,11,0,0,0,11,1.375
能量检测算法,0,0,0,12,0,0,0,12,1.5
本地序列,0,0,0,7,0,0,0,7,0.875
双滑动窗口,0,0,0,8,0,0,0,8,1.0
单滑动窗口,0,0,0,8,0,0,0,8,1.0
检测算法,0,0,0,8,0,0,0,8,1.0
门限阈值,0,0,0,6,0,0,0,6,0.75
突发同步帧头,0,0,0,5,0,0,0,5,0.625
自相关运算,0,0,0,4,0,0,0,4,0.5
长序列,0,0,0,4,0,0,0,4,0.5
信号功率,0,0,0,4,0,0,0,4,0.5
同步检测算法,0,0,0,6,0,0,0,6,0.75
同步检测性能,0,0,0,6,0,0,0,6,0.75
序列相关检测算法,0,0,0,3,0,0,0,3,0.375
高斯白噪声,0,0,0,2,0,0,0,2,0.25
滑动窗口接收信号,0,0,0,2,0,0,0,2,0.25
能量检测,0,0,0,2,0,0,0,2,0.25
门限,0,0,0,2,0,0,0,2,0.25
窗口,0,0,0,2,0,0,0,2,0.25
滑动窗口法,0,0,0,2,0,0,0,2,0.25
突发间隔,0,0,0,2,0,0,0,2,0.25
处理数据量,0,0,0,2,0,0,0,2,0.25
突发检测,0,0,0,2,0,0,0,2,0.25
itz,0,0,0,2,0,0,0,2,0.25
检测,0,0,0,2,0,0,0,2,0.25
双滑动窗,0,0,0,2,0,0,0,2,0.25
滑动窗,0,0,0,2,0,0,0,2,0.25
自适应门限,0,0,0,2,0,0,0,2,0.25
单滑动窗口检测算法,0,0,0,1,0,0,0,1,0.125
相关性质,0,0,0,1,0,0,0,1,0.125
仿真曲线,0,0,0,1,0,0,0,1,0.125
捕获概率,0,0,0,1,3,0,0,4,0.85
捕获概率仿真曲线,0,0,0,1,0,0,0,1,0.125
k伪随机信,0,0,0,1,0,0,0,1,0.125
8ps,0,0,0,1,0,0,0,1,0.125
同步检测仿真,0,0,0,1,0,0,0,1,0.125
8psk序列,0,0,0,1,0,0,0,1,0.125
序列相关性,0,0,0,1,0,0,0,1,0.125
阈值门限,0,0,0,1,0,0,0,1,0.125
判决函数,0,0,0,1,0,0,0,1,0.125
门限阈,0,0,0,1,0,0,0,1,0.125
单滑动窗能量,0,0,0,1,0,0,0,1,0.125
双滑动窗口检测算法,0,0,0,1,0,0,0,1,0.125
实时信号检测,0,0,0,1,0,0,0,1,0.125
主分量,0,0,0,1,0,0,0,1,0.125
分析信号,0,0,0,1,0,0,0,1,0.125
检测性能,0,0,0,1,1,0,0,2,0.3666666666666667
时域能量,0,0,0,1,0,0,0,1,0.125
突发信号检测算,0,0,0,1,0,0,0,1,0.125
有效信号,0,0,0,1,0,0,0,1,0.125
数据量,0,0,0,1,0,0,0,1,0.125
频域能量统计检测算法,0,0,0,1,0,0,0,1,0.125
循环谱,0,0,0,1,0,0,0,1,0.125
高阶统计量检测算法,0,0,0,1,0,0,0,1,0.125
自相关能量统计检测算法,0,0,0,1,0,0,0,1,0.125
计量,0,0,0,1,0,0,0,1,0.125
经典算法,0,0,0,1,0,0,0,1,0.125
高斯信道,0,0,0,1,1,0,0,2,0.3666666666666667
不确定检测算法,0,0,0,1,0,0,0,1,0.125
检测算,0,0,0,1,0,0,0,1,0.125
时域突发检测算法,0,0,0,1,0,0,0,1,0.125
判决统计量,0,0,0,1,0,0,0,1,0.125
统计量,0,0,0,1,0,0,0,1,0.125
存在性检测,0,0,0,1,0,0,0,1,0.125
特指信号,0,0,0,1,0,0,0,1,0.125
itu,0,0,0,0,8,6,0,14,3.3833333333333333
itu好信道,0,0,0,0,1,7,0,8,1.9333333333333333
itu坏信道,0,0,0,0,4,4,0,8,1.9333333333333333
稀疏信道模型,0,0,0,0,0,2,2,4,0.9666666666666667
itu信道,0,0,0,0,0,3,0,3,0.725
短波信号,0,0,0,0,9,0,0,9,2.175
电离特性,0,0,0,0,5,0,0,5,1.2083333333333333
反射,0,0,0,0,4,0,0,4,0.9666666666666667
频率色散,0,0,0,0,3,0,0,3,0.725
d层,0,0,0,0,3,0,0,3,0.725
电离层特性,0,0,0,0,2,0,0,2,0.48333333333333334
吸收率,0,0,0,0,2,0,0,2,0.48333333333333334
补偿信号,0,0,0,0,1,0,0,1,0.24166666666666667
信号衰落,0,0,0,0,2,0,0,2,0.48333333333333334
偏移,0,0,0,0,1,0,0,1,0.24166666666666667
载波频率,0,0,0,0,1,0,0,1,0.24166666666666667
不规则运动特性,0,0,0,0,1,0,0,1,0.24166666666666667
多普勒频移特性,0,0,0,0,1,0,0,1,0.24166666666666667
频谱扩展现,0,0,0,0,1,0,0,1,0.24166666666666667
起伏,0,0,0,0,1,0,0,1,0.24166666666666667
多径传播效应,0,0,0,0,1,0,0,1,0.24166666666666667
传播路径长度,0,0,0,0,1,0,0,1,0.24166666666666667
反射率,0,0,0,0,1,0,0,1,0.24166666666666667
远距离短波通信,0,0,0,0,1,0,0,1,0.24166666666666667
f层反射,0,0,0,0,1,0,0,1,0.24166666666666667
自由电子密度,0,0,0,0,1,0,0,1,0.24166666666666667
近距离短波通信信号,0,0,0,0,1,0,0,1,0.24166666666666667
短波传播距离,0,0,0,0,1,0,0,1,0.24166666666666667
电离性质,0,0,0,0,1,0,0,1,0.24166666666666667
分层,0,0,0,0,1,0,0,1,0.24166666666666667
电离层分层,0,0,0,0,1,0,0,1,0.24166666666666667
反射现象,0,0,0,0,1,0,0,1,0.24166666666666667
散射,0,0,0,0,1,0,0,1,0.24166666666666667
折射,0,0,0,0,1,0,0,1,0.24166666666666667
电波信号,0,0,0,0,1,0,0,1,0.24166666666666667
自由离子,0,0,0,0,1,0,0,1,0.24166666666666667
自由电子,0,0,0,0,1,0,0,1,0.24166666666666667
电离,0,0,0,0,1,0,0,1,0.24166666666666667
电离层分层特性,0,0,0,0,1,0,0,1,0.24166666666666667
短波信道特性,0,0,0,0,1,0,0,1,0.24166666666666667
kay算法,0,0,0,14,0,0,0,14,1.75
频偏估计精度,0,0,0,7,0,0,0,7,0.875
fitz算法,0,0,0,11,0,0,0,11,1.375
频偏估计算法,0,0,0,4,0,0,0,4,0.5
误差估计性能,0,0,0,1,0,0,0,1,0.125
itu差信道,0,0,0,0,0,3,0,3,0.725
awgn,0,0,0,0,3,2,0,5,1.2083333333333333
决反馈均衡,0,0,0,0,0,1,0,1,0.24166666666666667
衰落特性,0,0,0,0,0,1,0,1,0.24166666666666667
接收性能,0,0,0,0,0,1,0,1,0.24166666666666667
深衰落期,0,0,0,0,0,1,0,1,0.24166666666666667
衰落持续时间,0,0,0,0,0,1,0,1,0.24166666666666667
瑞利衰落模型,0,0,0,0,0,1,0,1,0.24166666666666667
rake接收,0,0,0,0,0,1,0,1,0.24166666666666667
解调器,0,0,0,0,0,1,0,1,0.24166666666666667
径信息,0,0,0,0,0,1,0,1,0.24166666666666667
rake,0,0,0,0,0,1,0,1,0.24166666666666667
错误概率,0,0,0,0,0,1,0,1,0.24166666666666667
错误平台,0,0,0,0,0,1,0,1,0.24166666666666667
仿真误比特率,0,0,0,0,0,1,0,1,0.24166666666666667
接收结,0,0,0,0,0,1,0,1,0.24166666666666667
仿真传输速率,0,0,0,0,0,1,0,1,0.24166666666666667
采样率,0,0,0,0,1,1,0,2,0.48333333333333334
rayleighchan函数,0,0,0,0,1,1,0,2,0.48333333333333334
性能仿真,0,0,0,0,0,1,0,1,0.24166666666666667
整数倍频偏估计,0,0,0,0,5,0,0,5,1.2083333333333333
倍频偏估计,0,0,0,0,2,0,0,2,0.48333333333333334
对称自相关,0,0,0,0,2,0,0,2,0.48333333333333334
伪随机时域加权因子,0,0,0,0,2,0,0,2,0.48333333333333334
对称自相关结构,0,0,0,0,3,0,0,3,0.725
小数倍,0,0,0,0,1,0,0,1,0.24166666666666667
整数倍,0,0,0,0,1,0,0,1,0.24166666666666667
小数倍频偏勺,0,0,0,0,1,0,0,1,0.24166666666666667
小数倍频偏角度,0,0,0,0,1,0,0,1,0.24166666666666667
角度,0,0,0,0,1,0,0,1,0.24166666666666667
下式网,0,0,0,0,1,0,0,1,0.24166666666666667
去加权,0,0,0,0,1,0,0,1,0.24166666666666667
小数倍频,0,0,0,0,1,0,0,1,0.24166666666666667
重复特性,0,0,0,0,1,0,0,1,0.24166666666666667
推导表达式,0,0,0,0,1,0,0,1,0.24166666666666667
pn序列加权信号,0,0,0,0,1,0,0,1,0.24166666666666667
定义度量,0,0,0,0,1,0,0,1,0.24166666666666667
二维搜索算法,0,0,0,0,2,0,1,3,0.725
伪随机性,0,0,0,0,1,0,0,1,0.24166666666666667
对称自相关性,0,0,0,0,1,0,0,1,0.24166666666666667
倍频偏,0,0,0,0,2,0,0,2,0.48333333333333334
姑叩,0,0,0,0,1,0,0,1,0.24166666666666667
京耳,0,0,0,0,1,0,0,1,0.24166666666666667
序列c,0,0,0,0,1,0,0,1,0.24166666666666667
广心,0,0,0,0,1,0,0,1,0.24166666666666667
温奶,0,0,0,0,1,0,0,1,0.24166666666666667
对称性,0,0,0,0,1,0,0,1,0.24166666666666667
倍频偏估计算,0,0,0,0,1,0,0,1,0.24166666666666667
整数,0,0,0,0,1,0,0,1,0.24166666666666667
对称特性,0,0,0,0,1,0,0,1,0.24166666666666667
加权,0,0,0,0,1,0,0,1,0.24166666666666667
实pn序列,0,0,0,0,1,0,0,1,0.24166666666666667
cccc,0,0,0,0,1,0,0,1,0.24166666666666667
pn序,0,0,0,0,1,0,0,1,0.24166666666666667
cpc,0,0,0,0,1,0,0,1,0.24166666666666667
ofdm数据时域,0,0,0,0,1,0,0,1,0.24166666666666667
模值,0,0,0,0,1,0,0,1,0.24166666666666667
watterson模型,0,0,0,0,7,0,0,7,1.6916666666666667
短波信道模型,0,0,0,0,5,0,0,5,1.2083333333333333
时变频率响应,0,0,0,0,3,0,0,3,0.725
功率谱,0,0,0,0,2,0,0,2,0.48333333333333334
傅里叶变换,0,0,0,0,2,0,0,2,0.48333333333333334
变量,0,0,0,0,2,0,0,2,0.48333333333333334
短波通信仿真,0,0,0,0,1,0,0,1,0.24166666666666667
多普勒功率谱,0,0,0,0,1,0,0,1,0.24166666666666667
衰落幅度,0,0,0,0,1,0,0,1,0.24166666666666667
各径时延,0,0,0,0,1,0,0,1,0.24166666666666667
路径增益函数,0,0,0,0,1,0,0,1,0.24166666666666667
次应力,0,0,0,0,1,0,0,1,0.24166666666666667
terson,0,0,0,0,1,0,0,1,0.24166666666666667
watterson,0,0,0,0,1,0,0,1,0.24166666666666667
相位调制,0,0,0,0,1,0,0,1,0.24166666666666667
幅度,0,0,0,0,1,0,0,1,0.24166666666666667
抽头增益函数,0,0,0,0,1,0,0,1,0.24166666666666667
短波传输,0,0,0,0,1,0,0,1,0.24166666666666667
时延抽头,0,0,0,0,1,0,0,1,0.24166666666666667
多时延抽头模型,0,0,0,0,1,0,0,1,0.24166666666666667
传输时间,0,0,0,0,1,0,0,1,0.24166666666666667
时变衰减,0,0,0,0,1,0,0,1,0.24166666666666667
路径信道响应,0,0,0,0,1,0,0,1,0.24166666666666667
单路径,0,0,0,0,1,0,0,1,0.24166666666666667
带宽,0,0,0,0,2,0,0,2,0.48333333333333334
窄带短波通信系统,0,0,0,0,1,0,0,1,0.24166666666666667
短波信道模拟器,0,0,0,0,1,0,0,1,0.24166666666666667
窄带信号模型,0,0,0,0,1,0,0,1,0.24166666666666667
内部时延,0,0,0,0,1,0,0,1,0.24166666666666667
路径,0,0,0,0,1,0,0,1,0.24166666666666667
接收处理,0,0,0,0,1,0,0,1,0.24166666666666667
数学模型,0,0,0,0,1,0,0,1,0.24166666666666667
漏检概率,0,0,0,0,3,0,0,3,0.725
好信道,0,0,0,0,3,0,0,3,0.725
漏检测,0,0,0,0,3,0,0,3,0.725
同步头漏检概率,0,0,0,0,2,0,0,2,0.48333333333333334
漏检测概率,0,0,0,0,1,0,0,1,0.24166666666666667
体制,0,0,0,0,1,0,0,1,0.24166666666666667
对数坐标,0,0,0,0,1,0,0,1,0.24166666666666667
纵坐标轴,0,0,0,0,1,0,0,1,0.24166666666666667
仿真信噪比,0,0,0,0,1,0,0,1,0.24166666666666667
数据包,0,0,0,0,1,0,0,1,0.24166666666666667
matlab仿真,0,0,0,0,1,0,0,1,0.24166666666666667
itu中信道,0,0,0,0,1,0,0,1,0.24166666666666667
两径时延,0,0,0,0,1,0,0,1,0.24166666666666667
itu仿真信道,0,0,0,0,1,0,0,1,0.24166666666666667
1tu信道,0,0,0,0,1,0,0,1,0.24166666666666667
信道仿真,0,0,0,0,1,0,0,1,0.24166666666666667
径吋延差,0,0,0,0,1,0,0,1,0.24166666666666667
瑞利哀落信道,0,0,0,0,1,0,0,1,0.24166666666666667
传输特性,0,0,0,0,1,0,0,1,0.24166666666666667
同步性能仿真,0,0,0,0,1,0,0,1,0.24166666666666667
文献网算法,0,0,0,0,0,0,2,2,0.48333333333333334
突发同步算法,0,0,0,0,2,0,1,3,0.725
仿真性能,0,0,0,0,0,0,1,1,0.24166666666666667
短波通信信道,0,0,0,0,0,0,1,1,0.24166666666666667
估计算法,0,0,0,0,0,0,1,1,0.24166666666666667
通信环境,0,0,0,0,1,0,1,2,0.48333333333333334
文献回算法,0,0,0,0,0,0,1,1,0.24166666666666667
频偏估计性能,0,0,0,0,1,0,1,2,0.48333333333333334
定时同步性能,0,0,0,0,3,0,1,4,0.9666666666666667
频偏估计范围,0,0,0,0,1,0,1,2,0.48333333333333334
信道估计技术,0,0,0,0,0,0,1,1,0.24166666666666667
新兴理论,0,0,0,0,0,0,1,1,0.24166666666666667
压缩感知技术,0,0,0,0,0,2,1,3,0.725
无偏估计,0,0,0,1,1,0,0,2,0.3666666666666667
共辆转置,0,0,0,1,0,0,0,1,0.125
概率密度函数,0,0,0,1,0,0,0,1,0.125
复加性高斯白,0,0,0,1,0,0,0,1,0.125
均值,0,0,0,1,0,0,0,1,0.125
矢量,0,0,0,1,0,0,0,1,0.125
矩阵刀,0,0,0,1,0,0,0,1,0.125
pn序列表达式,0,0,0,1,0,0,0,1,0.125
仿真分,0,0,0,0,1,0,0,1,0.24166666666666667
调制解调技,0,0,0,0,1,0,0,1,0.24166666666666667
编译码,0,0,0,0,1,0,0,1,0.24166666666666667
文献时算法,0,0,0,0,1,0,0,1,0.24166666666666667
频选信道,0,0,0,0,0,2,0,2,0.48333333333333334
缓变信道,0,0,0,0,0,2,0,2,0.48333333333333334
联合稀疏信道,0,0,0,0,0,1,0,1,0.24166666666666667
连续符号,0,0,0,0,0,1,0,1,0.24166666666666667
联合重构信道,0,0,0,0,0,1,0,1,0.24166666666666667
传输信道,0,0,0,0,1,1,0,2,0.48333333333333334
mimo-ofdm系统,0,0,0,0,0,1,0,1,0.24166666666666667
时域稀疏性,0,0,0,0,0,1,0,1,0.24166666666666667
无线双选信道,0,0,0,0,0,1,0,1,0.24166666666666667
taubock,0,0,0,0,0,1,0,1,0.24166666666666667
无线信道估计,0,0,0,0,0,1,0,1,0.24166666666666667
稀疏特征,0,0,0,0,0,1,0,1,0.24166666666666667
稀疏分布特性,0,0,0,0,0,1,0,1,0.24166666666666667
l&r算法,0,0,0,5,0,0,0,5,0.625
载波同步算法,0,0,0,4,0,0,0,4,0.5
锁相环,0,0,0,3,0,0,0,3,0.375
闭环反馈算法,0,0,0,3,0,0,0,3,0.375
开环前馈算法,0,0,0,3,0,0,0,3,0.375
插入导频法,0,0,0,3,0,0,0,3,0.375
估计,0,0,0,2,0,0,0,2,0.25
自相关函数,0,0,0,2,0,0,0,2,0.25
载波频偏估计算,0,0,0,2,0,0,0,2,0.25
编码辅助算法,0,0,0,2,0,0,0,2,0.25
通信持续时间,0,0,0,2,0,0,0,2,0.25
载波参数,0,0,0,2,0,0,0,2,0.25
速度,0,0,0,2,0,0,0,2,0.25
精度,0,0,0,2,0,0,0,2,0.25
载波信息,0,0,0,2,0,0,0,2,0.25
窄带滤波器,0,0,0,2,0,0,0,2,0.25
直接法,0,0,0,2,0,0,0,2,0.25
近似算法,0,0,0,1,0,0,0,1,0.125
l&r,0,0,0,1,0,0,0,1,0.125
观测数据,0,0,0,1,0,0,0,1,0.125
频偏估计方差,0,0,0,1,0,0,0,1,0.125
近似求解,0,0,0,1,0,0,0,1,0.125
简化算法,0,0,0,1,0,0,0,1,0.125
求解过程,0,0,0,1,0,0,0,1,0.125
约束条件,0,0,0,1,0,0,0,1,0.125
求解,0,0,0,1,0,0,0,1,0.125
复高斯白噪声,0,0,0,1,0,0,0,1,0.125
同分布数据,0,0,0,1,0,0,0,1,0.125
等概率,0,0,0,1,0,0,0,1,0.125
调制数据,0,0,0,1,0,0,0,1,0.125
无码间干扰,0,0,0,1,0,0,0,1,0.125
符号同步,0,0,0,1,0,0,0,1,0.125
似然估计算法,0,0,0,1,0,0,0,1,0.125
相偏估计算法,0,0,0,1,0,0,0,1,0.125
前向载波频偏估计算法,0,0,0,1,0,0,0,1,0.125
载波同步参数,0,0,0,1,0,0,0,1,0.125
参数估计理论,0,0,0,1,0,0,0,1,0.125
导频信息,0,0,0,1,0,0,0,1,0.125
辅助,0,0,0,1,0,0,0,1,0.125
时变载波信息,0,0,0,1,0,0,0,1,0.125
收敛过程,0,0,0,1,0,0,0,1,0.125
同步参数,0,0,0,1,0,0,0,1,0.125
导频分量,0,0,0,1,0,0,0,1,0.125
正弦波,0,0,0,1,0,0,0,1,0.125
软件算法,0,0,0,1,0,0,0,1,0.125
costas环法,0,0,0,1,0,0,0,1,0.125
平方变换法,0,0,0,1,0,0,0,1,0.125
逆调制法,0,0,0,1,0,0,0,1,0.125
载波同步信号,0,0,0,1,0,0,0,1,0.125
载波分量,0,0,0,1,0,0,0,1,0.125
载波相位同步,0,0,0,1,0,0,0,1,0.125
载波频率同步,0,0,0,1,0,0,0,1,0.125
大m序列,0,0,0,0,5,0,0,5,1.2083333333333333
信道增益,0,0,0,0,3,0,0,3,0.725
接收序列,0,0,0,0,3,0,0,3,0.725
fft,0,0,0,0,3,0,0,3,0.725
升余弦滤波器,0,0,0,0,3,0,0,3,0.725
传输数据,0,0,0,0,2,0,0,2,0.48333333333333334
频率分辨率,0,0,0,0,2,0,0,2,0.48333333333333334
循环,0,0,0,0,2,0,0,2,0.48333333333333334
线性反馈函数,0,0,0,0,2,0,0,2,0.48333333333333334
同步码,0,0,0,0,2,0,0,2,0.48333333333333334
分段,0,0,0,0,1,0,0,1,0.24166666666666667
估计值,0,0,0,0,1,0,0,1,0.24166666666666667
本地同步头,0,0,0,0,1,0,0,1,0.24166666666666667
峰值数据,0,0,0,0,1,0,0,1,0.24166666666666667
粗搜索,0,0,0,0,1,0,0,1,0.24166666666666667
频率细,0,0,0,0,1,0,0,1,0.24166666666666667
残留频偏,0,0,0,0,1,0,0,1,0.24166666666666667
步长域,0,0,0,0,1,0,0,1,0.24166666666666667
剩余频偏,0,0,0,0,1,0,0,1,0.24166666666666667
频偏探测,0,0,0,0,1,0,0,1,0.24166666666666667
fft谱线,0,0,0,0,1,0,0,1,0.24166666666666667
同步头搜索框,0,0,0,0,1,0,0,1,0.24166666666666667
步长,0,0,0,0,1,0,0,1,0.24166666666666667
频率分量,0,0,0,0,1,0,0,1,0.24166666666666667
剩余频,0,0,0,0,1,0,0,1,0.24166666666666667
fft分辨率,0,0,0,0,1,0,0,1,0.24166666666666667
谱线,0,0,0,0,1,0,0,1,0.24166666666666667
同步序列,0,0,0,0,1,0,0,1,0.24166666666666667
频域处理,0,0,0,0,1,0,0,1,0.24166666666666667
时域相关,0,0,0,0,1,0,0,1,0.24166666666666667
本地同步序列,0,0,0,0,1,0,0,1,0.24166666666666667
时域滑动,0,0,0,0,1,0,0,1,0.24166666666666667
复数值,0,0,0,0,1,0,0,1,0.24166666666666667
n点信号,0,0,0,0,1,0,0,1,0.24166666666666667
数字信号处理理论,0,0,0,0,1,0,0,1,0.24166666666666667
根号,0,0,0,0,1,0,0,1,0.24166666666666667
并行检测器,0,0,0,0,1,0,0,1,0.24166666666666667
同步头捕获,0,0,0,0,1,0,0,1,0.24166666666666667
m序列特征,0,0,0,0,1,0,0,1,0.24166666666666667
m序列发生器,0,0,0,0,1,0,0,1,0.24166666666666667
特征多项式,0,0,0,0,1,0,0,1,0.24166666666666667
直接构造,0,0,0,0,1,0,0,1,0.24166666666666667
发生器,0,0,0,0,1,0,0,1,0.24166666666666667
1024位m序列,0,0,0,0,1,0,0,1,0.24166666666666667
输入比,0,0,0,0,1,0,0,1,0.24166666666666667
bpsk,0,0,0,0,1,0,0,1,0.24166666666666667
扩频调制,0,0,0,0,1,0,0,1,0.24166666666666667
bpsk调制,0,0,0,0,1,0,0,1,0.24166666666666667
大m序列周期,0,0,0,0,1,0,0,1,0.24166666666666667
最长线性移位寄存器序列,0,0,0,0,1,0,0,1,0.24166666666666667
自相关性,0,0,0,0,1,0,0,1,0.24166666666666667
dsp处,0,0,0,0,1,0,0,1,0.24166666666666667
ds-bpsk信号,0,0,0,0,1,0,0,1,0.24166666666666667
小数倍频偏估计,0,0,0,0,3,0,0,3,0.725
方差曲线,0,0,0,0,1,0,0,1,0.24166666666666667
时间利用率,0,0,0,0,1,0,0,1,0.24166666666666667
捕获性能,0,0,0,0,1,0,0,1,0.24166666666666667
低信噪比,0,0,0,0,1,0,0,1,0.24166666666666667
定时同步捕获概率曲线,0,0,0,0,1,0,0,1,0.24166666666666667
定时度量函数曲线,0,0,0,0,1,0,0,1,0.24166666666666667
频偏搜索,0,0,0,0,1,0,0,1,0.24166666666666667
随机长度,0,0,0,0,1,0,0,1,0.24166666666666667
模拟接收端,0,0,0,0,1,0,0,1,0.24166666666666667
cp长度,0,0,0,0,1,0,0,1,0.24166666666666667
fft点数,0,0,0,0,1,0,0,1,0.24166666666666667
qpsk,0,0,0,0,1,0,0,1,0.24166666666666667
参数参数,0,0,0,0,1,0,0,1,0.24166666666666667
同步算法性能,0,0,0,0,1,0,0,1,0.24166666666666667
蒙特卡洛,0,0,0,0,1,0,0,1,0.24166666666666667
