,摘要,关键词,第一章,第二章,第三章,第四章,第五章,总词频,加权得分
卷积码,0,0,11,10,1,0,0,22,2.8666666666666667
信道编码理论,0,0,7,0,0,0,0,7,0.875
码字,0,0,6,22,2,0,0,30,3.9833333333333334
编码,0,0,6,2,5,3,0,16,2.9333333333333336
冗余信息,0,0,4,0,0,0,0,4,0.5
通信系统,0,0,7,3,0,9,0,19,3.425
汉明码,0,0,3,0,0,0,0,3,0.375
信息比特,0,0,3,0,3,1,0,7,1.3416666666666668
信道编码,2,0,4,1,0,1,0,8,2.8666666666666667
误比特率,0,0,3,0,0,5,0,8,1.5833333333333333
信息,0,0,4,4,10,1,0,19,3.658333333333333
viterbi译码算法,0,0,5,8,7,0,0,20,3.3166666666666664
分组码,0,0,3,0,0,0,0,3,0.375
比特,0,0,4,0,4,9,0,17,3.6416666666666666
译码,0,0,12,33,26,6,0,77,13.358333333333334
香农,0,0,2,0,1,0,0,3,0.4916666666666667
信道容量,0,0,2,0,0,0,0,2,0.25
纠错码,0,0,2,0,0,0,0,2,0.25
差错控制编码,0,0,2,0,0,0,0,2,0.25
干扰,1,0,2,0,0,1,0,4,1.4916666666666667
信号传输,0,0,2,0,0,0,0,2,0.25
传输,0,0,2,0,0,0,0,2,0.25
性能,2,0,6,0,7,28,0,43,11.208333333333334
复杂度,2,0,9,8,29,13,0,61,14.275
外码,0,0,1,0,0,0,0,1,0.125
内码,0,0,1,0,0,0,0,1,0.125
级联码,0,0,1,0,2,0,0,3,0.6083333333333334
级联码思想,0,0,1,0,0,0,0,1,0.125
is-95cdma,0,0,1,0,0,0,0,1,0.125
通信标准,0,0,1,0,0,0,0,1,0.125
网格译码算法,0,0,1,0,0,0,0,1,0.125
bi,0,0,1,0,0,0,0,1,0.125
vi,0,0,1,0,0,0,0,1,0.125
约束长度,0,0,1,11,5,0,0,17,2.708333333333333
卷积译码,0,0,1,1,0,0,0,2,0.25
序列译码,0,0,1,7,0,0,0,8,1.0
信道编译码技术,0,0,1,0,0,0,0,1,0.125
软判决技术,0,0,1,0,0,0,0,1,0.125
编码理论,0,0,1,0,0,0,0,1,0.125
联合译码,0,0,1,0,0,0,0,1,0.125
内部寄存器,0,0,1,0,0,0,0,1,0.125
比特个数,0,0,1,0,0,0,0,1,0.125
编码器,0,0,2,9,19,6,0,36,7.416666666666667
比特数量,0,0,1,0,0,0,0,1,0.125
校验,0,0,1,0,0,0,0,1,0.125
校验位,0,0,1,0,12,0,0,13,3.025
编码效率,0,0,1,0,0,0,0,1,0.125
汉明码⑶,0,0,1,0,0,0,0,1,0.125
错误码字,0,0,1,1,0,0,0,2,0.25
码字传输,0,0,1,0,0,0,0,1,0.125
计算机,0,0,1,0,0,0,0,1,0.125
译码器,0,0,2,6,17,11,0,36,7.766666666666667
7比特,0,0,1,0,0,0,0,1,0.125
校验比特,0,0,1,0,0,1,0,2,0.3666666666666667
线性,0,0,1,0,0,0,0,1,0.125
数据,0,0,1,2,2,2,0,7,1.3416666666666668
输入比特,0,0,1,0,0,1,0,2,0.3666666666666667
可靠传输,0,0,1,0,0,0,0,1,0.125
通信,0,0,1,0,0,1,0,2,0.3666666666666667
香农理论,0,0,1,0,0,0,0,1,0.125
错误率,0,0,1,0,0,0,0,1,0.125
接收端译码,0,0,1,0,0,0,0,1,0.125
信息传输速率,0,0,1,0,0,0,0,1,0.125
信道,0,0,1,5,3,22,0,31,6.791666666666667
有噪信道,0,0,1,1,0,0,0,2,0.25
on,0,0,1,0,0,0,0,1,0.125
sh,0,0,1,0,0,0,0,1,0.125
编码理论学科,0,0,1,0,0,0,0,1,0.125
信息与,0,0,1,0,0,0,0,1,0.125
communication,0,0,1,0,0,0,0,1,0.125
amathematicaltheory,0,0,1,0,0,0,0,1,0.125
通信的数学理论,0,0,1,0,0,0,0,1,0.125
通信理论,0,0,1,0,0,0,0,1,0.125
贝尔实验室,0,0,1,0,0,0,0,1,0.125
传输过程,0,0,1,0,0,0,0,1,0.125
数据传输,0,0,1,0,0,0,0,1,0.125
原始数据,0,0,1,0,0,0,0,1,0.125
始数据,0,0,1,0,0,0,0,1,0.125
发射端,0,0,1,0,0,0,0,1,0.125
代通信系统,0,0,1,0,0,0,0,1,0.125
高可靠性通信,0,0,1,0,0,0,0,1,0.125
误码性能,0,0,1,0,0,0,0,1,0.125
信通系统,0,0,1,0,0,0,0,1,0.125
抗干扰能力,0,0,1,0,0,0,0,1,0.125
增强系统,0,0,1,0,0,0,0,1,0.125
信道均衡,0,0,1,0,0,2,0,3,0.6083333333333334
系统,1,0,2,0,1,7,0,11,3.1833333333333336
信噪比,0,0,6,5,11,3,0,25,4.758333333333333
解调,0,0,1,0,0,0,0,1,0.125
调制,0,0,2,0,0,1,0,3,0.4916666666666667
发送功率,0,0,1,0,0,0,0,1,0.125
扩频,0,0,1,0,0,0,0,1,0.125
误码,0,0,1,0,0,0,0,1,0.125
信号,0,0,1,1,0,9,0,11,2.425
噪声干扰,0,0,1,0,0,0,0,1,0.125
信道条件,0,0,1,0,0,0,0,1,0.125
传输条件,0,0,1,0,0,0,0,1,0.125
物理信道,0,0,1,0,0,1,0,2,0.3666666666666667
turbo码,5,0,12,1,20,4,0,42,12.425
bcjr算法,0,0,11,0,2,0,0,13,1.8583333333333334
译码复杂度,0,0,9,5,13,2,0,29,5.375
译码性能,1,0,3,2,22,1,0,29,7.183333333333334
turbo译码器,3,0,4,1,11,30,0,49,13.533333333333333
分量码,0,0,2,0,2,0,0,4,0.7333333333333334
译码算法,0,0,6,11,13,0,0,30,5.266666666666667
维特比译码,0,0,3,10,2,0,0,15,2.1083333333333334
标准,0,0,2,0,0,0,0,2,0.25
turbo2.0,0,0,1,0,0,0,0,1,0.125
打孔,0,0,1,0,0,0,0,1,0.125
咬尾,0,0,1,0,0,0,0,1,0.125
编码理,0,0,1,0,0,0,0,1,0.125
polar码口,0,0,1,0,0,0,0,1,0.125
ldpc码口,0,0,1,0,0,0,0,1,0.125
民用通信,0,0,1,0,0,0,0,1,0.125
信道译码标准,0,0,1,0,0,0,0,1,0.125
lte系统,0,0,2,0,0,0,0,2,0.25
简化算法,2,0,1,1,2,0,0,6,2.7333333333333334
sova译码算法,0,0,2,0,4,0,0,6,1.2166666666666668
sova算法,2,0,12,3,69,3,0,89,21.275
turbo译码,0,0,6,0,13,8,0,27,5.825
max-log-map算法,0,0,3,0,26,1,0,30,6.9
log-map算法,2,0,3,0,32,11,0,48,12.766666666666667
map算法,0,0,4,0,23,2,0,29,6.541666666666667
后验概率,0,0,3,0,11,0,0,14,3.033333333333333
turbo码网,0,0,1,0,0,0,0,1,0.125
软输出,0,0,1,1,4,0,0,6,1.2166666666666668
sova,0,0,4,2,8,0,0,14,2.6833333333333336
viterbi,0,0,2,1,4,0,0,7,1.3416666666666668
维特比,0,0,3,1,0,0,0,4,0.5
turbo译码算法,1,0,3,0,5,5,0,14,3.7916666666666665
输出信息,0,0,1,0,0,0,0,1,0.125
长码,0,0,1,0,2,0,0,3,0.6083333333333334
伪随机特,0,0,1,0,0,0,0,1,0.125
交织器,0,0,1,0,21,5,0,27,6.408333333333333
turbo码编码器,0,0,1,0,0,1,0,2,0.3666666666666667
并行级联卷积码,0,0,1,0,0,0,0,1,0.125
ieee通信,0,0,1,0,0,0,0,1,0.125
香农极限,0,0,1,0,0,0,0,1,0.125
增益,0,0,1,0,0,3,0,4,0.85
译码效率,0,0,1,1,0,1,0,3,0.4916666666666667
数量,0,0,1,1,0,2,0,4,0.7333333333333334
寄存器,0,0,1,5,4,2,0,12,2.2
基本编码,0,0,1,0,0,0,0,1,0.125
ccsds,2,0,3,0,13,8,0,26,7.45
遥测信道编码,0,0,2,0,0,0,0,2,0.25
空间数据系统,1,0,2,0,0,0,0,3,1.25
信道编码标准,0,0,1,0,0,0,0,1,0.125
深空通信,2,0,1,0,0,0,0,3,2.125
卫星通信,1,0,1,0,0,0,0,2,1.125
高性能,0,0,1,0,0,0,0,1,0.125
深空通信系统,0,0,1,0,0,0,0,1,0.125
传输时延,1,0,1,0,0,1,0,3,1.3666666666666667
通信距离,0,0,1,0,0,0,0,1,0.125
实时性,0,0,1,0,0,0,0,1,0.125
迭代译码结构,0,0,1,0,0,0,0,1,0.125
香农限,1,0,1,0,1,0,0,3,1.3666666666666667
迭代译码,0,0,1,0,3,0,0,4,0.85
轨道数据,0,0,1,0,0,0,0,1,0.125
无线电外测,0,0,1,0,0,0,0,1,0.125
格式化数据单元,0,0,1,0,0,0,0,1,0.125
轨道运行,0,0,1,0,0,0,0,1,0.125
射频,0,0,1,0,0,1,0,2,0.3666666666666667
遥控,0,0,1,0,0,0,0,1,0.125
分组遥测,0,0,1,0,0,0,0,1,0.125
宇宙开发事业,0,0,1,0,0,0,0,1,0.125
航空航天管理,0,0,1,0,0,0,0,1,0.125
cnsa,0,0,1,0,0,0,0,1,0.125
航天局,0,0,1,0,0,0,0,1,0.125
空间组,0,0,1,0,0,0,0,1,0.125
数据处理规范,0,0,1,0,0,0,0,1,0.125
通信协议,0,0,1,0,0,0,0,1,0.125
数据处理系统,0,0,1,0,0,0,0,1,0.125
空间通信,0,0,1,0,0,0,0,1,0.125
forspacedatasystem,0,0,1,0,0,0,0,1,0.125
ive,0,0,1,0,0,0,0,1,0.125
lt,0,0,1,0,0,0,0,1,0.125
3ccsds,0,0,1,0,0,0,0,1,0.125
路径,0,0,6,37,26,5,0,74,12.866666666666667
似然路径,1,0,5,10,34,2,0,52,11.575
t-sova算法,0,0,5,1,41,32,0,79,18.391666666666666
软输入,0,0,2,0,1,0,0,3,0.4916666666666667
维特比译码算法,0,0,5,21,9,1,0,36,5.666666666666666
lazyviterbi译码算法,0,0,2,0,1,0,0,3,0.4916666666666667
性能损失,0,0,2,1,2,2,0,7,1.3416666666666668
计算量,1,0,2,3,4,0,0,10,2.591666666666667
度量,0,0,2,6,4,0,0,12,1.9666666666666668
算法,0,0,2,5,5,0,0,12,2.083333333333333
节点,0,0,2,37,38,2,0,79,14.541666666666666
似然译码,0,0,2,10,0,0,0,12,1.5
turbo均衡,0,0,2,0,0,7,0,9,1.9416666666666667
单载波频域均衡,0,0,1,0,0,1,0,2,0.3666666666666667
系统性能,0,0,2,0,0,2,0,4,0.7333333333333334
工作信噪比,0,0,1,0,0,0,0,1,0.125
低信噪比,1,0,1,0,5,1,0,8,2.575
单载波频域均衡系统,0,0,1,0,0,6,0,7,1.575
多天线,0,0,2,0,0,1,0,3,0.4916666666666667
mimo-scfde通信系统,2,0,1,0,1,9,0,13,4.541666666666666
低复杂度turbo码,0,0,1,0,0,0,0,1,0.125
mimo-scfde系统,1,0,2,0,0,10,0,13,3.6666666666666665
分支路径,1,0,1,7,7,0,0,16,3.6916666666666664
竞争路径,0,0,1,0,18,3,0,22,5.2
最小度量,0,0,1,1,0,0,0,2,0.25
log-likelihoodratio,0,0,1,0,0,0,0,1,0.125
llr,0,0,1,0,13,0,0,14,3.2666666666666666
分支路径算法,0,0,1,0,0,0,0,1,0.125
路径度量值,0,0,1,1,2,6,0,10,2.1833333333333336
译码路径,0,0,1,0,0,0,0,1,0.125
硬件算法,0,0,1,0,0,0,0,1,0.125
软件,0,0,1,0,0,0,0,1,0.125
指数型增长,0,0,1,0,0,0,0,1,0.125
内部寄存器长度,0,0,1,0,0,0,0,1,0.125
二进制信息符号译码,0,0,1,0,0,0,0,1,0.125
译码时延,0,0,1,0,2,0,0,3,0.6083333333333334
指数型,0,0,1,0,0,0,0,1,0.125
分支度量,0,0,1,7,5,3,0,16,2.9333333333333336
度量值,0,0,1,12,11,5,0,29,5.491666666666667
状态转移度量,0,0,1,0,1,0,0,2,0.3666666666666667
后向分支度量,0,0,1,0,3,0,0,4,0.85
前向分支度量,0,0,1,0,2,0,0,3,0.6083333333333334
max-log-map,0,0,1,0,3,0,0,4,0.85
对数查表,0,0,1,0,0,0,0,1,0.125
对数,0,0,1,2,14,1,0,18,4.0
log-map,0,0,1,0,6,1,0,8,1.8166666666666667
对数运算,0,0,1,0,0,0,0,1,0.125
搜索路径,0,0,1,1,3,0,0,5,0.975
深度,0,0,1,5,2,0,0,8,1.2333333333333334
广度,0,0,1,0,0,0,0,1,0.125
译码策略,0,0,1,0,0,0,0,1,0.125
后验概率译码,0,0,1,1,0,0,0,2,0.25
先验概率,0,0,1,1,1,0,0,3,0.4916666666666667
状态数,0,0,1,0,1,0,0,2,0.3666666666666667
viterbi译码,0,0,1,0,1,0,0,2,0.3666666666666667
序列,0,0,1,8,0,1,0,10,1.3666666666666667
状态转移编码器,0,0,1,0,0,0,0,1,0.125
误符号率,0,0,1,0,0,0,0,1,0.125
符号,0,0,1,2,1,6,0,10,2.0666666666666664
软输出维特比,0,0,1,0,0,0,0,1,0.125
va,0,0,1,0,1,0,0,2,0.3666666666666667
低复杂度译码,1,0,2,0,2,1,0,6,1.975
均衡器,1,0,1,0,0,8,0,10,3.0583333333333336
单载波频域,0,0,1,0,0,3,0,4,0.85
mimo-scfde,0,0,1,0,0,4,0,5,1.0916666666666668
outputviterbialgorithm,0,0,1,0,0,0,0,1,0.125
inputsoft,0,0,1,0,0,0,0,1,0.125
trimmings,0,0,1,0,2,0,0,3,0.6083333333333334
mlpath,0,0,1,1,2,0,0,4,0.7333333333333334
a*译码算法,0,0,1,1,4,0,0,6,1.2166666666666668
dijkstra算法,0,0,1,7,0,0,0,8,1.0
人工智能,0,0,1,2,0,0,0,3,0.375
sequentialdecodingalgorithm,0,0,1,1,0,0,0,2,0.25
序列译码算法,0,0,1,14,8,0,0,23,3.8083333333333336
viterbidecodingalgorithm,0,0,1,0,0,0,0,1,0.125
信道译码,0,0,1,6,3,3,0,13,2.325
信道编译码,0,0,1,0,0,1,0,2,0.3666666666666667
概率,0,0,0,4,4,0,0,8,1.4666666666666668
似然函数,0,0,0,5,0,0,0,5,0.625
汉明距离,0,0,0,5,0,0,0,5,0.625
二进制对称信道,0,0,0,2,0,0,0,2,0.25
译码规则,0,0,0,2,0,0,0,2,0.25
常数,0,0,0,2,2,1,0,5,0.975
平均误码率,0,0,0,2,0,0,0,2,0.25
输出码字,0,0,0,2,0,0,0,2,0.25
接收码字,0,0,0,3,2,0,0,5,0.8583333333333334
log,0,0,0,1,0,0,0,1,0.125
bsc,0,0,0,1,0,0,0,1,0.125
最佳译码,0,0,0,1,0,0,0,1,0.125
发送,0,0,0,1,0,0,0,1,0.125
接收端,0,0,0,4,0,12,0,16,3.4
实通信系统,0,0,0,1,0,0,0,1,0.125
加权,0,0,0,1,0,1,0,2,0.3666666666666667
条件概率,0,0,0,1,0,0,0,1,0.125
团山,0,0,0,1,0,0,0,1,0.125
对数似然函数,0,0,0,1,0,0,0,1,0.125
单调函数,0,0,0,1,0,0,0,1,0.125
估计值,0,0,0,1,0,0,0,1,0.125
es,0,0,0,1,0,0,0,1,0.125
接收序列,0,0,0,5,2,3,0,10,1.8333333333333333
hi-m,0,0,0,1,0,0,0,1,0.125
nmaxp,0,0,0,1,0,0,0,1,0.125
min,0,0,0,1,0,0,0,1,0.125
平均错误概率,0,0,0,1,0,0,0,1,0.125
接收码,0,0,0,1,0,0,0,1,0.125
收端译码器,0,0,0,1,0,0,0,1,0.125
发送码字,0,0,0,2,0,0,0,2,0.25
通信可靠性,0,0,0,1,0,0,0,1,0.125
通信过程,0,0,0,1,0,0,0,1,0.125
维特比译码器,0,0,0,1,0,0,0,1,0.125
傅尼,0,0,0,1,0,0,0,1,0.125
动态规划,0,0,0,1,0,0,0,1,0.125
最短路径,0,0,0,13,0,0,0,13,1.625
加权图,0,0,0,1,0,0,0,1,0.125
维特比算法,0,0,0,3,7,0,0,10,2.0666666666666664
概率译码,0,0,0,1,0,0,0,1,0.125
代数译码,0,0,0,1,0,0,0,1,0.125
信道编码技术,0,0,0,1,0,0,0,1,0.125
卷积码译码,0,0,0,3,0,0,0,3,0.375
幸存路径,0,0,0,9,9,3,0,21,4.025
分支度量值,0,0,0,7,4,1,0,12,2.083333333333333
网格图,0,0,0,5,0,0,0,5,0.625
时刻,0,0,0,4,15,1,0,20,4.366666666666667
状态,0,0,0,8,8,9,0,25,5.108333333333333
数字,0,0,0,2,0,0,0,2,0.25
虚线,0,0,0,2,5,1,0,8,1.7
累积度量值,0,0,0,3,2,1,0,6,1.1
累积值,0,0,0,2,0,1,0,3,0.4916666666666667
汉明距离译码,0,0,0,2,0,0,0,2,0.25
有噪信道干扰,0,0,0,1,0,0,0,1,0.125
实线,0,0,0,1,4,0,0,5,1.0916666666666668
码字m,0,0,0,1,0,0,0,1,0.125
折线,0,0,0,1,0,0,0,1,0.125
非幸存路径,0,0,0,2,0,0,0,2,0.25
蓝色曲线,0,0,0,1,0,0,0,1,0.125
支路,0,0,0,1,0,3,0,4,0.85
度量积累量,0,0,0,1,0,0,0,1,0.125
状态节点,0,0,0,1,1,0,0,2,0.3666666666666667
码字信息,0,0,0,1,0,0,0,1,0.125
路径分支,0,0,0,2,0,0,0,2,0.25
比特码字,0,0,0,2,0,0,0,2,0.25
实线箭头,0,0,0,1,0,0,0,1,0.125
圆圈,0,0,0,1,0,0,0,1,0.125
卷积码译码网格图,0,0,0,1,0,0,0,1,0.125
维特比译码格,0,0,0,1,0,0,0,1,0.125
码字序列,0,0,0,1,0,0,0,1,0.125
卷积编码器,0,0,0,1,0,1,0,2,0.3666666666666667
欧式距离,0,0,0,2,0,0,0,2,0.25
延续,0,0,0,1,0,0,0,1,0.125
初始化,0,0,0,3,0,0,0,3,0.375
累计度量值,0,0,0,1,0,0,0,1,0.125
pm值,0,0,0,1,0,0,0,1,0.125
幸存度量值,0,0,0,1,0,0,0,1,0.125
卷积码寄存器长度,0,0,0,1,0,0,0,1,0.125
码字长度,0,0,0,2,0,0,0,2,0.25
全零状态,0,0,0,1,0,0,0,1,0.125
译码过程,0,0,0,1,1,0,0,2,0.3666666666666667
分支,0,0,0,5,5,2,0,12,2.3166666666666664
状态转移,0,0,0,1,0,1,0,2,0.3666666666666667
输入码字,0,0,0,1,0,0,0,1,0.125
网格,0,0,0,1,1,0,0,2,0.3666666666666667
序列长度,0,0,0,1,0,0,0,1,0.125
编码过程,0,0,0,1,0,0,0,1,0.125
编码过,0,0,0,1,1,0,0,2,0.3666666666666667
累积量,0,0,0,2,0,0,0,2,0.25
branchmetric,0,0,0,1,0,0,0,1,0.125
维特比译码过程,0,0,0,1,0,0,0,1,0.125
dmc信道,0,0,0,2,1,0,0,3,0.4916666666666667
长度路径,0,0,0,2,0,0,0,2,0.25
比特度量,0,0,0,2,0,0,0,2,0.25
fano,0,0,0,3,0,0,0,3,0.375
费诺,0,0,0,4,0,0,0,4,0.5
fano度量值,0,0,0,1,0,0,0,1,0.125
似然函数译码,0,0,0,1,0,0,0,1,0.125
符号概率,0,0,0,1,0,0,0,1,0.125
尸化,0,0,0,1,0,0,0,1,0.125
信道转移概率,0,0,0,1,0,0,0,1,0.125
对等式,0,0,0,1,0,0,0,1,0.125
编码码率,0,0,0,1,1,0,0,2,0.3666666666666667
等概发送,0,0,0,1,0,0,0,1,0.125
发送码字序列,0,0,0,1,0,0,0,1,0.125
码元,0,0,0,1,0,0,0,1,0.125
发送序列,0,0,0,1,0,0,0,1,0.125
q进制,0,0,0,1,0,0,0,1,0.125
二进制,0,0,0,1,0,0,0,1,0.125
路径长度,0,0,0,4,0,0,0,4,0.5
时刻译码器,0,0,0,1,0,0,0,1,0.125
译码操作,0,0,0,1,0,0,0,1,0.125
译码时刻,0,0,0,1,0,0,0,1,0.125
最优度量,0,0,0,1,0,0,0,1,0.125
似然译码算法,0,0,0,1,1,0,0,2,0.3666666666666667
计算次数,0,0,0,3,0,0,0,3,0.375
fano算法,0,0,0,2,0,0,0,2,0.25
门限值,0,0,0,2,0,0,0,2,0.25
fano度量,0,0,0,4,0,0,0,4,0.5
fano译码算法,0,0,0,9,0,0,0,9,1.125
译码终点,0,0,0,3,0,0,0,3,0.375
费诺译码算法,0,0,0,2,0,0,0,2,0.25
精度,0,0,0,1,1,0,0,2,0.3666666666666667
计算,0,0,0,1,0,1,0,2,0.3666666666666667
坏路径,0,0,0,1,0,0,0,1,0.125
搜索分支,0,0,0,1,0,0,0,1,0.125
最小度量值,0,0,0,1,0,0,0,1,0.125
最小,0,0,0,1,0,0,0,1,0.125
门限t,0,0,0,1,0,0,0,1,0.125
次数,0,0,0,1,0,0,0,1,0.125
系数,0,0,0,1,1,0,0,2,0.3666666666666667
电路,0,0,0,1,0,0,0,1,0.125
fano译码器,0,0,0,1,0,0,0,1,0.125
fano译码,0,0,0,2,0,0,0,2,0.25
自适应门限,0,0,0,1,0,0,0,1,0.125
费诺度量值,0,0,0,1,0,0,0,1,0.125
门限,0,0,0,4,1,7,0,12,2.4333333333333336
幸存节点,0,0,0,5,0,0,0,5,0.625
码树,0,0,0,3,0,0,0,3,0.375
搜索策略,0,0,0,1,0,0,0,1,0.125
可能序列,0,0,0,1,0,0,0,1,0.125
译码思想,0,0,0,1,0,0,0,1,0.125
噪声大小,0,0,0,1,0,0,0,1,0.125
无误传输,0,0,0,1,0,0,0,1,0.125
bsc信道,0,0,0,1,0,0,0,1,0.125
长度,0,0,0,3,3,2,0,8,1.5833333333333333
干扰强度,0,0,0,1,0,0,0,1,0.125
噪声,0,0,0,3,0,1,0,4,0.6166666666666667
延迟,0,0,0,1,0,0,0,1,0.125
准最佳概率译码,0,0,0,1,0,0,0,1,0.125
码树图,0,0,0,3,0,0,0,3,0.375
wozencraft,0,0,0,1,0,0,0,1,0.125
堆栈,0,0,0,7,0,0,0,7,0.875
open堆栈,0,0,0,6,0,0,0,6,0.75
顺序译码算法,0,0,0,3,0,0,0,3,0.375
存储空间,0,0,0,4,2,0,0,6,0.9833333333333334
mlsda算法,0,0,0,4,3,0,0,7,1.225
mlsda,0,0,0,3,0,0,0,3,0.375
堆栈长度,0,0,0,2,0,0,0,2,0.25
堆空间,0,0,0,2,0,0,0,2,0.25
格图,0,0,0,4,2,0,0,6,0.9833333333333334
非负特性,0,0,0,2,0,0,0,2,0.25
瓦格纳,0,0,0,2,0,0,0,2,0.25
译码次数,0,0,0,2,0,0,0,2,0.25
sova分量译码器,0,0,0,1,1,0,0,2,0.3666666666666667
a*算法,0,0,0,13,3,0,0,16,2.35
dijkstra,0,0,0,5,0,0,0,5,0.625
顺序译码策略,0,0,0,1,0,0,0,1,0.125
节点数据,0,0,0,1,0,0,0,1,0.125
排序算法,0,0,0,1,0,0,0,1,0.125
close堆栈空间,0,0,0,1,0,0,0,1,0.125
open堆栈空间,0,0,0,1,0,0,0,1,0.125
似然译码策略,0,0,0,1,0,0,0,1,0.125
mlsda改进算法,0,0,0,1,0,0,0,1,0.125
fano顺序译码,0,0,0,1,0,0,0,1,0.125
继续译码,0,0,0,1,0,0,0,1,0.125
译码终,0,0,0,2,0,0,0,2,0.25
非负数,0,0,0,1,0,0,0,1,0.125
起始节点,0,0,0,1,2,0,0,3,0.6083333333333334
fano顺序译码算法,0,0,0,1,0,0,0,1,0.125
度量计算,0,0,0,1,0,0,0,1,0.125
格图搜索,0,0,0,1,0,0,0,1,0.125
译码树搜索,0,0,0,1,0,0,0,1,0.125
mqj,0,0,0,1,0,0,0,1,0.125
分支路径度量,0,0,0,1,0,1,0,2,0.3666666666666667
度量累积,0,0,0,1,0,0,0,1,0.125
译码结,1,0,0,1,0,0,0,2,1.125
空白,0,0,0,1,0,0,0,1,0.125
ml译码算法,0,0,0,1,0,0,0,1,0.125
错误样式集合,0,0,0,1,0,0,0,1,0.125
伴随,0,0,0,1,0,0,0,1,0.125
校验矩阵,0,0,0,1,0,0,0,1,0.125
编码矩阵,0,0,0,1,0,0,0,1,0.125
伴随式,0,0,0,1,0,0,0,1,0.125
接收信息,0,0,0,1,0,0,0,1,0.125
rlrr2,0,0,0,1,0,0,0,1,0.125
卷积编码,0,0,0,1,1,0,0,2,0.3666666666666667
比特长度,0,0,0,1,0,0,0,1,0.125
码字比特数,0,0,0,1,0,0,0,1,0.125
码元比特数,0,0,0,1,0,0,0,1,0.125
tdecisionsequentialdecodingalgorithm,0,0,0,1,0,0,0,1,0.125
maximum-likelihoods,0,0,0,1,0,0,0,1,0.125
数量级,0,0,0,1,0,0,0,1,0.125
awgn信道,0,0,0,3,3,6,0,12,2.55
信噪,0,0,0,1,3,1,0,5,1.0916666666666668
译码搜索次数,0,0,0,1,0,0,0,1,0.125
译码信噪,0,0,0,1,0,0,0,1,0.125
次最优译码,0,0,0,1,0,0,0,1,0.125
似然,0,0,0,2,0,0,0,2,0.25
信道噪声,0,0,0,1,0,0,0,1,0.125
fano序列译码算法,0,0,0,1,0,0,0,1,0.125
信息传输,0,0,0,1,0,0,0,1,0.125
fano序列译码,0,0,0,1,0,0,0,1,0.125
指数,0,0,0,1,7,0,0,8,1.8166666666666667
卷积码编码器,0,0,0,2,0,0,0,2,0.25
可靠性传输,0,0,0,1,0,0,0,1,0.125
节点个数,0,0,0,1,0,0,0,1,0.125
个数,0,0,0,1,1,0,0,2,0.3666666666666667
性传输,0,0,0,1,0,0,0,1,0.125
启发函数,0,0,0,12,0,0,0,12,1.5
openlist,0,0,0,5,0,0,0,5,0.625
起始点,0,0,0,4,0,0,0,4,0.5
短路径,0,0,0,4,0,0,0,4,0.5
中间,0,0,0,3,0,0,0,3,0.375
止匕时,0,0,0,3,0,0,0,3,0.375
比特码,0,0,0,2,0,0,0,2,0.25
线性分组码,0,0,0,2,0,0,0,2,0.25
list,0,0,0,2,0,0,0,2,0.25
集合,0,0,0,2,0,0,0,2,0.25
顶点,0,0,0,2,0,0,0,2,0.25
距离,0,0,0,2,0,1,0,3,0.4916666666666667
源点,0,0,0,2,0,0,0,2,0.25
数组,0,0,0,2,0,0,0,2,0.25
最短路径算法,0,0,0,3,0,0,0,3,0.375
硬判决,0,0,0,2,4,6,0,12,2.6666666666666665
累加,0,0,0,1,0,0,0,1,0.125
平方,0,0,0,1,0,0,0,1,0.125
译码规,0,0,0,1,0,0,0,1,0.125
口叫,0,0,0,1,0,0,0,1,0.125
ro,0,0,0,1,0,0,0,1,0.125
欧氏距离,0,0,0,1,0,0,0,1,0.125
目标节点,0,0,0,1,0,0,0,1,0.125
码m,0,0,0,1,0,0,0,1,0.125
系统码,0,0,0,1,0,0,0,1,0.125
输入比特数,0,0,0,1,0,0,0,1,0.125
译码错误,0,0,0,1,1,1,0,3,0.6083333333333334
高斯分布特性,0,0,0,1,0,0,0,1,0.125
分支路径计,0,0,0,1,0,0,0,1,0.125
bpsk调制,0,0,0,1,1,0,0,2,0.3666666666666667
二元码字,0,0,0,1,0,0,0,1,0.125
取舍,0,0,0,1,0,0,0,1,0.125
运行速度,0,0,0,1,0,0,0,1,0.125
地相,0,0,0,1,0,0,0,1,0.125
运行时间,0,0,0,1,0,0,0,1,0.125
路径值,0,0,0,1,0,0,0,1,0.125
closelist,0,0,0,1,0,0,0,1,0.125
状态m,0,0,0,1,0,0,0,1,0.125
初始状态,0,0,0,1,0,0,0,1,0.125
状态空间,0,0,0,1,0,0,0,1,0.125
译码格图,0,0,0,1,5,0,0,6,1.3333333333333333
izeddijkstraalgorithm,0,0,0,1,0,0,0,1,0.125
广义迪杰斯特拉算法,0,0,0,1,0,0,0,1,0.125
障碍物,0,0,0,1,0,0,0,1,0.125
工作空间,0,0,0,1,0,0,0,1,0.125
行走时间,0,0,0,1,0,0,0,1,0.125
行走路径,0,0,0,1,0,0,0,1,0.125
工作代价,0,0,0,1,0,0,0,1,0.125
静态路网,0,0,0,1,0,0,0,1,0.125
heuristicfunction,0,0,0,1,0,0,0,1,0.125
译码码,0,0,0,1,0,0,0,1,0.125
步骤集合,0,0,0,1,0,0,0,1,0.125
无向,0,0,0,1,0,0,0,1,0.125
d数组,0,0,0,1,0,0,0,1,0.125
起始,0,0,0,1,0,0,0,1,0.125
路径权重,0,0,0,1,0,0,0,1,0.125
短路径节点,0,0,0,1,0,0,0,1,0.125
路径规划,0,0,0,1,0,0,0,1,0.125
非负图,0,0,0,1,0,0,0,1,0.125
短距离,0,0,0,1,0,0,0,1,0.125
贪心,0,0,0,1,0,0,0,1,0.125
ks,0,0,0,1,0,0,0,1,0.125
di,0,0,0,1,0,0,0,1,0.125
斯特拉,0,0,0,1,0,0,0,1,0.125
次优节点,0,0,0,1,0,0,0,1,0.125
最优节点,0,0,0,1,0,0,0,1,0.125
迭代,0,0,0,1,0,0,0,1,0.125
似然软译码算法,0,0,0,1,0,0,0,1,0.125
线性码块,0,0,0,1,0,0,0,1,0.125
搜索图形,0,0,0,1,0,0,0,1,0.125
搜索树算法,0,0,0,1,0,0,0,1,0.125
软信息,0,0,0,1,3,1,0,5,1.0916666666666668
分量译码器,0,0,0,1,50,6,0,57,13.658333333333333
viterbi算法,0,0,0,1,3,0,0,4,0.85
人工智能算法,0,0,0,1,0,0,0,1,0.125
调整,0,0,0,1,0,0,0,1,0.125
约束长度指数,0,0,0,1,0,0,0,1,0.125
译码速度,0,0,0,1,0,0,0,1,0.125
信道译码算法,0,0,0,1,1,0,0,2,0.3666666666666667
turbo编码器,0,0,0,0,6,6,0,12,2.9
分量编码器,0,0,0,0,7,4,0,11,2.658333333333333
删余矩阵,0,0,0,0,2,0,0,2,0.48333333333333334
复接器,0,0,0,0,2,0,0,2,0.48333333333333334
信息位,0,0,0,0,8,0,0,8,1.9333333333333333
并行级联结构,0,0,0,0,2,0,0,2,0.48333333333333334
误码平层,0,0,0,0,2,0,0,2,0.48333333333333334
并行级联,0,0,0,0,2,0,0,2,0.48333333333333334
编码速率,0,0,0,0,3,1,0,4,0.9666666666666667
码长,0,0,0,0,18,3,0,21,5.075
级联,0,0,0,0,1,0,0,1,0.24166666666666667
rsc,0,0,0,0,1,0,0,1,0.24166666666666667
递归系统卷积码,0,0,0,0,1,0,0,1,0.24166666666666667
随机编码,0,0,0,0,1,0,0,1,0.24166666666666667
级联卷积码,0,0,0,0,1,0,0,1,0.24166666666666667
并行,0,0,0,0,1,0,0,1,0.24166666666666667
turbo编码,0,0,0,0,2,3,0,5,1.2083333333333333
并行级联码,0,0,0,0,1,0,0,1,0.24166666666666667
hccc,0,0,0,0,1,0,0,1,0.24166666666666667
混合级联,0,0,0,0,1,0,0,1,0.24166666666666667
sccc,0,0,0,0,1,0,0,1,0.24166666666666667
串行级联,0,0,0,0,1,0,0,1,0.24166666666666667
pccc,0,0,0,0,2,0,0,2,0.48333333333333334
qpp交织器,0,0,0,0,8,1,0,9,2.175
交织地址,0,0,0,0,3,0,0,3,0.725
信息序列,0,0,0,0,3,0,0,3,0.725
码重,0,0,0,0,3,0,0,3,0.725
lte标准,0,0,0,0,1,0,0,1,0.24166666666666667
3gpp,0,0,0,0,2,0,0,2,0.48333333333333334
无冲突交织,0,0,0,0,1,0,0,1,0.24166666666666667
止匕,0,0,0,0,1,0,0,1,0.24166666666666667
硬件,0,0,0,0,2,3,0,5,1.2083333333333333
交织深度,0,0,0,0,1,0,0,1,0.24166666666666667
交织参数,0,0,0,0,1,0,0,1,0.24166666666666667
交织,0,0,0,0,2,0,0,2,0.48333333333333334
地址映射,0,0,0,0,1,0,0,1,0.24166666666666667
伪随机特性,0,0,0,0,1,0,0,1,0.24166666666666667
quadraticpermutationpolynomial,0,0,0,0,1,0,0,1,0.24166666666666667
qpp,0,0,0,0,2,0,0,2,0.48333333333333334
分组螺旋交织器,0,0,0,0,1,0,0,1,0.24166666666666667
伪随机交织器,0,0,0,0,1,0,0,1,0.24166666666666667
堆栈式交织器,0,0,0,0,1,0,0,1,0.24166666666666667
行列交织器,0,0,0,0,1,0,0,1,0.24166666666666667
turbo码纠错性能,0,0,0,0,1,0,0,1,0.24166666666666667
平均码重码字,0,0,0,0,1,0,0,1,0.24166666666666667
码字重量分布,0,0,0,0,1,0,0,1,0.24166666666666667
抵抗信道,0,0,0,0,1,0,0,1,0.24166666666666667
编码后序列,0,0,0,0,1,0,0,1,0.24166666666666667
外信息,0,0,0,0,22,7,0,29,7.008333333333334
先验信息,0,0,0,0,13,2,0,15,3.625
解交织,0,0,0,0,2,0,0,2,0.48333333333333334
译码过,0,0,0,0,2,0,0,2,0.48333333333333334
译码结构,0,0,0,0,1,0,0,1,0.24166666666666667
turbo码译码,0,0,0,0,2,0,0,2,0.48333333333333334
信道信息,0,0,0,0,4,1,0,5,1.2083333333333333
似然比,0,0,0,0,2,0,0,2,0.48333333333333334
解交织器,0,0,0,0,1,0,0,1,0.24166666666666667
编译码,0,0,0,0,2,0,0,2,0.48333333333333334
涡轮,0,0,0,0,1,0,0,1,0.24166666666666667
迭代循环,0,0,0,0,1,0,0,1,0.24166666666666667
urbo译码器,0,0,0,0,1,0,0,1,0.24166666666666667
尾比特,0,0,0,0,6,0,0,6,1.45
码率,0,0,0,0,5,2,0,7,1.6916666666666667
清零,0,0,0,0,3,0,0,3,0.725
移位寄存器,0,0,0,0,3,0,0,3,0.725
标准编码器,0,0,0,0,3,0,0,3,0.725
高信噪比,1,0,0,0,3,0,0,4,1.725
错误平层,0,0,0,0,1,0,0,1,0.24166666666666667
译码曲线,0,0,0,0,1,0,0,1,0.24166666666666667
始终周期,0,0,0,0,1,0,0,1,0.24166666666666667
有效码字,0,0,0,0,1,0,0,1,0.24166666666666667
编码码块,0,0,0,0,1,0,0,1,0.24166666666666667
编码器寄存器,0,0,0,0,2,0,0,2,0.48333333333333334
编码序列,0,0,0,0,1,0,0,1,0.24166666666666667
起始状态,0,0,0,0,1,0,0,1,0.24166666666666667
连续编码,0,0,0,0,1,0,0,1,0.24166666666666667
turbo码码率,0,0,0,0,1,0,0,1,0.24166666666666667
ds,0,0,0,0,1,0,0,1,0.24166666666666667
分量码编码,0,0,0,0,1,0,0,1,0.24166666666666667
编码类型,0,0,0,0,1,0,0,1,0.24166666666666667
标准译码器,0,0,0,0,1,0,0,1,0.24166666666666667
卷积码分量编码器,0,0,0,0,1,0,0,1,0.24166666666666667
递归系统,0,0,0,0,1,0,0,1,0.24166666666666667
并行级联编码器,0,0,0,0,1,0,0,1,0.24166666666666667
ccsds-turbo码编码器,0,0,0,0,1,0,0,1,0.24166666666666667
传输距离,1,0,0,0,1,1,0,3,1.4833333333333334
点对点,0,0,0,0,1,0,0,1,0.24166666666666667
函数,0,0,0,0,2,0,0,2,0.48333333333333334
错误概率,0,0,0,0,2,0,0,2,0.48333333333333334
度量差,0,0,0,0,4,1,0,5,1.2083333333333333
np,0,0,0,0,2,0,0,2,0.48333333333333334
比特队,0,0,0,0,1,0,0,1,0.24166666666666667
制表法,0,0,0,0,1,0,0,1,0.24166666666666667
自由距离,0,0,0,0,1,0,0,1,0.24166666666666667
分支路,0,0,0,0,1,0,0,1,0.24166666666666667
时间长度,0,0,0,0,1,0,0,1,0.24166666666666667
概率路径,0,0,0,0,1,0,0,1,0.24166666666666667
可靠,0,0,0,0,1,0,0,1,0.24166666666666667
译码信息,0,0,0,0,1,0,0,1,0.24166666666666667
似然比公式,0,0,0,0,1,0,0,1,0.24166666666666667
soft-output,0,0,0,0,2,0,0,2,0.48333333333333334
累积度量,0,0,0,0,1,1,0,2,0.48333333333333334
信道置信值,0,0,0,0,1,0,0,1,0.24166666666666667
士染工,0,0,0,0,1,0,0,1,0.24166666666666667
高斯公式,0,0,0,0,1,0,0,1,0.24166666666666667
瞥金组,0,0,0,0,1,0,0,1,0.24166666666666667
行警二,0,0,0,0,1,0,0,1,0.24166666666666667
仙网,0,0,0,0,1,0,0,1,0.24166666666666667
k-l时刻,0,0,0,0,1,0,0,1,0.24166666666666667
累加序列,0,0,0,0,1,0,0,1,0.24166666666666667
警口,0,0,0,0,1,0,0,1,0.24166666666666667
坡团,0,0,0,0,1,0,0,1,0.24166666666666667
-1时刻,0,0,0,0,1,0,0,1,0.24166666666666667
k时刻,0,0,0,0,1,0,0,1,0.24166666666666667
状态序列,0,0,0,0,1,0,0,1,0.24166666666666667
turbo,0,0,0,0,1,2,0,3,0.725
比特序列,0,0,0,0,1,0,0,1,0.24166666666666667
传输序列,0,0,0,0,1,0,0,1,0.24166666666666667
相对时刻值,0,0,0,0,1,0,0,1,0.24166666666666667
状态路径,0,0,0,0,1,0,0,1,0.24166666666666667
存储,0,0,0,0,2,0,0,2,0.48333333333333334
竞争路径度量值,0,0,0,0,1,0,0,1,0.24166666666666667
幸存路径度量值,0,0,0,0,1,0,0,1,0.24166666666666667
状态搜索,0,0,0,0,1,0,0,1,0.24166666666666667
射雪,0,0,0,0,1,0,0,1,0.24166666666666667
初始化度量,0,0,0,0,1,0,0,1,0.24166666666666667
零状态,0,0,0,0,1,0,0,1,0.24166666666666667
初始化时刻,0,0,0,0,1,0,0,1,0.24166666666666667
递归sova译码器,0,0,0,0,1,0,0,1,0.24166666666666667
向量,0,0,0,0,1,1,0,2,0.48333333333333334
相对时刻,0,0,0,0,1,0,0,1,0.24166666666666667
幸存路径度量,0,0,0,0,1,0,0,1,0.24166666666666667
sova幸存路径,0,0,0,0,1,0,0,1,0.24166666666666667
sova译码流程,0,0,0,0,1,0,0,1,0.24166666666666667
似然序列,0,0,0,0,1,0,0,1,0.24166666666666667
turbo码编译码器,0,0,0,0,1,0,0,1,0.24166666666666667
等号,0,0,0,0,3,0,0,3,0.725
前向,0,0,0,0,2,0,0,2,0.48333333333333334
状态转移概率,0,0,0,0,2,0,0,2,0.48333333333333334
联合概率,0,0,0,0,2,0,0,2,0.48333333333333334
因子,0,0,0,0,1,0,0,1,0.24166666666666667
lcytp,0,0,0,0,1,0,0,1,0.24166666666666667
lcxtut,0,0,0,0,1,0,0,1,0.24166666666666667
exp-utle,0,0,0,0,1,0,0,1,0.24166666666666667
产化,0,0,0,0,1,0,0,1,0.24166666666666667
后向,0,0,0,0,1,0,0,1,0.24166666666666667
初始值,0,0,0,0,1,0,0,1,0.24166666666666667
后向译码算法,0,0,0,0,1,0,0,1,0.24166666666666667
turbo码map算法,0,0,0,0,1,0,0,1,0.24166666666666667
后向概率,0,0,0,0,1,0,0,1,0.24166666666666667
时刻状态,0,0,0,0,1,0,0,1,0.24166666666666667
前向概率,0,0,0,0,1,0,0,1,0.24166666666666667
接收数据,0,0,0,0,1,0,0,1,0.24166666666666667
时刻t,0,0,0,0,1,0,0,1,0.24166666666666667
夕应,0,0,0,0,1,0,0,1,0.24166666666666667
状态度量值,0,0,0,0,1,0,0,1,0.24166666666666667
后向度量值,0,0,0,0,1,0,0,1,0.24166666666666667
前向度量值,0,0,0,0,2,0,0,2,0.48333333333333334
人力尸,0,0,0,0,1,0,0,1,0.24166666666666667
1map算法,0,0,0,0,1,0,0,1,0.24166666666666667
乘法,0,0,0,0,4,0,0,4,0.9666666666666667
查表,0,0,0,0,4,0,0,4,0.9666666666666667
译码精度,0,0,0,0,1,1,0,2,0.48333333333333334
最大度量值,0,0,0,0,1,0,0,1,0.24166666666666667
运算速度,0,0,0,0,1,1,0,2,0.48333333333333334
inwxj,0,0,0,0,1,0,0,1,0.24166666666666667
吞吐率,0,0,0,0,3,1,0,4,0.9666666666666667
查表操,0,0,0,0,1,0,0,1,0.24166666666666667
近似,0,0,0,0,1,0,0,1,0.24166666666666667
查表法,0,0,0,0,1,0,0,1,0.24166666666666667
中等号,0,0,0,0,1,0,0,1,0.24166666666666667
杂度,0,0,0,0,2,1,0,3,0.725
ian,0,0,0,0,1,0,0,1,0.24166666666666667
ac,0,0,0,0,2,0,0,2,0.48333333333333334
jacob,0,0,0,0,1,0,0,1,0.24166666666666667
雅阁比,0,0,0,0,1,0,0,1,0.24166666666666667
指数运算,0,0,0,0,2,0,0,2,0.48333333333333334
底数运算,0,0,0,0,1,0,0,1,0.24166666666666667
加法,0,0,0,0,3,0,0,3,0.725
比值信息,0,0,0,0,1,0,0,1,0.24166666666666667
比特判,0,0,0,0,1,0,0,1,0.24166666666666667
计算资源,0,0,0,0,1,0,0,1,0.24166666666666667
-log-map算法,0,0,0,0,2,0,0,2,0.48333333333333334
turbo码译码算法,0,0,0,0,3,0,0,3,0.725
后验概率算法,0,0,0,0,1,0,0,1,0.24166666666666667
后验概率纠错算法,0,0,0,0,1,0,0,1,0.24166666666666667
2map算法,0,0,0,0,1,0,0,1,0.24166666666666667
软判决信息,0,0,0,0,5,0,0,5,1.2083333333333333
存储量,2,0,0,0,1,0,0,3,2.2416666666666667
乘法运算,0,0,0,0,1,0,0,1,0.24166666666666667
反向修正长度,0,0,0,0,1,0,0,1,0.24166666666666667
编码长度,0,0,0,0,2,0,0,2,0.48333333333333334
损失程度,0,0,0,0,1,0,0,1,0.24166666666666667
路径算法,0,0,0,0,1,0,0,1,0.24166666666666667
软判决,0,0,0,0,2,3,0,5,1.2083333333333333
jacobian公式,0,0,0,0,1,0,0,1,0.24166666666666667
对数变换,0,0,0,0,1,0,0,1,0.24166666666666667
分支度量函数,0,0,0,0,1,0,0,1,0.24166666666666667
似然路径分支,0,0,0,0,1,0,0,1,0.24166666666666667
近似计算,0,0,0,0,1,0,0,1,0.24166666666666667
对数域变换,0,0,0,0,1,0,0,1,0.24166666666666667
判决值,0,0,0,0,1,0,0,1,0.24166666666666667
优先序列,0,0,0,0,15,0,0,15,3.625
尾随节点,0,0,0,0,10,0,0,10,2.4166666666666665
pq,0,0,0,0,5,0,0,5,1.2083333333333333
网格矩阵,0,0,0,0,3,0,0,3,0.725
扩展路径,0,0,0,0,2,0,0,2,0.48333333333333334
前向节点,0,0,0,0,2,0,0,2,0.48333333333333334
lazy-viterbi译码算法,0,0,0,0,6,0,0,6,1.45
似然路径度量值,0,0,0,0,1,0,0,1,0.24166666666666667
turbo码分量译码器,0,0,0,0,3,0,0,3,0.725
lazy-viterbi算法,0,0,0,0,11,0,0,11,2.658333333333333
译码终止节点,0,0,0,0,1,0,0,1,0.24166666666666667
pq堆栈,0,0,0,0,1,0,0,1,0.24166666666666667
初始化优先序列,0,0,0,0,1,0,0,1,0.24166666666666667
输出符号,0,0,0,0,1,0,0,1,0.24166666666666667
非负分支度量值,0,0,0,0,1,0,0,1,0.24166666666666667
新插入节点,0,0,0,0,1,0,0,1,0.24166666666666667
译码网格路径,0,0,0,0,1,0,0,1,0.24166666666666667
译码序列,0,0,0,0,1,0,0,1,0.24166666666666667
尾随节点灯,0,0,0,0,1,0,0,1,0.24166666666666667
译码格,0,0,0,0,1,0,0,1,0.24166666666666667
格图向量,0,0,0,0,1,0,0,1,0.24166666666666667
路径度量,0,0,0,0,1,0,0,1,0.24166666666666667
累加度量值,0,0,0,0,1,0,0,1,0.24166666666666667
shadownodes,0,0,0,0,1,0,0,1,0.24166666666666667
指针,0,0,0,0,1,0,0,1,0.24166666666666667
priorityqueue,0,0,0,0,1,0,0,1,0.24166666666666667
tre,0,0,0,0,1,0,0,1,0.24166666666666667
译码网格图,0,0,0,0,1,0,0,1,0.24166666666666667
计算模块,0,0,0,0,1,0,0,1,0.24166666666666667
sova软,0,0,0,0,1,0,0,1,0.24166666666666667
译码块长度,0,0,0,0,2,0,0,2,0.48333333333333334
lazy-viterbi,0,0,0,0,5,0,0,5,1.2083333333333333
snr,0,0,0,0,7,4,0,11,2.658333333333333
似然译码准则,0,0,0,0,1,0,0,1,0.24166666666666667
平均扩展节点数,0,0,0,0,1,0,0,1,0.24166666666666667
信源,0,0,0,0,1,0,0,1,0.24166666666666667
编码多项式八进制,0,0,0,0,1,0,0,1,0.24166666666666667
平均节点个数,0,0,0,0,1,0,0,1,0.24166666666666667
信息符号,0,0,0,0,1,0,0,1,0.24166666666666667
lazy-viterbi译码,0,0,0,0,4,0,0,4,0.9666666666666667
a*译码,0,0,0,0,1,0,0,1,0.24166666666666667
lazy-,0,0,0,0,1,0,0,1,0.24166666666666667
数据流译码,0,0,0,0,1,0,0,1,0.24166666666666667
分支数量,0,0,0,0,1,0,0,1,0.24166666666666667
译码树,0,0,0,0,1,0,0,1,0.24166666666666667
搜索,0,0,0,0,1,0,0,1,0.24166666666666667
低复杂度译码算法,0,0,0,0,1,0,0,1,0.24166666666666667
回溯路径,0,0,0,0,1,0,0,1,0.24166666666666667
ml路径,0,0,0,0,4,0,0,4,0.9666666666666667
软输出信息,0,0,0,0,2,0,0,2,0.48333333333333334
度量差值,0,0,0,0,2,0,0,2,0.48333333333333334
译码性能仿真,0,0,0,0,3,0,0,3,0.725
turbo码译码器,0,0,0,0,1,7,0,8,1.9333333333333333
插删操作,0,0,0,0,1,0,0,1,0.24166666666666667
队列,0,0,0,0,1,0,0,1,0.24166666666666667
正数,0,0,0,0,1,1,0,2,0.48333333333333334
参数,0,0,0,0,3,1,0,4,0.9666666666666667
队列长度,0,0,0,0,3,0,0,3,0.725
分支度量差值队列,0,0,0,0,2,0,0,2,0.48333333333333334
简化参数,0,0,0,0,1,0,0,1,0.24166666666666667
内信息,0,0,0,0,1,0,0,1,0.24166666666666667
相关性,0,0,0,0,1,0,0,1,0.24166666666666667
修正因子,0,0,0,0,1,0,0,1,0.24166666666666667
迭代次数,0,0,0,0,5,1,0,6,1.45
修正因子网,0,0,0,0,1,0,0,1,0.24166666666666667
算外信息,0,0,0,0,1,0,0,1,0.24166666666666667
普通节点,0,0,0,0,1,0,0,1,0.24166666666666667
亥贝,0,0,0,0,1,0,0,1,0.24166666666666667
近似公式,0,0,0,0,1,0,0,1,0.24166666666666667
max-log,0,0,0,0,1,0,0,1,0.24166666666666667
llr值,0,0,0,0,1,0,0,1,0.24166666666666667
路径度量差值,0,0,0,0,1,0,0,1,0.24166666666666667
llr边界,0,0,0,0,1,0,0,1,0.24166666666666667
路径节点,0,0,0,0,1,0,0,1,0.24166666666666667
搜索机制,0,0,0,0,1,0,0,1,0.24166666666666667
实心圆,0,0,0,0,1,0,0,1,0.24166666666666667
hmea,0,0,0,0,1,0,0,1,0.24166666666666667
节点路径,0,0,0,0,1,0,0,1,0.24166666666666667
节点ml路径,0,0,0,0,1,0,0,1,0.24166666666666667
ml分支,0,0,0,0,1,0,0,1,0.24166666666666667
宽度,0,0,0,0,1,0,0,1,0.24166666666666667
trimmingsova,0,0,0,0,1,0,0,1,0.24166666666666667
低复杂度sova算法,0,0,0,0,1,0,0,1,0.24166666666666667
trimming,0,0,0,0,1,0,0,1,0.24166666666666667
时延,0,0,0,0,2,1,0,3,0.725
算法复杂度,0,0,0,0,1,0,0,1,0.24166666666666667
低复杂度,1,1,0,1,3,6,0,12,5.3
译码性能曲线,0,0,0,0,4,1,0,5,1.2083333333333333
简化因子,0,0,0,0,7,1,0,8,1.9333333333333333
分支度量差值,0,0,0,0,2,0,0,2,0.48333333333333334
ber仿真曲线,0,0,0,0,2,0,0,2,0.48333333333333334
外信息修正因子,0,0,0,0,2,0,0,2,0.48333333333333334
性能仿真,1,0,0,0,2,2,0,5,1.9666666666666668
低复杂度turbo译码,0,0,0,0,2,1,0,3,0.725
idb,0,0,0,0,1,0,0,1,0.24166666666666667
译码性能损失,0,0,0,0,1,1,0,2,0.48333333333333334
ber,0,0,0,0,1,1,0,2,0.48333333333333334
译码存储空间,0,0,0,0,1,0,0,1,0.24166666666666667
比特软,0,0,0,0,1,0,0,1,0.24166666666666667
黑色,0,0,0,0,1,0,0,1,0.24166666666666667
紫色,0,0,0,0,1,0,0,1,0.24166666666666667
仿真性能,0,0,0,0,2,0,0,2,0.48333333333333334
比较器,0,0,0,0,1,0,0,1,0.24166666666666667
加法器,0,0,0,0,1,1,0,2,0.48333333333333334
查表操作,0,0,0,0,1,0,0,1,0.24166666666666667
性能仿真曲线,0,0,0,0,1,2,0,3,0.725
点线,0,0,0,0,1,0,0,1,0.24166666666666667
蓝色虚线,0,0,0,0,1,0,0,1,0.24166666666666667
码率编码,0,0,0,0,1,0,0,1,0.24166666666666667
sovam,0,0,0,0,7,0,0,7,1.6916666666666667
仿真曲线,0,0,0,0,1,0,0,1,0.24166666666666667
t-sova.,0,0,0,0,1,0,0,1,0.24166666666666667
gpp标准,0,0,0,0,1,0,0,1,0.24166666666666667
turbo码结构,0,0,0,0,1,0,0,1,0.24166666666666667
exit图,0,0,0,0,5,0,0,5,1.2083333333333333
短码,0,0,0,0,3,0,0,3,0.725
外信息传递特征曲线,0,0,0,0,3,0,0,3,0.725
收敛门限,0,0,0,0,2,0,0,2,0.48333333333333334
多项式,0,0,0,0,2,0,0,2,0.48333333333333334
外信息传递特征,0,0,0,0,2,0,0,2,0.48333333333333334
互信息,1,0,0,0,2,0,0,3,1.4833333333333334
it,0,0,0,0,2,0,0,2,0.48333333333333334
迭代收敛性能,0,0,0,0,2,0,0,2,0.48333333333333334
译码方案,0,0,0,0,1,0,0,1,0.24166666666666667
外信息传递过程,0,0,0,0,1,0,0,1,0.24166666666666667
迭代译码过程,0,0,0,0,1,0,0,1,0.24166666666666667
曲线,0,0,0,0,1,0,0,1,0.24166666666666667
中译码性能,0,0,0,0,1,0,0,1,0.24166666666666667
收敛速度,0,0,0,0,1,0,0,1,0.24166666666666667
互信息传输,0,0,0,0,1,0,0,1,0.24166666666666667
互信息转移曲线,0,0,0,0,1,0,0,1,0.24166666666666667
t-sova,0,0,0,0,2,4,0,6,1.45
odb,0,0,0,0,1,0,0,1,0.24166666666666667
a-odb分量译码器,0,0,0,0,1,0,0,1,0.24166666666666667
psova,0,0,0,0,1,0,0,1,0.24166666666666667
10码长,0,0,0,0,1,0,0,1,0.24166666666666667
odb分量译码器,0,0,0,0,1,0,0,1,0.24166666666666667
-a-odb分量译码器,0,0,0,0,1,0,0,1,0.24166666666666667
长码互信息传递,0,0,0,0,1,0,0,1,0.24166666666666667
互信息转移,0,0,0,0,1,0,0,1,0.24166666666666667
外信息传递图,0,0,0,0,1,0,0,1,0.24166666666666667
特征曲线,0,0,0,0,1,0,0,1,0.24166666666666667
迭代译码性能,0,0,0,0,1,0,0,1,0.24166666666666667
互信息传输性能,0,0,0,0,1,0,0,1,0.24166666666666667
队列简化因子,0,0,0,0,1,0,0,1,0.24166666666666667
蒙特卡洛仿真,0,0,0,0,1,0,0,1,0.24166666666666667
输出互信息,0,0,0,0,1,0,0,1,0.24166666666666667
纵坐标,0,0,0,0,1,0,0,1,0.24166666666666667
输入互信息,0,0,0,0,1,0,0,1,0.24166666666666667
横坐标,0,0,0,0,1,0,0,1,0.24166666666666667
turbo译码方,0,0,0,0,1,0,0,1,0.24166666666666667
传递特征曲线,0,0,0,0,1,0,0,1,0.24166666666666667
互信息转移度量,0,0,0,0,1,0,0,1,0.24166666666666667
exit图因心丸,0,0,0,0,1,0,0,1,0.24166666666666667
横纵坐标对换,0,0,0,0,1,0,0,1,0.24166666666666667
传递过程,0,0,0,0,1,0,0,1,0.24166666666666667
先验输,0,0,0,0,1,0,0,1,0.24166666666666667
fer,0,0,0,0,1,0,0,1,0.24166666666666667
extrinsicinformation,0,0,0,0,1,0,0,1,0.24166666666666667
收敛行,0,0,0,0,1,0,0,1,0.24166666666666667
系统位,0,0,0,0,1,0,0,1,0.24166666666666667
迭代译码机制,0,0,0,0,1,0,0,1,0.24166666666666667
扩展节点,0,0,0,0,5,2,0,7,1.6916666666666667
vam,0,0,0,0,3,0,0,3,0.725
内存消耗,0,0,0,0,3,0,0,3,0.725
平均回溯操作,0,0,0,0,2,0,0,2,0.48333333333333334
收敛行为,0,0,0,0,1,0,0,1,0.24166666666666667
t-sovam,0,0,0,0,1,0,0,1,0.24166666666666667
内存消耗量,0,0,0,0,1,0,0,1,0.24166666666666667
信噪比条,0,0,0,0,1,0,0,1,0.24166666666666667
信噪比条件,0,0,0,0,1,0,0,1,0.24166666666666667
平均扩展节点,0,0,0,0,1,0,0,1,0.24166666666666667
6144码长,0,0,0,0,1,0,0,1,0.24166666666666667
256码长,0,0,0,0,1,0,0,1,0.24166666666666667
4sova算法,0,0,0,0,1,0,0,1,0.24166666666666667
操作,0,0,0,0,1,0,0,1,0.24166666666666667
回溯操作,0,0,0,0,1,0,0,1,0.24166666666666667
回溯,0,0,0,0,1,0,0,1,0.24166666666666667
浮点性能仿真,0,0,0,0,1,0,0,1,0.24166666666666667
输出外信息,0,0,0,0,1,0,0,1,0.24166666666666667
码率校验比特,0,0,0,0,1,0,0,1,0.24166666666666667
交织器模块,0,0,0,0,1,0,0,1,0.24166666666666667
编译码器,0,0,0,0,1,0,0,1,0.24166666666666667
低复杂度turbo译码方,0,0,0,0,1,0,0,1,0.24166666666666667
帧结构,0,0,0,0,0,15,0,15,3.625
多径信道,0,0,0,0,0,11,0,11,2.658333333333333
导频,0,0,0,0,0,4,0,4,0.9666666666666667
数据时隙,0,0,0,0,0,4,0,4,0.9666666666666667
空时编码,0,0,0,0,0,4,0,4,0.9666666666666667
时隙,0,0,0,0,0,3,0,3,0.725
帧头,0,0,0,0,0,3,0,3,0.725
格雷互补序列,0,0,0,0,0,3,0,3,0.725
超远距离通信系统,0,0,0,0,0,3,0,3,0.725
mmse,0,0,0,0,0,8,0,8,1.9333333333333333
均衡模块,0,0,0,0,0,3,0,3,0.725
信道估计,0,0,0,0,0,2,0,2,0.48333333333333334
gcs同步符号,0,0,0,0,0,2,0,2,0.48333333333333334
多普勒频率,0,0,0,0,0,4,0,4,0.9666666666666667
重复结构,0,0,0,0,0,2,0,2,0.48333333333333334
多径衰落信道,0,0,0,0,0,3,0,3,0.725
天线,0,0,0,0,0,2,0,2,0.48333333333333334
空时块编码,0,0,0,0,0,2,0,2,0.48333333333333334
kbps,0,0,0,0,0,2,0,2,0.48333333333333334
传输速率,0,0,0,0,0,2,0,2,0.48333333333333334
鲁棒性,0,0,0,0,0,4,0,4,0.9666666666666667
通信算法,0,0,0,0,0,2,0,2,0.48333333333333334
超低信噪比,0,0,0,0,0,2,0,2,0.48333333333333334
低复杂度信道译码,0,0,0,0,0,2,0,2,0.48333333333333334
turbo译码单元,0,0,0,0,0,1,0,1,0.24166666666666667
维纳滤波,0,0,0,0,0,1,0,1,0.24166666666666667
滤波器,0,0,0,0,0,2,0,2,0.48333333333333334
均方误差,0,0,0,0,0,4,0,4,0.9666666666666667
发射信号,0,0,0,0,0,2,0,2,0.48333333333333334
输出信号,0,0,0,0,0,1,0,1,0.24166666666666667
最小均方误差算法,0,0,0,0,0,1,0,1,0.24166666666666667
均衡计算,0,0,0,0,0,1,0,1,0.24166666666666667
码间干扰,0,0,0,0,0,3,0,3,0.725
频域均衡技术,0,0,0,0,0,4,0,4,0.9666666666666667
滑动窗,0,0,0,0,0,1,0,1,0.24166666666666667
线性差值,0,0,0,0,0,1,0,1,0.24166666666666667
远距离传输,1,0,0,0,0,1,0,2,1.2416666666666667
块状导频,0,0,0,0,0,1,0,1,0.24166666666666667
发射信息,0,0,0,0,0,1,0,1,0.24166666666666667
发端,0,0,0,0,0,2,0,2,0.48333333333333334
信道响应值,0,0,0,0,0,1,0,1,0.24166666666666667
信道估计单元,0,0,0,0,0,1,0,1,0.24166666666666667
均衡结果,0,0,0,0,0,1,0,1,0.24166666666666667
频域均衡,0,0,0,0,0,7,0,7,1.6916666666666667
信道估计值,0,0,0,0,0,1,0,1,0.24166666666666667
解扰,0,0,0,0,0,1,0,1,0.24166666666666667
基带,0,0,0,0,0,1,0,1,0.24166666666666667
射频信号,0,0,0,0,0,1,0,1,0.24166666666666667
接收链路,0,0,0,0,0,1,0,1,0.24166666666666667
2datal,0,0,0,0,0,1,0,1,0.24166666666666667
datal,0,0,0,0,0,1,0,1,0.24166666666666667
ata,0,0,0,0,0,1,0,1,0.24166666666666667
多径功率,0,0,0,0,0,1,0,1,0.24166666666666667
数据符号,0,0,0,0,0,1,0,1,0.24166666666666667
衿卜充信息,0,0,0,0,0,1,0,1,0.24166666666666667
卜充信息,0,0,0,0,0,1,0,1,0.24166666666666667
功率,0,0,0,0,0,3,0,3,0.725
空分复用技,0,0,0,0,0,1,0,1,0.24166666666666667
时分复用,0,0,0,0,0,1,0,1,0.24166666666666667
通信链路,0,0,0,0,0,2,0,2,0.48333333333333334
自相关特性,0,0,0,0,0,1,0,1,0.24166666666666667
选择性衰落,0,0,0,0,0,1,0,1,0.24166666666666667
频率,0,0,0,0,0,1,0,1,0.24166666666666667
多普勒,0,0,0,0,0,1,0,1,0.24166666666666667
结构,0,0,0,0,0,1,0,1,0.24166666666666667
发送数据,0,0,0,0,0,1,0,1,0.24166666666666667
成帧单元,0,0,0,0,0,1,0,1,0.24166666666666667
数据块,0,0,0,0,0,1,0,1,0.24166666666666667
空间分集增益,0,0,0,0,0,1,0,1,0.24166666666666667
串行数据,0,0,0,0,0,1,0,1,0.24166666666666667
alamouti,0,0,0,0,0,1,0,1,0.24166666666666667
stbc单元,0,0,0,0,0,1,0,1,0.24166666666666667
qpsk调制模块,0,0,0,0,0,2,0,2,0.48333333333333334
速率,0,0,0,0,0,2,0,2,0.48333333333333334
时间,0,0,0,0,0,1,0,1,0.24166666666666667
业务信息数据块,0,0,0,0,0,1,0,1,0.24166666666666667
ps,0,0,0,0,0,1,0,1,0.24166666666666667
帧结构格式,0,0,0,0,0,1,0,1,0.24166666666666667
重复补偿,0,0,0,0,0,1,0,1,0.24166666666666667
业务信息,0,0,0,0,0,1,0,1,0.24166666666666667
速率匹配单元,0,0,0,0,0,1,0,1,0.24166666666666667
lte,0,0,0,0,0,1,0,1,0.24166666666666667
内部交织结构,0,0,0,0,0,1,0,1,0.24166666666666667
turbo编码长度,0,0,0,0,0,1,0,1,0.24166666666666667
信源速率,0,0,0,0,0,1,0,1,0.24166666666666667
发送天线,0,0,0,0,0,1,0,1,0.24166666666666667
发射机,0,0,0,0,0,1,0,1,0.24166666666666667
发送链路,0,0,0,0,0,1,0,1,0.24166666666666667
成帧,0,0,0,0,0,1,0,1,0.24166666666666667
stbc,0,0,0,0,0,3,0,3,0.725
加扰,0,0,0,0,0,1,0,1,0.24166666666666667
qpsk映射,0,0,0,0,0,3,0,3,0.725
速率匹配,0,0,0,0,0,3,0,3,0.725
发送端,0,0,0,0,0,5,0,5,1.2083333333333333
点对点低速通信,0,0,0,0,0,1,0,1,0.24166666666666667
远距离,0,0,0,0,0,2,0,2,0.48333333333333334
点对点通信系统,0,0,0,0,0,2,0,2,0.48333333333333334
scfde,0,0,0,0,0,2,0,2,0.48333333333333334
频域,0,0,0,0,0,16,0,16,3.8666666666666667
频域均衡矩阵,0,0,0,0,0,2,0,2,0.48333333333333334
对角阵,0,0,0,0,0,2,0,2,0.48333333333333334
均衡过程,0,0,0,0,0,2,0,2,0.48333333333333334
fft,0,0,0,0,0,3,0,3,0.725
时域信号,0,0,0,0,0,2,0,2,0.48333333333333334
方差,0,0,0,0,0,2,0,2,0.48333333333333334
循环前缀,0,0,0,0,0,2,0,2,0.48333333333333334
延迟单元,0,0,0,0,0,2,0,2,0.48333333333333334
时域均衡器,0,0,0,0,0,2,0,2,0.48333333333333334
横向滤波器,0,0,0,0,0,2,0,2,0.48333333333333334
时域均衡,0,0,0,0,0,2,0,2,0.48333333333333334
误码率曲线,0,0,0,0,0,1,0,1,0.24166666666666667
均衡算法,0,0,0,0,0,1,0,1,0.24166666666666667
fhmfw,0,0,0,0,0,1,0,1,0.24166666666666667
fhmgfx,0,0,0,0,0,1,0,1,0.24166666666666667
频域信号,0,0,0,0,0,1,0,1,0.24166666666666667
ifft,0,0,0,0,0,1,0,1,0.24166666666666667
单位矩阵,0,0,0,0,0,1,0,1,0.24166666666666667
共辆转置矩阵,0,0,0,0,0,1,0,1,0.24166666666666667
最小均方误差,0,0,0,0,0,1,0,1,0.24166666666666667
乘法标量,0,0,0,0,0,1,0,1,0.24166666666666667
频域采样点,0,0,0,0,0,1,0,1,0.24166666666666667
线性频域,0,0,0,0,0,1,0,1,0.24166666666666667
时域卷积,0,0,0,0,0,1,0,1,0.24166666666666667
频率响应,0,0,0,0,0,1,0,1,0.24166666666666667
噪声方差,0,0,0,0,0,1,0,1,0.24166666666666667
信道系数,0,0,0,0,0,1,0,1,0.24166666666666667
支路噪声,0,0,0,0,0,1,0,1,0.24166666666666667
支路信号,0,0,0,0,0,1,0,1,0.24166666666666667
信源信息,0,0,0,0,0,1,0,1,0.24166666666666667
取值,0,0,0,0,0,1,0,1,0.24166666666666667
squarederror,0,0,0,0,0,1,0,1,0.24166666666666667
an,0,0,0,0,0,1,0,1,0.24166666666666667
时频变换,0,0,0,0,0,1,0,1,0.24166666666666667
l路信号,0,0,0,0,0,1,0,1,0.24166666666666667
均衡过,0,0,0,0,0,1,0,1,0.24166666666666667
频域响应,0,0,0,0,0,1,0,1,0.24166666666666667
频点,0,0,0,0,0,1,0,1,0.24166666666666667
对角线元素,0,0,0,0,0,1,0,1,0.24166666666666667
对角矩阵,0,0,0,0,0,1,0,1,0.24166666666666667
有循环平移特性,0,0,0,0,0,1,0,1,0.24166666666666667
循环矩阵,0,0,0,0,0,1,0,1,0.24166666666666667
噪声向量,0,0,0,0,0,1,0,1,0.24166666666666667
信号向量,0,0,0,0,0,1,0,1,0.24166666666666667
ifft矩阵,0,0,0,0,0,1,0,1,0.24166666666666667
fhfhfx,0,0,0,0,0,1,0,1,0.24166666666666667
fft运算,0,0,0,0,0,1,0,1,0.24166666666666667
循环平移特性,0,0,0,0,0,1,0,1,0.24166666666666667
信道矩阵,0,0,0,0,0,1,0,1,0.24166666666666667
nxn阶矩阵,0,0,0,0,0,1,0,1,0.24166666666666667
矩阵,0,0,0,0,0,2,0,2,0.48333333333333334
去cp,0,0,0,0,0,1,0,1,0.24166666666666667
拖尾干扰,0,0,0,0,0,1,0,1,0.24166666666666667
信道冲击响应,0,0,0,0,0,1,0,1,0.24166666666666667
接收信号,0,0,0,0,0,2,0,2,0.48333333333333334
信道冲激响应长度,0,0,0,0,0,1,0,1,0.24166666666666667
线性卷积运算,0,0,0,0,0,1,0,1,0.24166666666666667
均值,0,0,0,0,0,1,0,1,0.24166666666666667
加性高斯噪声,0,0,0,0,0,1,0,1,0.24166666666666667
冲激响应,0,0,0,0,0,2,0,2,0.48333333333333334
传输块,0,0,0,0,0,1,0,1,0.24166666666666667
数据块长度,0,0,0,0,0,1,0,1,0.24166666666666667
发送符号序列,0,0,0,0,0,1,0,1,0.24166666666666667
信道状态,0,0,0,0,0,1,0,1,0.24166666666666667
fde数据块,0,0,0,0,0,1,0,1,0.24166666666666667
均衡准确度,0,0,0,0,0,1,0,1,0.24166666666666667
循环卷积,0,0,0,0,0,1,0,1,0.24166666666666667
线性卷积,0,0,0,0,0,1,0,1,0.24166666666666667
发送符号,0,0,0,0,0,1,0,1,0.24166666666666667
fde块,0,0,0,0,0,1,0,1,0.24166666666666667
fde,0,0,0,0,0,1,0,1,0.24166666666666667
频域均衡算法,0,0,0,0,0,1,0,1,0.24166666666666667
时延扩展,0,0,0,0,0,1,0,1,0.24166666666666667
抽头个数,0,0,0,0,0,1,0,1,0.24166666666666667
横向路径,0,0,0,0,0,1,0,1,0.24166666666666667
离散信号,0,0,0,0,0,1,0,1,0.24166666666666667
抽头系数,0,0,0,0,0,1,0,1,0.24166666666666667
加权系数,0,0,0,0,0,1,0,1,0.24166666666666667
加权支路,0,0,0,0,0,1,0,1,0.24166666666666667
tb,0,0,0,0,0,1,0,1,0.24166666666666667
数字通信系统,0,0,0,0,0,1,0,1,0.24166666666666667
音频传输系统,0,0,0,0,0,1,0,1,0.24166666666666667
无码间干扰,0,0,0,0,0,1,0,1,0.24166666666666667
干扰消除,0,0,0,0,0,1,0,1,0.24166666666666667
符号间干扰,0,0,0,0,0,4,0,4,0.9666666666666667
无线信道,0,0,0,0,0,4,0,4,0.9666666666666667
信道均衡算法,0,0,0,0,0,1,0,1,0.24166666666666667
衰落信道,0,0,0,0,0,3,0,3,0.725
sovaturbo,0,0,0,0,0,3,0,3,0.725
mapturbo,0,0,0,0,0,3,0,3,0.725
单径,0,0,0,0,0,3,0,3,0.725
时域累力口,0,0,0,0,0,2,0,2,0.48333333333333334
th,0,0,0,0,0,2,0,2,0.48333333333333334
pathlog,0,0,0,0,0,2,0,2,0.48333333333333334
t-sovaturbo译码,0,0,0,0,0,2,0,2,0.48333333333333334
仿真链路,0,0,0,0,0,2,0,2,0.48333333333333334
四径衰落信道,0,0,0,0,0,2,0,2,0.48333333333333334
两径衰落信道,0,0,0,0,0,2,0,2,0.48333333333333334
瑞利衰落信道,0,0,0,0,0,2,0,2,0.48333333333333334
jakes模型,0,0,0,0,0,3,0,3,0.725
解速率,0,0,0,0,0,2,0,2,0.48333333333333334
低复杂度turbo译码模块,0,0,0,0,0,1,0,1,0.24166666666666667
均衡,0,0,0,0,0,4,0,4,0.9666666666666667
四径,0,0,0,0,0,1,0,1,0.24166666666666667
二径,0,0,0,0,0,1,0,1,0.24166666666666667
径功率,0,0,0,0,0,1,0,1,0.24166666666666667
仿真中,0,0,0,0,0,1,0,1,0.24166666666666667
低复杂度turbo码译码器,0,0,0,0,0,1,0,1,0.24166666666666667
低复杂度turbo译码器,1,0,0,0,0,3,0,4,1.725
收端,0,0,0,0,0,2,0,2,0.48333333333333334
误码统计,0,0,0,0,0,1,0,1,0.24166666666666667
收端仿真模块,0,0,0,0,0,1,0,1,0.24166666666666667
tht,0,0,0,0,0,1,0,1,0.24166666666666667
thlog,0,0,0,0,0,1,0,1,0.24166666666666667
仿真性能曲线,0,0,0,0,0,2,0,2,0.48333333333333334
频域均衡模块,0,0,0,0,0,1,0,1,0.24166666666666667
信道估计模块,0,0,0,0,0,1,0,1,0.24166666666666667
成帧模块,0,0,0,0,0,1,0,1,0.24166666666666667
空时编码模块,0,0,0,0,0,1,0,1,0.24166666666666667
速率匹配模块,0,0,0,0,0,1,0,1,0.24166666666666667
turbo译码模块,0,0,0,0,0,3,0,3,0.725
仿真模块,0,0,0,0,0,1,0,1,0.24166666666666667
传输性能,0,0,0,0,0,1,0,1,0.24166666666666667
无turbo译码模块,0,0,0,0,0,1,0,1,0.24166666666666667
链路级仿真,1,0,0,0,0,4,0,5,1.9666666666666668
单径瑞利衰落信道,0,0,0,0,0,1,0,1,0.24166666666666667
真实信道,0,0,0,0,0,1,0,1,0.24166666666666667
性能曲线,0,0,0,0,0,3,0,3,0.725
模拟,0,0,0,0,0,1,0,1,0.24166666666666667
仿真系统,0,0,0,0,0,1,0,1,0.24166666666666667
解stbc,0,0,0,0,0,1,0,1,0.24166666666666667
stbc编码,0,0,0,0,0,2,0,2,0.48333333333333334
qpsk调制,0,0,0,0,0,1,0,1,0.24166666666666667
浮点平台,0,0,0,0,0,1,0,1,0.24166666666666667
c语言,1,0,0,0,0,7,0,8,2.6916666666666664
联合仿真验,0,0,0,0,0,1,0,1,0.24166666666666667
mimo,0,0,0,0,0,3,0,3,0.725
turbo均衡算法,0,0,0,0,0,4,0,4,0.9666666666666667
turbo均衡系统,0,0,0,0,0,2,0,2,0.48333333333333334
rsc卷积编码器,0,0,0,0,0,2,0,2,0.48333333333333334
isi信道,0,0,0,0,0,2,0,2,0.48333333333333334
turbo均衡原理,0,0,0,0,0,2,0,2,0.48333333333333334
turbo均衡方,0,0,0,0,0,1,0,1,0.24166666666666667
运算模块,0,0,0,0,0,2,0,2,0.48333333333333334
计算复杂度,1,0,0,0,0,1,0,2,1.2416666666666667
时域,0,0,0,0,0,1,0,1,0.24166666666666667
turbo均衡操作,0,0,0,0,0,1,0,1,0.24166666666666667
本框架,0,0,0,0,0,1,0,1,0.24166666666666667
turbo均衡mmse算法,0,0,0,0,0,1,0,1,0.24166666666666667
qpsk,0,0,0,0,0,1,0,1,0.24166666666666667
qpsk映射关系,0,0,0,0,0,1,0,1,0.24166666666666667
qpsk映射模块,0,0,0,0,0,1,0,1,0.24166666666666667
分量值,0,0,0,0,0,1,0,1,0.24166666666666667
接收符号,0,0,0,0,0,1,0,1,0.24166666666666667
turbo均衡器,0,0,0,0,0,1,0,1,0.24166666666666667
线性滤波器,0,0,0,0,0,1,0,1,0.24166666666666667
turbommse,0,0,0,0,0,1,0,1,0.24166666666666667
一元,0,0,0,0,0,1,0,1,0.24166666666666667
血血,0,0,0,0,0,1,0,1,0.24166666666666667
线性均方误差,0,0,0,0,0,1,0,1,0.24166666666666667
siso均衡器,0,0,0,0,0,1,0,1,0.24166666666666667
最小误差算法,0,0,0,0,0,1,0,1,0.24166666666666667
信号检测,0,0,0,0,0,1,0,1,0.24166666666666667
后验概率检验,0,0,0,0,0,1,0,1,0.24166666666666667
最大,0,0,0,0,0,1,0,1,0.24166666666666667
最优检测算法,0,0,0,0,0,1,0,1,0.24166666666666667
均衡接收端模型,0,0,0,0,0,1,0,1,0.24166666666666667
编码操,0,0,0,0,0,1,0,1,0.24166666666666667
解速率匹配模块,0,0,0,0,0,1,0,1,0.24166666666666667
解交织模块,0,0,0,0,0,1,0,1,0.24166666666666667
解qpsk调制,0,0,0,0,0,1,0,1,0.24166666666666667
多天线系统,0,0,0,0,0,1,0,1,0.24166666666666667
块交织,0,0,0,0,0,1,0,1,0.24166666666666667
比特交织,0,0,0,0,0,1,0,1,0.24166666666666667
信道编码器,0,0,0,0,0,1,0,1,0.24166666666666667
数据源,0,0,0,0,0,1,0,1,0.24166666666666667
流程图,0,0,0,0,0,1,0,1,0.24166666666666667
收端链路,0,0,0,0,0,1,0,1,0.24166666666666667
均衡发端,0,0,0,0,0,1,0,1,0.24166666666666667
发端链路,0,0,0,0,0,1,0,1,0.24166666666666667
turbo均衡方案,2,0,0,0,0,4,0,6,2.966666666666667
接收流程,0,0,0,0,0,1,0,1,0.24166666666666667
发射,0,0,0,0,0,1,0,1,0.24166666666666667
串行turbo码,0,0,0,0,0,1,0,1,0.24166666666666667
卷积,0,0,0,0,0,1,0,1,0.24166666666666667
数学,0,0,0,0,0,1,0,1,0.24166666666666667
twbo码,0,0,0,0,0,1,0,1,0.24166666666666667
turbo均衡网,0,0,0,0,0,1,0,1,0.24166666666666667
proakisc信道,0,0,0,0,0,7,0,7,1.6916666666666667
proakisb信道,0,0,0,0,0,5,0,5,1.2083333333333333
proakisb,0,0,0,0,0,3,0,3,0.725
turbo均衡迭代,0,0,0,0,0,2,0,2,0.48333333333333334
turbo均衡fer性能仿真,0,0,0,0,0,2,0,2,0.48333333333333334
mapturb,0,0,0,0,0,2,0,2,0.48333333333333334
turbo均衡ber性能仿真,0,0,0,0,0,2,0,2,0.48333333333333334
冲击响应,0,0,0,0,0,2,0,2,0.48333333333333334
模块仿真,0,0,0,0,0,1,0,1,0.24166666666666667
rbo均衡操,0,0,0,0,0,1,0,1,0.24166666666666667
mmse均衡方,0,0,0,0,0,1,0,1,0.24166666666666667
isi信道码,0,0,0,0,0,1,0,1,0.24166666666666667
均衡操作,0,0,0,0,0,1,0,1,0.24166666666666667
框架结构,0,0,0,0,0,1,0,1,0.24166666666666667
模块算法,0,0,0,0,0,1,0,1,0.24166666666666667
sovaturbc,0,0,0,0,0,1,0,1,0.24166666666666667
曲衡,0,0,0,0,0,1,0,1,0.24166666666666667
t-sovaturbo,0,0,0,0,0,1,0,1,0.24166666666666667
无turbo均衡,0,0,0,0,0,1,0,1,0.24166666666666667
turb,0,0,0,0,0,1,0,1,0.24166666666666667
误帧率曲线,0,0,0,0,0,1,0,1,0.24166666666666667
误帧率,0,0,0,0,0,1,0,1,0.24166666666666667
匹配,0,0,0,0,0,1,0,1,0.24166666666666667
均衡fde块,0,0,0,0,0,1,0,1,0.24166666666666667
编码块,0,0,0,0,0,1,0,1,0.24166666666666667
仿真条件,0,0,0,0,0,1,0,1,0.24166666666666667
频段,0,0,0,0,0,1,0,1,0.24166666666666667
传输信号,0,0,0,0,0,1,0,1,0.24166666666666667
信道频谱增益,0,0,0,0,0,1,0,1,0.24166666666666667
频谱增益,0,0,0,0,0,1,0,1,0.24166666666666667
proakisbchannel,0,0,0,0,0,1,0,1,0.24166666666666667
多径信道模型,0,0,0,0,0,1,0,1,0.24166666666666667
严重失真,0,0,0,0,0,1,0,1,0.24166666666666667
中等失真,0,0,0,0,0,1,0,1,0.24166666666666667
proakisc,0,0,0,0,0,1,0,1,0.24166666666666667
性能测,0,0,0,0,0,1,0,1,0.24166666666666667
信道模型,0,0,0,0,0,1,0,1,0.24166666666666667
经典,0,0,0,0,0,1,0,1,0.24166666666666667
turbo均衡性能仿真,0,0,0,0,0,1,0,1,0.24166666666666667
turbo码迭代译码思想,0,0,0,0,0,1,0,1,0.24166666666666667
干扰能力,0,0,0,0,0,1,0,1,0.24166666666666667
低复杂度turbo译码算法,0,0,0,1,0,3,0,4,0.85
衰落,2,0,0,0,0,1,0,3,2.2416666666666667
isi,0,0,0,0,0,1,0,1,0.24166666666666667
多径效应,0,0,0,0,0,1,0,1,0.24166666666666667
实验室,0,0,0,0,0,1,0,1,0.24166666666666667
scfde系统,0,0,0,0,0,1,0,1,0.24166666666666667
urbo均衡,0,0,0,0,0,1,0,1,0.24166666666666667
软信息计算模块,0,0,0,0,0,2,0,2,0.48333333333333334
路径度量差,0,0,0,0,0,2,0,2,0.48333333333333334
定点仿真,0,0,0,0,0,1,0,1,0.24166666666666667
定点算法,0,0,0,0,0,2,0,2,0.48333333333333334
判决信息,0,0,0,0,0,1,0,1,0.24166666666666667
译码迭代次数,0,0,0,0,0,1,0,1,0.24166666666666667
输出软信息,0,0,0,0,0,1,0,1,0.24166666666666667
时刻格图,0,0,0,0,0,1,0,1,0.24166666666666667
t-sova译码器,0,0,0,0,0,1,0,1,0.24166666666666667
k-b时刻,0,0,0,0,0,1,0,1,0.24166666666666667
译码状态节点,0,0,0,0,0,1,0,1,0.24166666666666667
回溯长度,0,0,0,0,0,1,0,1,0.24166666666666667
模块,0,0,0,0,0,1,0,1,0.24166666666666667
码字输出模块,0,0,0,0,0,1,0,1,0.24166666666666667
被扩展节点,0,0,0,0,0,1,0,1,0.24166666666666667
路径选择模块,0,0,0,0,0,1,0,1,0.24166666666666667
turbo分量译码器,0,0,0,0,0,1,0,1,0.24166666666666667
t-sova译码算法,0,0,0,0,0,2,0,2,0.48333333333333334
硬利决,0,0,0,0,0,1,0,1,0.24166666666666667
子译码器,0,0,0,0,0,1,0,1,0.24166666666666667
软判决信息计算单元,0,0,0,0,0,1,0,1,0.24166666666666667
码字输出单元,0,0,0,0,0,1,0,1,0.24166666666666667
路径选择单元,0,0,0,0,0,1,0,1,0.24166666666666667
分支度量计算单元,0,0,0,0,0,1,0,1,0.24166666666666667
定点,0,0,0,0,0,1,0,1,0.24166666666666667
定点性能仿真,0,0,0,0,0,2,0,2,0.48333333333333334
符号位,0,0,0,0,0,2,0,2,0.48333333333333334
触发门限,0,0,0,0,0,2,0,2,0.48333333333333334
状态值,0,0,0,0,0,2,0,2,0.48333333333333334
溢出,0,0,0,0,0,2,0,2,0.48333333333333334
输出比特,0,0,0,0,0,2,0,2,0.48333333333333334
蝶形状态转移,0,0,0,0,0,2,0,2,0.48333333333333334
结束状态编码器,0,0,0,0,0,2,0,2,0.48333333333333334
蝶形图,0,0,0,0,0,2,0,2,0.48333333333333334
fpga芯片,0,0,0,0,0,1,0,1,0.24166666666666667
zynq,0,0,0,0,0,1,0,1,0.24166666666666667
arm芯片,0,0,0,0,0,1,0,1,0.24166666666666667
dsp芯片,0,0,0,0,0,1,0,1,0.24166666666666667
软件平台,0,0,0,0,0,1,0,1,0.24166666666666667
浮点仿真性能,0,0,0,0,0,1,0,1,0.24166666666666667
定标,0,0,0,0,0,1,0,1,0.24166666666666667
定点仿真曲线,0,0,0,0,0,1,0,1,0.24166666666666667
溢出控制,0,0,0,0,0,1,0,1,0.24166666666666667
相减法,0,0,0,0,0,1,0,1,0.24166666666666667
累积路径度量值,0,0,0,0,0,1,0,1,0.24166666666666667
小数位,0,0,0,0,0,1,0,1,0.24166666666666667
表整数,0,0,0,0,0,1,0,1,0.24166666666666667
位正,0,0,0,0,0,1,0,1,0.24166666666666667
16,0,0,0,0,0,1,0,1,0.24166666666666667
溢出操作,0,0,0,0,0,1,0,1,0.24166666666666667
译码错,0,0,0,0,0,1,0,1,0.24166666666666667
减法运算,0,0,0,0,0,1,0,1,0.24166666666666667
减法,0,0,0,0,0,1,0,1,0.24166666666666667
归一化处理,0,0,0,0,0,1,0,1,0.24166666666666667
sds,0,0,0,0,0,1,0,1,0.24166666666666667
sns5111,0,0,0,0,0,1,0,1,0.24166666666666667
始状态,0,0,0,0,0,1,0,1,0.24166666666666667
蝶形转移,0,0,0,0,0,1,0,1,0.24166666666666667
蝶形状态转移图,0,0,0,0,0,1,0,1,0.24166666666666667
蝶形,0,0,0,0,0,1,0,1,0.24166666666666667
状态转移图,0,0,0,0,0,1,0,1,0.24166666666666667
可移植性,0,0,0,0,0,1,0,1,0.24166666666666667
verilog语言,0,0,0,0,0,1,0,1,0.24166666666666667
汇编语言,0,0,0,0,0,1,0,1,0.24166666666666667
代码,0,0,0,0,0,1,0,1,0.24166666666666667
arm,1,0,0,0,0,1,0,2,1.2416666666666667
dsp,1,0,0,0,0,1,0,2,1.2416666666666667
翻译,0,0,0,0,0,1,0,1,0.24166666666666667
编译器,0,0,0,0,0,1,0,1,0.24166666666666667
程序开发,0,0,0,0,0,1,0,1,0.24166666666666667
定点程序,1,0,0,0,0,2,0,3,1.4833333333333334
语言,0,0,0,0,0,2,0,2,0.48333333333333334
系统性能仿真曲线,0,0,0,0,0,1,0,1,0.24166666666666667
仿真turbo均衡技术,0,0,0,0,0,1,0,1,0.24166666666666667
极端信道,0,0,0,0,0,1,0,1,0.24166666666666667
均衡难,0,0,0,0,0,1,0,1,0.24166666666666667
频域均衡器,0,0,0,0,0,1,0,1,0.24166666666666667
固定信道,0,0,0,0,0,1,0,1,0.24166666666666667
proakis,0,0,0,0,0,1,0,1,0.24166666666666667
akis,0,0,0,0,0,1,0,1,0.24166666666666667
通信环境,0,0,0,0,0,1,0,1,0.24166666666666667
信道模拟,0,0,0,0,0,1,0,1,0.24166666666666667
建模,0,0,0,0,0,1,0,1,0.24166666666666667
采样,0,0,0,0,0,1,0,1,0.24166666666666667
无线传输,0,0,0,0,0,1,0,1,0.24166666666666667
远距离通信系统,0,0,0,0,0,1,0,1,0.24166666666666667
复杂度turbo译码器,0,0,0,0,0,1,0,1,0.24166666666666667
物理层,0,0,0,0,0,1,0,1,0.24166666666666667
信息传递,0,0,0,0,1,0,0,1,0.24166666666666667
turbo码性能,0,0,0,0,1,0,0,1,0.24166666666666667
香农极限定理,0,0,0,0,1,0,0,1,0.24166666666666667
decodingalgorithm,0,0,0,1,0,0,0,1,0.125
a*,0,0,0,1,0,0,0,1,0.125
viterbialgorithm,0,0,0,1,0,0,0,1,0.125
低复杂度优化算法,0,0,0,1,0,0,0,1,0.125
超远距离点对点通信,0,0,0,0,0,1,0,1,0.24166666666666667
译码效果,0,0,0,0,0,1,0,1,0.24166666666666667
模块化仿真,0,0,0,0,0,1,0,1,0.24166666666666667
软输,0,0,0,0,0,1,0,1,0.24166666666666667
scfde通信系统,0,0,0,0,0,1,0,1,0.24166666666666667
Turbo译码器,0,1,0,0,0,0,0,1,2.0
SOVA,0,1,0,0,0,0,0,1,2.0
Turbo均衡,0,1,0,0,0,0,0,1,2.0
超远距离传输,3,0,0,0,0,0,0,3,3.0
sova译码,1,0,0,0,0,0,0,1,1.0
低复杂度算法,1,0,0,0,0,0,0,1,1.0
传输环境,1,0,0,0,0,0,0,1,1.0
ccsds标准,1,0,0,0,0,0,0,1,1.0
