,摘要,关键词,第一章,第二章,第三章,第四章,第五章,总词频,加权得分
自注意机制,2,0,5,0,12,43,8,70,17.85
注意力机制,3,1,11,16,10,24,0,65,16.59166666666667
复合测度,0,0,3,0,4,0,0,7,1.3416666666666668
单通道语音增强,0,0,4,0,1,0,0,5,0.7416666666666667
卷积网络,1,0,5,3,13,10,5,37,8.766666666666666
全卷积神经网络,1,1,6,0,17,6,3,34,10.033333333333333
语音质量,1,0,4,0,7,8,0,20,5.125
损失函数,0,0,4,0,14,2,2,22,4.85
二维,1,0,2,0,8,5,4,20,5.358333333333333
aaunet,3,0,3,0,27,13,1,47,13.283333333333333
注意力,2,0,3,7,17,6,2,37,9.291666666666668
通道数,1,0,3,3,10,5,3,25,6.1
卷积运算,2,0,5,9,11,18,3,48,11.483333333333334
语音质量感知评价,0,0,2,0,0,0,0,2,0.25
stoi,1,0,2,0,14,9,0,26,6.808333333333334
网络参数,0,0,3,0,0,4,1,8,1.5833333333333333
模型性能,0,0,2,0,1,3,0,6,1.2166666666666668
ovl,0,0,1,0,4,8,0,13,3.025
bak,0,0,1,0,8,5,0,14,3.2666666666666666
噪声失真,0,0,1,0,1,0,0,2,0.3666666666666667
sig,0,0,1,0,6,2,0,9,2.0583333333333336
信号失真,0,0,1,0,1,0,0,2,0.3666666666666667
短时客观可懂度,0,0,1,0,1,0,0,2,0.3666666666666667
性能提升,0,0,1,0,0,0,0,1,0.125
未知噪声抑制,1,0,1,0,0,0,0,2,1.125
可懂度,1,0,2,0,3,1,0,7,2.216666666666667
感知能力,1,0,1,0,0,1,1,4,1.6083333333333334
距离,1,0,1,1,0,1,1,5,1.7333333333333334
多值矩阵,1,0,1,0,0,2,1,5,1.85
运算区域,1,0,1,0,0,0,1,3,1.3666666666666667
saunet,1,0,3,0,0,34,0,38,9.591666666666667
语音增强模型,1,0,5,0,1,11,2,20,5.008333333333333
性能,2,0,6,1,18,11,3,41,10.608333333333334
语音,1,0,13,0,27,7,2,50,11.325
全注意力机制,0,0,1,0,0,1,1,3,0.6083333333333334
自注意力机制,0,0,2,5,14,1,3,25,5.225
网络模型,0,0,2,1,10,4,2,19,4.241666666666667
鲁棒性,0,0,1,0,3,2,1,7,1.575
噪声,0,0,13,0,14,3,1,31,5.975
huberloss,0,0,1,0,11,3,3,18,4.233333333333333
局语境,1,0,1,0,4,0,1,7,2.333333333333333
卷积,1,0,1,2,7,9,3,23,5.966666666666667
注意力通道,1,0,1,0,9,1,0,12,3.5416666666666665
通道,1,0,3,1,10,2,4,21,5.366666666666667
全卷积网络,1,0,2,0,0,1,1,5,1.7333333333333334
目标检测,0,0,2,0,1,0,0,3,0.4916666666666667
图像识别,0,0,1,0,1,0,0,2,0.3666666666666667
位置编码,0,0,1,0,1,2,0,4,0.85
数据,0,0,3,3,2,1,0,9,1.475
自注意力,0,0,1,0,6,1,1,9,2.0583333333333336
二维相对自注意机制,0,0,2,0,2,0,0,4,0.7333333333333334
谷歌大脑团队,0,0,1,0,0,0,0,1,0.125
骨干网络,0,0,1,0,2,4,0,7,1.575
unet,0,0,2,0,24,15,1,42,9.916666666666666
unet架构,0,0,1,0,2,0,0,3,0.6083333333333334
自我注意力,0,0,1,0,0,0,0,1,0.125
局部注意力,0,0,2,1,0,0,0,3,0.375
意力,0,0,2,1,1,1,0,5,0.8583333333333334
软注意力,0,0,1,2,0,0,0,3,0.375
计算机视觉,0,0,1,0,0,2,0,3,0.6083333333333334
池化操作,0,0,1,0,0,0,0,1,0.125
卷积核,0,0,2,8,2,8,0,20,3.6666666666666665
感受域,1,0,2,1,1,3,1,9,2.583333333333333
卷积神经网络,1,0,7,4,6,5,1,24,5.275
加性噪声,0,0,1,0,0,0,0,1,0.125
纯净语音信号,0,0,1,0,0,0,0,1,0.125
空间信息,0,0,1,0,0,0,0,1,0.125
多通道语音增强,0,0,1,0,0,0,0,1,0.125
语音增强技术,1,0,11,0,3,3,1,19,4.066666666666666
ch,0,0,1,0,0,0,0,1,0.125
sp,0,0,1,0,0,0,0,1,0.125
perceptualevaluation,0,0,1,0,1,0,0,2,0.3666666666666667
客观可懂度,0,0,1,0,0,0,0,1,0.125
人声信号,0,0,3,0,0,0,0,3,0.375
噪声干扰,0,0,3,0,1,0,0,4,0.6166666666666667
带噪语音,1,0,10,0,11,5,1,28,6.358333333333333
非平稳噪声,0,0,3,0,2,1,0,6,1.1
低信噪比,0,0,2,0,2,0,0,4,0.7333333333333334
语音增强性能,1,0,2,0,13,6,0,22,5.841666666666667
卷积模型,0,0,1,0,3,0,0,4,0.85
抑制冗余特征,0,0,1,0,0,0,0,1,0.125
特征,0,0,1,2,2,1,0,6,1.1
语境,1,0,1,0,2,1,1,6,2.091666666666667
信号,0,0,3,2,0,1,0,6,0.8666666666666667
统计特性,0,0,1,0,0,0,0,1,0.125
噪声信号,0,0,5,0,2,0,0,7,1.1083333333333334
声学特征,0,0,1,0,0,0,0,1,0.125
语音信号,1,0,11,0,10,0,0,22,4.791666666666666
语音增强算法,2,0,21,0,10,9,2,44,9.7
训练参数,0,0,0,0,4,2,0,6,1.45
算法性能,0,0,1,0,2,0,0,3,0.6083333333333334
参数量,1,0,1,0,2,6,1,11,3.3
语音增强算法模型,0,0,0,0,2,0,0,2,0.48333333333333334
输入信号,0,0,0,0,3,0,0,3,0.725
上下文信息,0,0,0,1,6,0,1,8,1.8166666666666667
长距离,0,0,0,0,5,1,1,7,1.6916666666666667
去噪能力,1,0,1,0,3,1,1,7,2.333333333333333
rnn,0,0,3,2,1,0,0,6,0.8666666666666667
dnn,0,0,1,0,1,0,0,2,0.3666666666666667
特征图,0,0,0,11,22,15,4,52,11.283333333333333
decodernet,0,0,0,0,1,0,0,1,0.24166666666666667
alencoder-,0,0,1,0,1,0,0,2,0.3666666666666667
redundantconvolution,0,0,1,0,1,0,0,2,0.3666666666666667
冗余度卷积编解码网络,0,0,0,0,1,0,0,1,0.24166666666666667
算法,0,0,2,0,3,0,0,5,0.975
传统算法,0,0,0,0,2,0,1,3,0.725
信噪比,2,0,2,0,19,21,1,45,12.158333333333333
去噪表现,0,0,0,0,1,0,0,1,0.24166666666666667
增强算法,0,0,0,0,4,3,0,7,1.6916666666666667
随机过程,0,0,0,0,1,0,0,1,0.24166666666666667
维纳滤波法,0,0,0,0,1,0,0,1,0.24166666666666667
加性,0,0,0,0,1,1,0,2,0.48333333333333334
减谱法,0,0,0,0,1,0,0,1,0.24166666666666667
去噪算法,0,0,0,0,1,0,0,1,0.24166666666666667
信号统计特性,0,0,0,0,1,0,0,1,0.24166666666666667
运算能力,0,0,0,0,1,0,0,1,0.24166666666666667
计算机,0,0,0,0,1,1,0,2,0.48333333333333334
嵌入式人工耳蜗,0,0,0,0,1,0,0,1,0.24166666666666667
语音识别系统,0,0,1,0,1,0,0,2,0.3666666666666667
电话会议,0,0,1,0,1,0,0,2,0.3666666666666667
即时通信,0,0,0,0,1,0,0,1,0.24166666666666667
智能家居,0,0,1,0,1,0,0,2,0.3666666666666667
深度学习算法,0,0,0,0,1,0,0,1,0.24166666666666667
轻量化,0,0,1,0,1,0,1,3,0.6083333333333334
神经网络,0,0,3,0,4,1,2,10,2.0666666666666664
增强性能,0,0,4,0,4,4,0,12,2.4333333333333336
神经网络算法模型,0,0,0,0,1,0,0,1,0.24166666666666667
性能指标,0,0,0,0,1,0,0,1,0.24166666666666667
可理解度,0,0,0,0,1,0,0,1,0.24166666666666667
质量,1,0,2,0,6,0,1,10,2.9416666666666664
引盲,0,0,0,0,1,0,0,1,0.24166666666666667
维度,0,0,0,5,2,1,0,8,1.35
局部感受域,0,0,0,4,0,0,0,4,0.5
全连接层,0,0,1,2,2,0,0,5,0.8583333333333334
lenet-5网络,0,0,0,3,0,0,0,3,0.375
填充,0,0,0,3,0,0,0,3,0.375
步长,0,0,0,2,2,0,0,4,0.7333333333333334
卷积步长,0,0,0,3,2,1,0,6,1.1
高度,0,0,0,1,1,0,0,2,0.3666666666666667
宽度,0,0,0,1,0,1,0,2,0.3666666666666667
下采样,0,0,0,1,1,1,0,3,0.6083333333333334
池化,0,0,1,2,0,0,0,3,0.375
池化运算,0,0,0,1,1,0,0,2,0.3666666666666667
神经元,0,0,0,1,1,0,0,2,0.3666666666666667
flatten,0,0,0,1,0,0,0,1,0.125
展平,0,0,0,1,0,0,0,1,0.125
滤波器,0,0,1,2,0,1,0,4,0.6166666666666667
卷积块,0,0,0,1,0,0,0,1,0.125
enet,0,0,0,1,0,0,0,1,0.125
结果数字,0,0,0,1,0,0,0,1,0.125
灰度,0,0,0,1,0,0,0,1,0.125
手写数字图片,0,0,0,1,0,0,0,1,0.125
手写数字识别,0,0,0,1,0,0,0,1,0.125
lenet-5卷积网络,0,0,0,1,0,0,0,1,0.125
平移,0,0,0,1,1,1,0,3,0.6083333333333334
权重,0,0,0,2,4,9,0,15,3.3916666666666666
补零填充,0,0,0,1,1,1,0,3,0.6083333333333334
反卷积运算,0,0,0,1,0,0,0,1,0.125
数量,0,0,0,1,1,2,0,4,0.85
输出通道,0,0,0,1,0,0,0,1,0.125
输入通道,0,0,0,1,0,0,0,1,0.125
卷积通道,0,0,0,2,1,0,0,3,0.4916666666666667
边缘特征,0,0,0,1,0,0,0,1,0.125
尺寸,0,0,0,1,3,0,0,4,0.85
边缘,0,0,0,1,0,0,0,1,0.125
padding,0,0,0,1,0,0,0,1,0.125
逐元素,0,0,0,1,0,0,0,1,0.125
卷积算子,0,0,0,2,2,4,1,9,1.9416666666666667
三维特征图,0,0,0,1,0,0,0,1,0.125
二维特征图,0,0,0,1,0,0,0,1,0.125
二维特征,0,0,0,1,0,0,0,1,0.125
网络层,0,0,0,1,0,0,0,1,0.125
mae准则,0,0,0,0,3,0,0,3,0.725
mse准则,0,0,0,0,3,0,0,3,0.725
超参数,0,0,0,0,5,2,1,8,1.9333333333333333
对数幅度功率谱,0,0,0,0,2,2,0,4,0.9666666666666667
mae,0,0,0,0,3,0,0,3,0.725
mse,0,0,0,0,4,0,0,4,0.9666666666666667
模型,1,0,0,2,6,3,1,13,3.6666666666666665
梯度,0,0,1,0,3,0,0,4,0.85
误差,0,0,0,0,2,0,0,2,0.48333333333333334
噪声点,0,0,0,0,1,0,0,1,0.24166666666666667
参数,1,0,0,0,4,11,0,16,4.625
反向传播算法,0,0,0,0,1,0,0,1,0.24166666666666667
回归,0,0,0,0,1,0,0,1,0.24166666666666667
berlossq,0,0,0,0,1,0,0,1,0.24166666666666667
始特征,0,0,0,0,1,0,0,1,0.24166666666666667
门控机制,0,0,1,0,1,0,0,2,0.3666666666666667
网络,0,0,1,0,6,3,1,11,2.5416666666666665
多头输出,0,0,0,0,1,0,0,1,0.24166666666666667
卷积特征图,0,0,0,0,4,1,0,5,1.2083333333333333
非线性变换,0,0,0,0,1,0,0,1,0.24166666666666667
卷积特征,0,0,0,0,2,0,0,2,0.48333333333333334
激活函数,0,0,0,0,2,2,0,4,0.9666666666666667
批量标准,0,0,0,0,1,0,0,1,0.24166666666666667
通道维度,0,0,0,0,2,1,0,3,0.725
频率缩放卷积,0,0,0,0,1,0,0,1,0.24166666666666667
二维滤波器,0,0,0,0,1,0,0,1,0.24166666666666667
运算,0,0,0,0,1,0,0,1,0.24166666666666667
卷积层,0,0,1,0,9,6,3,19,4.475
对数谱,0,0,0,0,1,0,0,1,0.24166666666666667
相位信息,0,0,1,0,1,1,0,3,0.6083333333333334
增强净化,0,0,0,0,1,1,0,2,0.48333333333333334
卷积操作,0,0,0,0,5,1,0,6,1.45
解码端,0,0,0,4,11,1,4,20,4.366666666666667
编码端,0,0,0,4,11,2,4,21,4.608333333333333
内存占用,0,0,0,0,1,0,0,1,0.24166666666666667
entedblock,0,0,0,0,1,0,0,1,0.24166666666666667
attention,0,0,0,0,1,0,0,1,0.24166666666666667
aablock,0,0,0,0,2,0,0,2,0.48333333333333334
encoder,0,0,0,0,1,0,0,1,0.24166666666666667
泛化能力,0,0,4,0,4,4,0,12,2.4333333333333336
仿真,0,0,0,0,1,2,0,3,0.725
全卷积神经网络算法,0,0,0,0,1,0,0,1,0.24166666666666667
单通道语音,1,0,1,0,2,1,1,6,2.091666666666667
实验数据集,0,0,0,0,1,2,0,3,0.725
消融实验,0,0,2,0,5,8,0,15,3.3916666666666666
lenet-5,0,0,0,1,0,0,0,1,0.125
单通道语音增强模型,0,0,0,0,0,1,0,1,0.24166666666666667
局部运算特性,0,0,0,0,0,1,0,1,0.24166666666666667
语音增强,0,1,10,0,10,9,3,33,8.566666666666666
全注意力模式,0,0,0,0,0,1,0,1,0.24166666666666667
全局语境,1,0,0,0,1,1,0,3,1.4833333333333334
特征图通道,0,0,0,0,1,1,0,2,0.48333333333333334
自注意力运算,0,0,0,0,1,2,0,3,0.725
语音质量指标,0,0,0,0,0,1,0,1,0.24166666666666667
语音清晰度,0,0,0,0,0,1,0,1,0.24166666666666667
计算效率,0,0,0,0,0,1,0,1,0.24166666666666667
抑制无用特征,0,0,0,0,0,1,0,1,0.24166666666666667
通道挤压激发机制,0,0,0,0,0,1,0,1,0.24166666666666667
计算机视觉任务,0,0,0,0,0,1,0,1,0.24166666666666667
非局部模块,0,0,0,0,0,1,0,1,0.24166666666666667
长距离交互,0,0,0,0,0,1,0,1,0.24166666666666667
校正手,0,0,0,0,0,1,0,1,0.24166666666666667
localblock,0,0,0,0,0,1,0,1,0.24166666666666667
空间感知非局部模块,0,0,0,0,0,1,0,1,0.24166666666666667
机制,0,0,1,0,0,3,0,4,0.85
excite,0,0,0,0,0,1,0,1,0.24166666666666667
squeeze-and,0,0,0,0,0,1,0,1,0.24166666666666667
通道挤压激发,0,0,0,0,0,1,0,1,0.24166666666666667
建模,0,0,0,0,0,1,0,1,0.24166666666666667
空洞卷积,0,0,0,0,0,1,0,1,0.24166666666666667
扩张卷积,0,0,0,0,0,1,0,1,0.24166666666666667
膨胀卷积,0,0,0,0,0,1,0,1,0.24166666666666667
上下文依赖关系,0,0,0,0,1,1,0,2,0.48333333333333334
放缩特性,0,0,0,0,0,1,0,1,0.24166666666666667
局部感知,0,0,1,0,0,1,0,2,0.3666666666666667
权重共享,0,0,0,0,0,2,0,2,0.48333333333333334
信号处理算法,0,0,0,0,0,1,0,1,0.24166666666666667
深度学习,1,0,2,0,1,1,1,6,1.975
增强,0,0,1,0,1,1,0,3,0.6083333333333334
语音分离,0,0,2,0,1,1,1,5,0.975
语音识别,0,0,1,1,1,1,0,4,0.7333333333333334
语音信号处理,0,0,1,0,0,1,0,2,0.3666666666666667
功率谱,0,0,3,0,0,0,0,3,0.375
车载语音识别系统,0,0,2,0,0,0,0,2,0.25
在线直播,0,0,1,0,0,0,0,1,0.125
网络通讯,0,0,1,0,0,0,0,1,0.125
人工耳蜗助听设备,0,0,1,0,0,0,0,1,0.125
移动通信,0,0,1,0,0,0,0,1,0.125
声音指令,0,0,1,0,0,0,0,1,0.125
预处理器,0,0,1,0,0,0,0,1,0.125
噪声抑制算法,0,0,1,0,0,0,0,1,0.125
噪声环境,0,0,1,0,1,0,0,2,0.3666666666666667
语音编码,0,0,1,0,0,0,0,1,0.125
待传输信号,0,0,1,0,0,0,0,1,0.125
数据预处理,0,0,1,0,1,0,0,2,0.3666666666666667
压缩编码,0,0,1,0,0,0,0,1,0.125
声码器,0,0,1,0,0,0,0,1,0.125
嘈杂语音,0,0,1,0,0,0,0,1,0.125
麦克风,0,0,2,0,0,0,0,2,0.25
话音业务,0,0,1,0,0,0,0,1,0.125
抑噪性能,0,0,1,0,0,0,0,1,0.125
先验,0,0,1,0,0,0,0,1,0.125
深度学习增强算法,0,0,1,0,0,0,0,1,0.125
大数据,0,0,2,0,0,0,1,3,0.4916666666666667
纯净语音,0,0,2,0,1,0,0,3,0.4916666666666667
平稳噪声,0,0,1,0,1,1,0,3,0.6083333333333334
概率分布,0,0,1,0,0,0,0,1,0.125
增强语音,0,0,3,0,4,0,3,10,2.0666666666666664
傅里叶反变换,0,0,1,0,0,0,0,1,0.125
语音功率谱,0,0,1,0,0,0,0,1,0.125
谱减法,0,0,3,0,0,0,0,3,0.375
信号处理,0,0,1,0,0,0,0,1,0.125
算法分支,0,0,1,0,0,0,0,1,0.125
机器,0,0,1,0,0,0,0,1,0.125
滤除带噪语音,0,0,1,0,0,0,0,1,0.125
处理算法,0,0,1,0,0,0,0,1,0.125
设备,0,0,1,0,0,0,0,1,0.125
人机交互,0,0,1,0,0,0,0,1,0.125
噪音,0,0,1,0,0,0,0,1,0.125
通话,0,0,1,0,0,0,0,1,0.125
背景噪声,0,0,2,0,5,2,1,10,2.1833333333333336
电话,0,0,1,0,0,0,0,1,0.125
移动网络,0,0,1,0,0,0,0,1,0.125
咖啡店,0,0,1,0,0,0,0,1,0.125
交流,0,0,1,0,0,0,0,1,0.125
网络媒体,0,0,1,0,0,0,0,1,0.125
交流通信,0,0,1,0,0,0,0,1,0.125
媒体传输技术,0,0,1,0,0,0,0,1,0.125
视频,0,0,1,0,0,0,0,1,0.125
图片,0,0,1,0,0,0,0,1,0.125
通信速率,0,0,1,0,0,0,0,1,0.125
移动通信技术,0,0,1,0,0,0,0,1,0.125
文字信息交流,0,0,1,0,0,0,0,1,0.125
移动互联网时代,0,0,1,0,0,0,0,1,0.125
接收方,0,0,0,0,2,0,0,2,0.48333333333333334
pesq,0,0,0,0,12,9,0,21,5.075
分数,0,0,0,0,2,0,0,2,0.48333333333333334
恢复质量,0,0,0,0,1,1,1,3,0.725
log-likelihoodrati,0,0,0,0,1,0,0,1,0.24166666666666667
对数似然比,0,0,0,0,1,0,0,1,0.24166666666666667
weighted-slopespectral,0,0,0,0,1,0,0,1,0.24166666666666667
加权斜率谱距离,0,0,0,0,1,0,0,1,0.24166666666666667
segsnr,0,0,0,0,1,0,0,1,0.24166666666666667
分段信噪比,0,0,0,0,1,0,0,1,0.24166666666666667
可懂,0,0,0,0,1,0,0,1,0.24166666666666667
丢包,0,0,0,0,1,0,0,1,0.24166666666666667
传输,0,0,0,0,1,0,0,1,0.24166666666666667
即时通信软件,0,0,0,0,1,0,0,1,0.24166666666666667
发送方,0,0,0,0,1,0,0,1,0.24166666666666667
intelligibility,0,0,1,0,1,0,0,2,0.3666666666666667
timeobjective,0,0,1,0,1,0,0,2,0.3666666666666667
sh,0,0,0,0,1,0,0,1,0.24166666666666667
打分,0,0,0,0,1,0,0,1,0.24166666666666667
得分,0,0,0,0,3,2,0,5,1.2083333333333333
sq,1,0,0,0,1,0,0,2,1.2416666666666667
speechq,0,0,0,0,1,0,0,1,0.24166666666666667
客观语音质量评估,0,0,0,0,1,0,0,1,0.24166666666666667
复合型评价指标,0,0,0,0,1,0,0,1,0.24166666666666667
评价指标,0,0,0,0,1,0,0,1,0.24166666666666667
多角度,0,0,0,0,1,0,0,1,0.24166666666666667
客观评价,0,0,0,0,1,0,0,1,0.24166666666666667
算法模型,0,0,0,0,1,1,0,2,0.48333333333333334
平均值,0,0,0,0,1,0,0,1,0.24166666666666667
听力,0,0,0,0,1,0,0,1,0.24166666666666667
听众,0,0,0,0,1,0,0,1,0.24166666666666667
meanopmions,0,0,0,0,1,0,0,1,0.24166666666666667
主观测听打分,0,0,0,0,1,0,0,1,0.24166666666666667
位置信息,0,0,0,0,26,8,0,34,8.216666666666667
注意力头,0,0,0,0,24,16,0,40,9.666666666666666
收敛性,0,0,0,0,9,2,0,11,2.658333333333333
跳跃连接,0,0,0,0,13,0,0,13,3.1416666666666666
纵轴,0,0,0,0,8,2,0,10,2.4166666666666665
et,0,0,0,0,7,2,0,9,2.175
aa,0,0,0,0,7,2,0,9,2.175
noisy,0,0,0,0,7,0,0,7,1.6916666666666667
横轴,0,0,0,0,7,2,0,9,2.175
position,0,0,0,0,7,6,0,13,3.1416666666666666
注意力通道数,0,0,0,0,8,0,0,8,1.9333333333333333
omlsa,0,0,1,0,6,3,0,10,2.3
attskip,0,0,0,0,5,0,0,5,1.2083333333333333
注意力强化特征图,0,0,0,0,5,0,0,5,1.2083333333333333
stoi分数,0,0,0,0,5,0,0,5,1.2083333333333333
曲线,0,0,0,0,5,4,0,9,2.175
no-position,0,0,0,0,5,3,0,8,1.9333333333333333
含噪语音,0,0,0,0,4,4,0,8,1.9333333333333333
ced,0,0,0,0,5,0,0,5,1.2083333333333333
对数功率谱,0,0,8,0,7,1,0,16,2.9333333333333336
带位置信息,0,0,0,0,4,0,0,4,0.9666666666666667
相对位置信息,0,0,0,0,4,6,0,10,2.4166666666666665
sig分数,0,0,0,0,4,0,0,4,0.9666666666666667
注意力头数,0,0,0,0,4,4,0,8,1.9333333333333333
aaunet网络模型,0,0,0,0,4,0,0,4,0.9666666666666667
测试语音,0,0,0,0,3,1,0,4,0.9666666666666667
去噪,0,0,1,0,3,1,0,5,1.0916666666666668
原始卷积,0,0,0,0,3,0,0,3,0.725
pesq分数,0,0,0,0,3,1,0,4,0.9666666666666667
epoch,0,0,0,0,4,3,0,7,1.6916666666666667
损失值,0,0,0,0,3,1,0,4,0.9666666666666667
aaced,0,0,0,0,2,0,0,2,0.48333333333333334
不可见信噪比,0,0,0,0,2,0,0,2,0.48333333333333334
imcra,0,0,1,0,3,2,0,6,1.3333333333333333
增强对数功率谱,0,0,0,0,2,0,0,2,0.48333333333333334
语音时域波形,0,0,0,0,2,1,0,3,0.725
跳跃连接模式,0,0,0,0,2,0,0,2,0.48333333333333334
aatskip,0,0,0,0,2,0,0,2,0.48333333333333334
参量,0,0,0,0,3,0,0,3,0.725
抑制能力,0,0,0,0,2,1,0,3,0.725
全注意力模型,0,0,0,0,2,0,0,2,0.48333333333333334
通道比例系数,0,0,0,0,2,0,0,2,0.48333333333333334
unet网络,0,0,0,0,3,1,0,4,0.9666666666666667
有位置信息,0,0,0,0,2,0,0,2,0.48333333333333334
轮数,0,0,0,0,2,1,0,3,0.725
仿真实验,0,0,0,0,2,2,0,4,0.9666666666666667
语音可懂度,0,0,0,0,1,1,0,2,0.48333333333333334
stoi得分,0,0,0,0,1,4,0,5,1.2083333333333333
插件,0,0,0,0,1,0,0,1,0.24166666666666667
注意力强化卷积模块,0,0,0,0,1,0,0,1,0.24166666666666667
aaced网络,0,0,0,0,1,0,0,1,0.24166666666666667
ced网络,0,0,0,0,2,0,0,2,0.48333333333333334
db,0,0,0,0,1,0,0,1,0.24166666666666667
可见信噪比,0,0,0,0,1,0,0,1,0.24166666666666667
pe,0,0,0,0,1,3,0,4,0.9666666666666667
ov,0,0,0,0,1,3,0,4,0.9666666666666667
对比算法,0,0,0,0,1,1,0,2,0.48333333333333334
语音处理质量,0,0,0,0,1,1,0,2,0.48333333333333334
语音失真,1,0,0,0,2,1,0,4,1.725
噪声抑制,0,0,0,0,2,1,0,3,0.725
未知信噪比,0,0,0,0,1,1,0,2,0.48333333333333334
抑制,0,0,0,0,1,1,0,2,0.48333333333333334
语音失真sig,0,0,0,0,1,1,0,2,0.48333333333333334
纵向实验,0,0,0,0,1,0,0,1,0.24166666666666667
纵向对比,0,0,0,0,1,1,0,2,0.48333333333333334
横向对比,0,0,0,0,1,1,0,2,0.48333333333333334
odb,0,0,0,0,1,0,0,1,0.24166666666666667
不可见噪声,0,0,1,0,1,1,0,3,0.6083333333333334
全卷积编解码网络,0,0,0,0,1,0,0,1,0.24166666666666667
aace,0,0,0,0,1,0,0,1,0.24166666666666667
矩形框,0,0,0,0,1,0,0,1,0.24166666666666667
目标对数谱,0,0,0,0,1,0,0,1,0.24166666666666667
语音增强网络,0,0,0,0,1,1,1,3,0.725
带噪功率谱,0,0,0,0,1,0,0,1,0.24166666666666667
频率,0,0,0,0,4,0,0,4,0.9666666666666667
时间,0,0,0,0,3,0,0,3,0.725
纯净对数功率谱,0,0,0,0,1,0,0,1,0.24166666666666667
带噪对数功率谱,0,0,0,0,1,0,0,1,0.24166666666666667
语音听觉质量,0,0,0,0,1,0,0,1,0.24166666666666667
静默段,0,0,0,0,2,0,0,2,0.48333333333333334
语音活动单元,0,0,0,0,1,0,0,1,0.24166666666666667
静默帧,0,0,0,0,1,1,0,2,0.48333333333333334
vad算法,0,0,0,0,1,1,0,2,0.48333333333333334
干净语音,1,0,2,0,2,1,1,7,2.216666666666667
timit语料库,0,0,0,0,5,2,0,7,1.6916666666666667
波形,0,0,0,0,1,0,0,1,0.24166666666666667
odb信噪比,0,0,0,0,1,2,0,3,0.725
纵向,0,0,0,0,1,1,0,2,0.48333333333333334
语音时域波形图,0,0,0,0,1,0,0,1,0.24166666666666667
aaunet网络,0,0,0,0,1,0,0,1,0.24166666666666667
语谱图,0,0,0,0,1,0,0,1,0.24166666666666667
增强语音波形,0,0,0,0,1,0,0,1,0.24166666666666667
网格搜索,0,0,0,0,1,0,0,1,0.24166666666666667
主观误差性,0,0,0,0,1,0,0,1,0.24166666666666667
经验值,0,0,0,0,1,0,0,1,0.24166666666666667
目标语音,0,0,2,0,3,1,2,8,1.7
sig指标,0,0,0,0,1,0,0,1,0.24166666666666667
ss,0,0,0,0,1,0,0,1,0.24166666666666667
带噪语音质量,0,0,0,0,1,0,0,1,0.24166666666666667
sig得分,0,0,0,0,1,0,0,1,0.24166666666666667
pesq得分,0,0,0,0,1,1,0,2,0.48333333333333334
平均得分数据,0,0,0,0,1,0,0,1,0.24166666666666667
评估分数,0,0,0,0,1,0,0,1,0.24166666666666667
平均得分,0,0,0,0,1,0,0,1,0.24166666666666667
异常值,0,0,0,0,1,0,0,1,0.24166666666666667
零点,0,0,0,0,1,0,0,1,0.24166666666666667
异常点,0,0,0,0,1,0,0,1,0.24166666666666667
收敛速度,0,0,0,0,1,0,0,1,0.24166666666666667
收敛曲线,0,0,0,0,1,0,0,1,0.24166666666666667
带噪语音语音,0,0,0,0,1,0,0,1,0.24166666666666667
attskip-pos,0,0,0,0,1,0,0,1,0.24166666666666667
stoi指标,0,0,0,0,1,0,0,1,0.24166666666666667
噪声抑制能力,0,0,0,0,1,0,0,1,0.24166666666666667
清晰度,0,0,1,0,1,0,0,2,0.3666666666666667
conv-attskip-np模型,0,0,0,0,1,0,0,1,0.24166666666666667
注意力图,0,0,0,0,1,0,0,1,0.24166666666666667
aatskip-pos,0,0,0,0,1,0,0,1,0.24166666666666667
评估指标,0,0,0,0,1,1,0,2,0.48333333333333334
跳跃连接操作,0,0,0,0,1,0,0,1,0.24166666666666667
aatskip-,0,0,0,0,1,0,0,1,0.24166666666666667
原始卷积特征图,0,0,0,0,1,0,0,1,0.24166666666666667
注意力强化,0,0,0,0,2,0,1,3,0.725
拼接型,0,0,0,0,1,0,0,1,0.24166666666666667
卷积网络模型,0,0,0,0,1,0,0,1,0.24166666666666667
bak分数,0,0,0,0,1,0,0,1,0.24166666666666667
bak分值,0,0,0,0,1,0,0,1,0.24166666666666667
隐藏神经元,0,0,0,0,1,0,0,1,0.24166666666666667
嵌入位置信息,0,0,0,0,1,0,0,1,0.24166666666666667
-position,0,0,0,0,1,0,0,1,0.24166666666666667
sig分值,0,0,0,0,1,0,0,1,0.24166666666666667
无位置信息,0,0,0,0,1,0,0,1,0.24166666666666667
適道数,0,0,0,0,1,0,0,1,0.24166666666666667
注邈力,0,0,0,0,1,0,0,1,0.24166666666666667
系统,0,0,0,0,1,0,0,1,0.24166666666666667
nopositionwith,0,0,0,0,1,0,0,1,0.24166666666666667
positionwith,0,0,0,0,1,0,0,1,0.24166666666666667
stoi分值,0,0,0,0,1,0,0,1,0.24166666666666667
注意机制,0,0,0,0,3,6,2,11,2.658333333333333
纵向比较,0,0,0,0,1,0,0,1,0.24166666666666667
卷积通道数,0,0,0,0,1,0,0,1,0.24166666666666667
对位置信息,0,0,0,0,1,0,0,1,0.24166666666666667
pesq分值,0,0,0,0,1,1,0,2,0.48333333333333334
esq,0,0,0,0,1,0,0,1,0.24166666666666667
全注意力通道,0,0,0,0,1,0,0,1,0.24166666666666667
注意力强化卷积操作,0,0,0,0,1,0,0,1,0.24166666666666667
震荡,0,0,0,0,1,1,0,2,0.48333333333333334
收敛状态,0,0,0,0,1,0,0,1,0.24166666666666667
纵坐标,0,0,0,0,1,1,0,2,0.48333333333333334
epochs,0,0,0,0,2,1,0,3,0.725
横坐标,0,0,0,0,1,1,0,2,0.48333333333333334
收敛性曲线,0,0,0,0,1,1,0,2,0.48333333333333334
aunet,0,0,0,0,1,0,0,1,0.24166666666666667
5a,0,0,0,0,1,0,0,1,0.24166666666666667
迭代欢數,0,0,0,0,1,0,0,1,0.24166666666666667
训练集,0,0,0,0,4,2,0,6,1.45
测试,0,0,0,0,1,0,0,1,0.24166666666666667
语音增强网络模型,0,0,0,0,1,1,0,2,0.48333333333333334
saunet模型,0,0,0,0,0,10,0,10,2.4166666666666665
多值数,0,0,0,0,0,9,0,9,2.175
距离感知能力,0,0,0,0,0,7,0,7,1.6916666666666667
距离感知,0,0,0,0,0,6,0,6,1.45
saunet网络模型,0,0,0,0,0,5,0,5,1.2083333333333333
相对位置编码,0,0,0,0,2,9,0,11,2.658333333333333
saunet网络,0,0,0,0,0,4,0,4,0.9666666666666667
独立自注意机制,1,0,1,0,0,4,0,6,2.091666666666667
不对值矩阵,0,0,0,0,0,3,0,3,0.725
saunet语音增强性能,0,0,0,0,0,2,0,2,0.48333333333333334
失真程度,0,0,0,0,0,2,0,2,0.48333333333333334
对自注意机制,0,0,0,0,0,1,0,1,0.24166666666666667
语音去噪能力,0,0,0,0,0,1,0,1,0.24166666666666667
卷积算子参数,0,0,0,0,0,1,0,1,0.24166666666666667
网络深度,0,0,0,0,0,1,0,1,0.24166666666666667
相对自注意机制,0,0,0,0,1,1,0,2,0.48333333333333334
神经元参数,0,0,0,0,0,1,0,1,0.24166666666666667
注意力强化卷积网络,0,0,0,0,0,1,0,1,0.24166666666666667
骨干5网络,0,0,0,0,0,1,0,1,0.24166666666666667
语增强模型,0,0,0,0,0,1,0,1,0.24166666666666667
噪声抑制程度,0,0,0,0,0,1,0,1,0.24166666666666667
sa,0,0,0,0,0,1,0,1,0.24166666666666667
un,0,0,0,0,0,1,0,1,0.24166666666666667
借噪,0,0,0,0,0,1,0,1,0.24166666666666667
平均信噪比,0,0,0,0,0,1,0,1,0.24166666666666667
噪声去除程度,0,0,0,0,0,1,0,1,0.24166666666666667
语音失真程度,0,0,0,0,0,1,0,1,0.24166666666666667
aaunet模型,0,0,0,0,0,1,0,1,0.24166666666666667
信噪迸标,0,0,0,0,0,1,0,1,0.24166666666666667
无相对位置信息,0,0,0,0,0,1,0,1,0.24166666666666667
传统unet,0,0,0,0,0,1,0,1,0.24166666666666667
最优参数,0,0,0,0,0,1,0,1,0.24166666666666667
初始化权重,0,0,0,0,0,1,0,1,0.24166666666666667
样本网络,0,0,0,0,0,1,0,1,0.24166666666666667
样本量,0,0,0,0,0,1,0,1,0.24166666666666667
样本数,0,0,0,0,0,1,0,1,0.24166666666666667
超参数自变量,0,0,0,0,0,1,0,1,0.24166666666666667
avg,0,0,0,0,0,1,0,1,0.24166666666666667
多值数入,0,0,0,0,0,1,0,1,0.24166666666666667
测度,0,0,0,0,0,1,0,1,0.24166666666666667
self-attention,0,0,0,0,0,1,0,1,0.24166666666666667
去噪性能,0,0,3,0,0,2,0,5,0.8583333333333334
工厂噪声,0,0,0,0,2,3,0,5,1.2083333333333333
粉红噪声,0,0,0,0,1,2,0,3,0.725
测试信噪比,0,0,0,0,0,1,0,1,0.24166666666666667
snr,0,0,0,0,0,1,0,1,0.24166666666666667
立自注意机制,0,0,0,0,0,1,0,1,0.24166666666666667
语音恢复水平,0,0,0,0,0,1,0,1,0.24166666666666667
次优,0,0,0,0,0,1,0,1,0.24166666666666667
初始化过,0,0,0,0,0,1,0,1,0.24166666666666667
-5db曲线,0,0,0,0,0,1,0,1,0.24166666666666667
局部区域,0,0,0,0,0,1,0,1,0.24166666666666667
unet语音增强网络,0,0,0,0,0,1,0,1,0.24166666666666667
意力头,0,0,0,0,0,1,0,1,0.24166666666666667
增强水,0,0,0,0,0,1,0,1,0.24166666666666667
去噪程度,0,0,0,0,0,1,0,1,0.24166666666666667
去除程度,0,0,0,0,0,1,0,1,0.24166666666666667
分值,0,0,0,0,0,1,0,1,0.24166666666666667
信噪比曲线,0,0,0,0,0,1,0,1,0.24166666666666667
saunet性能,0,0,0,0,0,1,0,1,0.24166666666666667
信噪比水平,0,0,0,0,2,1,0,3,0.725
函数映射,0,0,0,0,1,1,0,2,0.48333333333333334
训练轮,0,0,0,0,0,1,0,1,0.24166666666666667
5saunet,0,0,0,0,0,1,0,1,0.24166666666666667
生成器,0,0,5,0,0,0,0,5,0.625
鉴别器,0,0,3,0,0,0,0,3,0.375
对抗网络,0,0,3,0,0,0,0,3,0.375
深度神经网络,0,0,3,0,0,0,0,3,0.375
非负矩阵,0,0,3,0,0,0,0,3,0.375
隐马尔科夫模型,0,0,3,0,0,0,0,3,0.375
机器学习,0,0,3,0,1,0,0,4,0.6166666666666667
时域,0,0,3,0,1,0,0,4,0.6166666666666667
频谱映射,0,0,2,0,0,0,0,2,0.25
语音增强框架,0,0,2,0,0,0,0,2,0.25
冗余卷积编解码网络,0,0,2,0,0,0,0,2,0.25
sewgan,0,0,2,0,0,0,0,2,0.25
非线性映射,0,0,2,0,0,0,0,2,0.25
gan,0,0,2,0,0,0,0,2,0.25
lstm,0,0,2,0,1,0,0,3,0.4916666666666667
drnn,0,0,2,0,0,0,0,2,0.25
recurrentneuralnet,0,0,2,0,0,0,0,2,0.25
语音波形,0,0,2,0,1,0,0,3,0.4916666666666667
相位,0,0,2,0,0,1,0,3,0.4916666666666667
计算机运算能力,0,0,2,0,0,0,0,2,0.25
mmse,0,0,2,0,0,0,0,2,0.25
逆傅里叶变换,0,0,2,0,0,0,0,2,0.25
带噪语音谱,0,0,2,0,0,0,0,2,0.25
高斯白噪声,0,0,2,0,0,0,0,2,0.25
带噪语音信号,0,0,2,0,0,0,0,2,0.25
单通道时域语音增强,0,0,1,0,0,0,0,1,0.125
residual-denselattice,0,0,1,0,0,0,0,1,0.125
rdl,0,0,1,0,0,0,0,1,0.125
信息,0,0,1,1,2,1,1,6,1.2166666666666668
有用信息,0,0,1,0,0,0,0,1,0.125
excitationmechanism,0,0,1,0,0,0,0,1,0.125
squeezing,0,0,1,0,0,0,0,1,0.125
挤压-激励机制,0,0,1,0,0,0,0,1,0.125
rced,0,0,1,0,0,0,0,1,0.125
掩蔽值,0,0,1,0,0,0,0,1,0.125
加法,0,0,1,0,0,0,0,1,0.125
图像分类,0,0,1,0,0,0,0,1,0.125
机器翻译,0,0,1,2,1,0,0,4,0.6166666666666667
远程上下文信息,0,0,1,0,0,0,0,1,0.125
convolutional-,0,0,1,0,0,0,0,1,0.125
卷积循环神经网络,0,0,1,0,0,0,0,1,0.125
后处理过程,0,0,1,0,0,0,0,1,0.125
预处理,0,0,1,0,0,0,0,1,0.125
ort,0,0,1,0,0,0,0,1,0.125
短时,0,0,1,0,0,0,0,1,0.125
端到端,0,0,1,0,0,0,0,1,0.125
带噪语音频谱,0,0,1,0,0,0,0,1,0.125
映射,0,0,1,1,0,0,0,2,0.25
梅尔频谱,0,0,1,0,0,0,0,1,0.125
智能手机,0,0,1,0,0,0,0,1,0.125
am,0,0,1,0,0,0,0,1,0.125
语音处理,0,0,1,0,0,0,0,1,0.125
时频掩蔽,0,0,1,0,0,0,0,1,0.125
频域,0,0,1,0,0,0,0,1,0.125
泛化性能,0,0,1,0,1,0,0,2,0.3666666666666667
带噪语音相位,0,0,1,0,0,0,0,1,0.125
ed,0,0,1,0,0,0,0,1,0.125
decodernetwork,0,0,1,0,0,0,0,1,0.125
幅度谱语音,0,0,1,0,0,0,0,1,0.125
权重共享特性,0,0,1,0,0,0,0,1,0.125
convolutionalneuralnet,0,0,1,0,0,0,0,1,0.125
深度学习网络,0,0,1,0,0,0,0,1,0.125
语音增强能力,0,0,1,0,0,0,0,1,0.125
噪声类型,0,0,1,0,0,0,0,1,0.125
wasserstein距离,0,0,1,0,0,0,0,1,0.125
fcn,0,0,1,0,0,0,0,1,0.125
neuralnet,0,0,1,0,0,0,0,1,0.125
fullyconvolutional,0,0,1,0,0,0,0,1,0.125
wasserstein,0,0,1,0,0,0,0,1,0.125
对抗训练,0,0,1,0,0,0,0,1,0.125
ual,0,0,1,0,0,0,0,1,0.125
真实数据,0,0,1,0,0,0,0,1,0.125
纳什均衡,0,0,1,0,0,0,0,1,0.125
分布,0,0,1,0,0,0,0,1,0.125
训练数据,0,0,1,0,1,0,0,2,0.3666666666666667
图像生成,0,0,1,0,0,0,0,1,0.125
adversarialnet,0,0,1,0,0,0,0,1,0.125
实时化,0,0,1,0,0,0,0,1,0.125
深度学习语音增强算法,0,0,1,0,0,0,0,1,0.125
多目标,0,0,1,0,0,0,0,1,0.125
lstm-rnn,0,0,1,0,0,0,0,1,0.125
语音增强前端,0,0,1,0,0,0,0,1,0.125
说话人,0,0,1,0,0,0,0,1,0.125
噪声鲁棒,0,0,1,0,0,0,0,1,0.125
深度循环神经网络,0,0,1,0,0,0,0,1,0.125
longshort-termmemory,0,0,1,0,0,0,0,1,0.125
长短时记忆网络,0,0,1,0,1,0,0,2,0.3666666666666667
循环神经网络,0,0,1,1,0,1,0,3,0.4916666666666667
时间序列建模,0,0,1,0,0,0,0,1,0.125
特征训练,0,0,1,0,0,0,0,1,0.125
dnn模型,0,0,1,0,0,0,0,1,0.125
二值掩蔽,0,0,1,0,0,0,0,1,0.125
梅尔倒谱系数,0,0,1,0,0,0,0,1,0.125
多目标学习dnn模型,0,0,1,0,0,0,0,1,0.125
噪声感知训练,0,0,1,0,0,0,0,1,0.125
方差均衡,0,0,1,0,0,0,0,1,0.125
深度学习模型,0,0,1,0,0,0,0,1,0.125
逐层训练,0,0,1,0,0,0,0,1,0.125
bm,0,0,1,0,0,0,0,1,0.125
chi,0,0,1,0,0,0,0,1,0.125
boltzmann,0,0,1,0,0,0,0,1,0.125
ric,0,0,1,0,0,0,0,1,0.125
受限玻尔兹曼机,0,0,1,0,0,0,0,1,0.125
网络规模,0,0,1,0,0,0,0,1,0.125
数据量,0,0,1,0,2,0,0,3,0.6083333333333334
人工神经网络,0,0,1,0,0,0,0,1,0.125
对数功率谱特征,0,0,1,0,1,1,0,3,0.6083333333333334
浅层神经网络,0,0,1,0,0,0,0,1,0.125
自动语音识别,0,0,1,0,0,0,0,1,0.125
nn,0,0,1,0,0,0,0,1,0.125
deepneuralnetworks,0,0,1,0,0,0,0,1,0.125
非负矩阵算法,0,0,1,0,0,0,0,1,0.125
目标语音信号,0,0,1,0,0,0,0,1,0.125
去噪处,0,0,1,0,0,0,0,1,0.125
幅度谱,0,0,1,0,0,0,0,1,0.125
nmf,0,0,1,0,0,0,0,1,0.125
negativematrixfactorization,0,0,1,0,0,0,0,1,0.125
non,0,0,1,0,0,0,0,1,0.125
非负矩阵分解,0,0,1,0,0,0,0,1,0.125
梅尔域,0,0,1,0,0,0,0,1,0.125
is,0,0,1,0,0,0,0,1,0.125
识别,0,0,1,0,0,0,0,1,0.125
交互模型,0,0,1,0,0,0,0,1,0.125
声源信号,0,0,1,0,0,0,0,1,0.125
ephraim,0,0,1,0,0,0,0,1,0.125
后验概率,0,0,1,0,0,0,0,1,0.125
mark,0,0,1,0,0,0,0,1,0.125
hi,0,0,1,0,0,0,0,1,0.125
去噪水平,0,0,1,0,0,0,0,1,0.125
电话会议系统,0,0,1,0,0,0,0,1,0.125
即时通讯软件,0,0,1,0,0,0,0,1,0.125
信号处理技术,0,0,1,0,0,0,0,1,0.125
th,0,0,1,0,0,0,0,1,0.125
averageal,0,0,1,0,0,0,0,1,0.125
minimumcontrolrecursive,0,0,1,0,0,0,0,1,0.125
最小控制递推平均算法,0,0,1,0,0,0,0,1,0.125
estimator,0,0,1,0,0,0,0,1,0.125
spectralamplitude,0,0,1,0,0,0,0,1,0.125
optimallymodifiedlog,0,0,1,0,0,0,0,1,0.125
计器,0,0,1,0,0,0,0,1,0.125
数谱振幅,0,0,1,0,0,0,0,1,0.125
非平稳噪声环境,0,0,1,0,0,0,0,1,0.125
噪声分布,0,0,1,0,0,0,0,1,0.125
mmse准则,0,0,1,0,0,0,0,1,0.125
spectralamplitudeestimator,0,0,1,0,0,0,0,1,0.125
mmselog,0,0,1,0,0,0,0,1,0.125
对数幅度谱估计器,0,0,1,0,0,0,0,1,0.125
非线性听觉感知特性,0,0,1,0,0,0,0,1,0.125
均方误差,0,0,1,0,0,0,0,1,0.125
去噪效果,1,0,1,0,0,0,1,3,1.3666666666666667
单通道谱减法,0,0,1,0,0,0,0,1,0.125
调制域,0,0,1,0,0,0,0,1,0.125
音乐噪声,0,0,1,0,0,0,0,1,0.125
音乐信号,0,0,1,0,0,0,0,1,0.125
听觉效果,0,0,1,0,0,0,0,1,0.125
幅度,0,0,1,0,0,0,0,1,0.125
随机频率,0,0,1,0,0,0,0,1,0.125
weiner滤波,0,0,1,0,0,0,0,1,0.125
残余噪声,0,0,1,0,0,0,0,1,0.125
频谱,0,0,1,0,0,0,0,1,0.125
噪声谱,0,0,1,0,0,0,0,1,0.125
加性干扰,0,0,1,0,0,0,0,1,0.125
增强语音信号,0,0,1,0,0,0,0,1,0.125
去噪滤波器,0,0,1,0,0,0,0,1,0.125
最小均方准则,0,0,1,0,0,0,0,1,0.125
加性平稳噪声,0,0,1,0,0,0,0,1,0.125
weiner滤波算法,0,0,1,0,0,0,0,1,0.125
传统,0,0,1,1,0,0,0,2,0.25
数字信号,0,0,1,0,0,0,0,1,0.125
有监督语音增强,0,0,1,0,0,0,0,1,0.125
无监督语音增强,0,0,1,0,0,0,0,1,0.125
beamfbrming,0,0,1,0,0,0,0,1,0.125
波束成形,0,0,1,0,0,0,0,1,0.125
空间分集技,0,0,1,0,0,0,0,1,0.125
空域信息,0,0,1,0,0,0,0,1,0.125
多麦克风增强技术,0,0,1,0,0,0,0,1,0.125
频域信息,0,0,1,0,0,0,0,1,0.125
单麦克风增强技术,0,0,1,0,0,0,0,1,0.125
多麦克风,0,0,1,0,0,0,0,1,0.125
单麦克风,0,0,1,0,0,0,0,1,0.125
说话人分离技术,0,0,1,0,0,0,0,1,0.125
无用信息,0,0,0,1,0,0,0,1,0.125
重要信息,0,0,0,1,0,0,0,1,0.125
学习,0,0,0,1,0,0,0,1,0.125
编解码模型,0,0,0,2,0,0,0,2,0.25
注意能力,0,0,0,2,0,0,0,2,0.25
aauneto,0,0,1,0,0,0,1,2,0.3666666666666667
自我注意力机制,0,0,1,1,0,0,0,2,0.25
软注意力机制,0,0,1,4,0,0,0,5,0.625
细节信息,0,0,0,0,3,0,1,4,0.9666666666666667
relu激活函数,0,0,0,0,3,1,0,4,0.9666666666666667
特征图拼接,0,0,0,0,2,0,0,2,0.48333333333333334
编解码端,0,0,0,0,2,0,0,2,0.48333333333333334
谱特征,0,0,0,0,2,0,0,2,0.48333333333333334
语音对数功率谱,0,0,0,0,2,0,0,2,0.48333333333333334
全卷积神经网络模型,0,0,0,0,3,0,0,3,0.725
跳跃连接机制,0,0,0,0,1,0,1,2,0.48333333333333334
实验仿真,0,0,0,0,1,0,0,1,0.24166666666666667
拼接,0,0,0,0,1,0,1,2,0.48333333333333334
跳跃连接机,0,0,0,0,1,0,0,1,0.24166666666666667
逐时频点,0,0,0,0,1,0,0,1,0.24166666666666667
数功率谱特征,0,0,0,0,1,0,0,1,0.24166666666666667
skipconnection,0,0,0,0,1,0,0,1,0.24166666666666667
层数,0,0,0,0,1,0,0,1,0.24166666666666667
反向卷积,0,0,0,0,1,0,0,1,0.24166666666666667
unet编码端,0,0,0,0,1,0,0,1,0.24166666666666667
时间长度,0,0,0,0,1,0,0,1,0.24166666666666667
输入尺寸,0,0,0,0,1,0,0,1,0.24166666666666667
高频特征,0,0,0,0,1,0,0,1,0.24166666666666667
频率维度,0,0,0,0,4,0,1,5,1.2083333333333333
置零填充,0,0,0,0,1,0,0,1,0.24166666666666667
非线性函数,0,0,0,0,1,0,0,1,0.24166666666666667
非线性因素,0,0,0,0,1,0,0,1,0.24166666666666667
训练,0,0,0,0,1,0,0,1,0.24166666666666667
输出值,0,0,0,0,1,0,0,1,0.24166666666666667
正态分布,0,0,0,0,1,0,0,1,0.24166666666666667
激活函数层,0,0,0,0,1,0,0,1,0.24166666666666667
批量标准化算法,0,0,0,0,1,0,0,1,0.24166666666666667
非线性激活函数,0,0,0,0,1,0,0,1,0.24166666666666667
线性激活函数,0,0,0,0,1,1,0,2,0.48333333333333334
tion,0,0,0,0,1,0,0,1,0.24166666666666667
batchnonnali,0,0,0,0,1,0,0,1,0.24166666666666667
批量标准化,0,0,0,0,1,0,0,1,0.24166666666666667
输出层,0,0,0,0,1,0,0,1,0.24166666666666667
输入,0,0,0,0,1,0,0,1,0.24166666666666667
重构特征图,0,0,0,0,1,0,0,1,0.24166666666666667
反卷积操作,0,0,0,0,1,0,0,1,0.24166666666666667
语音高级特征,0,0,0,0,1,0,0,1,0.24166666666666667
带噪语,0,0,0,0,1,0,0,1,0.24166666666666667
时频特征,0,0,0,0,1,0,0,1,0.24166666666666667
反卷积层,0,0,0,0,1,0,0,1,0.24166666666666667
上下文语境,0,0,0,0,1,0,0,1,0.24166666666666667
卷积循环网络,0,0,0,0,1,0,0,1,0.24166666666666667
ls,0,0,0,0,1,0,0,1,0.24166666666666667
zy,0,0,0,0,1,0,0,1,0.24166666666666667
编解码网络,0,0,0,0,2,0,0,2,0.48333333333333334
医学图像分割,0,0,0,0,1,0,0,1,0.24166666666666667
unets,0,0,0,0,1,0,0,1,0.24166666666666667
结构信息,0,0,0,0,1,0,0,1,0.24166666666666667
输入数据,0,0,0,0,1,1,0,2,0.48333333333333334
长向量,0,0,0,0,1,0,0,1,0.24166666666666667
时频单元,0,0,0,0,3,0,0,3,0.725
时频结构,0,0,0,0,1,0,0,1,0.24166666666666667
预测能力,0,0,0,0,1,0,0,1,0.24166666666666667
回归问题,0,0,0,0,1,0,0,1,0.24166666666666667
像素点,0,0,0,0,1,9,0,10,2.4166666666666665
单通道,0,0,0,0,1,0,0,1,0.24166666666666667
特征信息,0,0,0,0,1,0,0,1,0.24166666666666667
信息有损,0,0,0,0,1,0,0,1,0.24166666666666667
平均,0,0,0,0,1,0,0,1,0.24166666666666667
上采样层,0,0,0,0,1,0,0,1,0.24166666666666667
池化操,0,0,0,0,1,0,0,1,0.24166666666666667
平均池化层,0,0,0,0,1,0,0,1,0.24166666666666667
最大池化层,0,0,0,0,1,0,0,1,0.24166666666666667
序列,0,0,0,6,4,0,0,10,1.7166666666666668
生物神经元,0,0,0,2,0,0,0,2,0.25
硬注意力机制,0,0,0,2,0,0,0,2,0.25
权值共享机制,0,0,0,1,0,0,0,1,0.125
增强模型,0,0,0,0,0,0,1,1,0.24166666666666667
语音增强卷积网络,0,0,0,0,1,0,1,2,0.48333333333333334
侧重性,0,0,0,0,0,0,1,1,0.24166666666666667
注意力架构,0,0,0,0,0,2,1,3,0.725
sauneto,1,0,0,0,0,0,1,2,1.2416666666666667
单通道语音增强算法,0,0,0,0,0,0,1,1,0.24166666666666667
二维相对,0,0,0,0,0,0,1,1,0.24166666666666667
抑制冗余,0,0,0,0,1,0,1,2,0.48333333333333334
长距离上下文信息,0,0,0,0,0,0,1,1,0.24166666666666667
逐层传递,0,0,0,0,0,0,1,1,0.24166666666666667
特征类型,0,0,0,0,1,0,1,2,0.48333333333333334
局部邻域,0,0,0,0,1,9,1,11,2.658333333333333
权值共享特性,0,0,0,0,1,0,1,2,0.48333333333333334
计算机算力,0,0,0,0,0,0,1,1,0.24166666666666667
降噪蓝牙耳机,0,0,0,0,0,0,1,1,0.24166666666666667
手机终端,0,0,0,0,0,0,1,1,0.24166666666666667
数字信号处理技术,1,0,0,0,0,0,1,2,1.2416666666666667
失真,0,0,0,0,0,0,1,1,0.24166666666666667
说话人语音,0,0,0,0,0,0,1,1,0.24166666666666667
混响环境,0,0,0,0,0,0,1,1,0.24166666666666667
噪声源,0,0,0,0,0,0,1,1,0.24166666666666667
语音信号处理技,0,0,0,0,0,0,1,1,0.24166666666666667
对比试验,0,0,0,0,1,0,0,1,0.24166666666666667
预处理过程,0,0,0,0,1,0,0,1,0.24166666666666667
网络模型性能,0,0,0,0,1,0,0,1,0.24166666666666667
数据工程,0,0,0,0,1,0,0,1,0.24166666666666667
融合卷积网络,0,0,0,0,0,1,0,1,0.24166666666666667
输入序列,0,0,0,14,0,0,0,14,1.75
键向量,0,0,0,2,2,1,0,5,0.975
内部自注意力,0,0,0,2,0,0,0,2,0.25
查询向量,0,0,0,5,3,3,0,11,2.075
上下文序列,0,0,0,1,0,0,0,1,0.125
值向量,0,0,0,1,2,6,0,9,2.0583333333333336
输入信息,0,0,0,1,0,0,0,1,0.125
输出序列,0,0,0,1,0,0,0,1,0.125
自注意力机,0,0,0,1,0,0,0,1,0.125
rnno,0,0,0,1,0,0,0,1,0.125
编解码架构,0,0,0,1,0,0,0,1,0.125
transformer,0,0,0,1,0,0,0,1,0.125
时间维度,0,0,0,0,6,1,0,7,1.6916666666666667
内存消耗,0,0,0,0,3,0,0,3,0.725
时间点,0,0,0,0,3,0,0,3,0.725
权重矩阵,0,0,0,0,3,2,0,5,1.2083333333333333
单元,0,0,0,0,3,0,0,3,0.725
隐藏单元,0,0,0,0,3,0,0,3,0.725
特征维度,0,0,0,0,3,0,0,3,0.725
标准卷积,0,0,0,0,2,0,0,2,0.48333333333333334
相对位置矩阵,0,0,0,0,2,0,0,2,0.48333333333333334
顺序,0,0,0,0,2,0,0,2,0.48333333333333334
向量,0,0,0,1,2,1,0,4,0.85
强化卷积模块,0,0,0,0,2,0,0,2,0.48333333333333334
单头二维,0,0,0,0,2,0,0,2,0.48333333333333334
特征映射,0,0,0,0,2,0,0,2,0.48333333333333334
相对宽度信息,0,0,0,0,2,2,0,4,0.9666666666666667
相对高度,0,0,0,0,2,2,0,4,0.9666666666666667
局部信息,0,0,0,0,2,0,0,2,0.48333333333333334
语音增强系统,0,0,0,0,2,0,0,2,0.48333333333333334
局部感知能力,0,0,0,0,2,0,0,2,0.48333333333333334
输出维度,0,0,0,0,1,0,0,1,0.24166666666666667
对掩蔽注意算法,0,0,0,0,1,0,0,1,0.24166666666666667
高效记忆,0,0,0,0,1,0,0,1,0.24166666666666667
时频点,0,0,0,0,1,0,0,1,0.24166666666666667
线性拟合,0,0,0,0,1,0,0,1,0.24166666666666667
线性可学习矩阵,0,0,0,0,1,0,0,1,0.24166666666666667
习嵌入,0,0,0,0,1,0,0,1,0.24166666666666667
嵌入,0,0,0,0,1,0,0,1,0.24166666666666667
4心角,0,0,0,0,1,0,0,1,0.24166666666666667
形亿力,0,0,0,0,1,0,0,1,0.24166666666666667
相对频率,0,0,0,0,1,0,0,1,0.24166666666666667
相对时间,0,0,0,0,1,0,0,1,0.24166666666666667
性质,0,0,0,0,1,1,0,2,0.48333333333333334
变性,0,0,0,0,1,0,0,1,0.24166666666666667
编码,0,0,0,0,1,0,0,1,0.24166666666666667
相对编码,0,0,0,0,1,0,0,1,0.24166666666666667
排列等变性,0,0,0,0,1,0,0,1,0.24166666666666667
排列,0,0,0,0,1,0,0,1,0.24166666666666667
相对宽度,0,0,0,0,1,0,0,1,0.24166666666666667
smmax,0,0,0,0,1,0,0,1,0.24166666666666667
概率空间,0,0,0,0,1,0,0,1,0.24166666666666667
概率值,0,0,0,1,1,0,0,2,0.3666666666666667
指数空间,0,0,0,0,1,0,0,1,0.24166666666666667
概率,0,0,0,0,1,0,0,1,0.24166666666666667
xp,0,0,0,0,1,0,0,1,0.24166666666666667
归一化指数函数,0,0,0,0,1,0,0,1,0.24166666666666667
单头注意力,0,0,0,0,1,0,0,1,0.24166666666666667
dqlk,0,0,0,0,1,0,0,1,0.24166666666666667
特征空间,0,0,0,0,1,0,0,1,0.24166666666666667
线性变换,0,0,0,0,1,3,0,4,0.9666666666666667
values,0,0,0,0,1,0,0,1,0.24166666666666667
keys,0,0,0,0,1,0,0,1,0.24166666666666667
lffxc,0,0,0,0,1,0,0,1,0.24166666666666667
二维张量,0,0,0,0,1,0,0,1,0.24166666666666667
展平操,0,0,0,0,1,0,0,1,0.24166666666666667
流程图,0,0,0,0,1,0,0,1,0.24166666666666667
多头,0,0,0,0,1,0,0,1,0.24166666666666667
多头注意力,0,0,0,0,1,0,0,1,0.24166666666666667
特征子空间,0,0,0,0,1,1,0,2,0.48333333333333334
空间维度,0,0,0,0,1,0,0,1,0.24166666666666667
门控制,0,0,0,0,1,0,0,1,0.24166666666666667
自注意特征图,0,0,0,0,1,0,0,1,0.24166666666666667
长程,0,0,0,0,1,0,0,1,0.24166666666666667
权重矩,0,0,0,0,1,0,0,1,0.24166666666666667
平移等效性,0,0,0,0,1,1,0,2,0.48333333333333334
表征能力,0,0,0,0,1,0,0,1,0.24166666666666667
二维相,0,0,0,0,2,0,0,2,0.48333333333333334
加权平均值,0,0,0,0,1,0,0,1,0.24166666666666667
hiddenunits,0,0,0,0,1,0,0,1,0.24166666666666667
特征图信息,0,0,0,0,1,0,0,1,0.24166666666666667
序列建模任务,0,0,0,0,1,0,0,1,0.24166666666666667
图像标注,0,0,0,0,1,0,0,1,0.24166666666666667
层传递,0,0,0,0,1,0,0,1,0.24166666666666667
局部性运算,0,0,0,0,1,0,0,1,0.24166666666666667
像素,0,0,0,0,0,9,0,9,2.175
邻域,0,0,0,0,0,7,0,7,1.6916666666666667
中心像素,0,0,0,0,0,5,0,5,1.2083333333333333
绝对位置信息,0,0,0,0,0,4,0,4,0.9666666666666667
点积,0,0,0,0,0,4,0,4,0.9666666666666667
嵌入向量,0,0,0,0,0,3,0,3,0.725
值注意力核,0,0,0,0,0,3,0,3,0.725
邻域像素,0,0,0,0,0,3,0,3,0.725
单头,0,0,0,0,0,3,0,3,0.725
值矩阵,0,0,0,0,0,3,0,3,0.725
函数,0,0,0,0,0,2,0,2,0.48333333333333334
权重系数,0,0,0,0,0,2,0,2,0.48333333333333334
注意力核,0,0,0,0,0,2,0,2,0.48333333333333334
矩阵,0,0,0,0,0,2,0,2,0.48333333333333334
键矩阵,0,0,0,0,0,2,0,2,0.48333333333333334
边缘细节,0,0,0,0,0,2,0,2,0.48333333333333334
全局信息,0,0,0,0,0,2,0,2,0.48333333333333334
位置感知能力,0,0,0,0,0,2,0,2,0.48333333333333334
输出特征,0,0,0,0,0,2,0,2,0.48333333333333334
坐标,0,0,0,0,0,2,0,2,0.48333333333333334
内核,0,0,0,0,0,1,0,1,0.24166666666666667
硬件加速器,0,0,0,0,0,1,0,1,0.24166666666666667
代价,0,0,0,0,0,1,0,1,0.24166666666666667
注意层,0,0,0,0,0,3,0,3,0.725
行列位置,0,0,0,0,0,1,0,1,0.24166666666666667
列位置,0,0,0,0,0,1,0,1,0.24166666666666667
行位置,0,0,0,0,0,1,0,1,0.24166666666666667
softmaxx,0,0,0,0,0,1,0,1,0.24166666666666667
加异,0,0,0,0,0,1,0,1,0.24166666666666667
绝对位置,0,0,0,0,0,1,0,1,0.24166666666666667
注意力核呼,0,0,0,0,0,1,0,1,0.24166666666666667
加性组合,0,0,0,0,0,1,0,1,0.24166666666666667
注意力核晞,0,0,0,0,0,1,0,1,0.24166666666666667
注意力核豹,0,0,0,0,0,1,0,1,0.24166666666666667
席片,0,0,0,0,0,1,0,1,0.24166666666666667
内容交互,0,0,0,0,0,1,0,1,0.24166666666666667
边缘学习,0,0,0,0,0,1,0,1,0.24166666666666667
高层次特征,0,0,0,0,0,1,0,1,0.24166666666666667
局部边缘特征,0,0,0,0,0,1,0,1,0.24166666666666667
像素距离,0,0,0,0,0,1,0,1,0.24166666666666667
可学习权重参数,0,0,0,0,0,1,0,1,0.24166666666666667
像素内容,0,0,0,0,0,1,0,1,0.24166666666666667
中心像素点,0,0,0,0,0,1,0,1,0.24166666666666667
字符,0,0,0,0,0,1,0,1,0.24166666666666667
力汕,0,0,0,0,0,1,0,1,0.24166666666666667
局部,0,0,0,0,0,1,0,1,0.24166666666666667
冗余信息,0,0,0,0,0,1,0,1,0.24166666666666667
序列化信号,0,0,0,0,0,1,0,1,0.24166666666666667
对数功率谱图,0,0,0,0,0,1,0,1,0.24166666666666667
单头注意力运算,0,0,0,0,0,1,0,1,0.24166666666666667
可学习线性变换,0,0,0,0,0,1,0,1,0.24166666666666667
头部,0,0,0,0,0,1,0,1,0.24166666666666667
像素映射,0,0,0,0,0,1,0,1,0.24166666666666667
依赖性,0,0,0,0,0,1,0,1,0.24166666666666667
nerc,0,0,0,0,0,1,0,1,0.24166666666666667
amax,0,0,0,0,0,1,0,1,0.24166666666666667
查询注意力,0,0,0,0,0,1,0,1,0.24166666666666667
依赖,0,0,0,0,0,1,0,1,0.24166666666666667
nenk,0,0,0,0,0,1,0,1,0.24166666666666667
丘口,0,0,0,0,0,1,0,1,0.24166666666666667
实线,0,0,0,0,0,1,0,1,0.24166666666666667
逐像素,0,0,0,0,0,1,0,1,0.24166666666666667
softmax,0,0,0,0,0,1,0,1,0.24166666666666667
虚线,0,0,0,0,0,1,0,1,0.24166666666666667
learnedtransform,0,0,0,0,0,1,0,1,0.24166666666666667
输入特征,0,0,0,0,0,1,0,1,0.24166666666666667
低层次特征,0,0,0,0,0,1,0,1,0.24166666666666667
矩阵乘,0,0,0,0,0,1,0,1,0.24166666666666667
位置,0,0,0,0,0,1,0,1,0.24166666666666667
位置感知,0,0,0,0,0,1,0,1,0.24166666666666667
距离感知特征,0,0,0,0,0,1,0,1,0.24166666666666667
边缘局部细节,0,0,0,0,0,1,0,1,0.24166666666666667
排列不变性,0,0,0,0,0,1,0,1,0.24166666666666667
谷歌大脑,0,0,0,0,0,1,0,1,0.24166666666666667
输出通道数,0,0,0,0,0,1,0,1,0.24166666666666667
卷积核数量,0,0,0,0,0,1,0,1,0.24166666666666667
ffer,0,0,0,0,0,1,0,1,0.24166666666666667
可学习权重矩阵,0,0,0,0,0,1,0,1,0.24166666666666667
输入通道数,0,0,0,0,0,1,0,1,0.24166666666666667
raxwx,0,0,0,0,0,1,0,1,0.24166666666666667
中间方形网格,0,0,0,0,0,1,0,1,0.24166666666666667
方形网格,0,0,0,0,0,1,0,1,0.24166666666666667
卷积运茸,0,0,0,0,0,1,0,1,0.24166666666666667
硬注意力,0,0,0,4,0,0,0,4,0.5
位置向量,0,0,0,3,0,0,0,3,0.375
全局注意力机制,0,0,0,2,0,0,0,2,0.25
加权平均,0,0,0,2,0,0,0,2,0.25
权值向量,0,0,0,1,0,0,0,1,0.125
神经元机器翻译,0,0,0,1,0,0,0,1,0.125
局部注意力机制,0,0,0,1,0,0,0,1,0.125
关注能力,0,0,0,1,0,0,0,1,0.125
上下文输出序列,0,0,0,1,0,0,0,1,0.125
方形块,0,0,0,1,0,0,0,1,0.125
注意力权值向量,0,0,0,1,0,0,0,1,0.125
注意力得分,0,0,0,1,0,0,0,1,0.125
指数函数,0,0,0,1,0,0,0,1,0.125
点积运算,0,0,0,1,0,0,0,1,0.125
矩形块,0,0,0,1,0,0,0,1,0.125
imagecaption,0,0,0,1,0,0,0,1,0.125
图像描述,0,0,0,1,0,0,0,1,0.125
elu,0,0,0,0,0,3,0,3,0.725
标准,0,0,0,0,0,2,0,2,0.48333333333333334
样本,0,0,0,0,0,2,0,2,0.48333333333333334
bn,0,0,0,0,0,2,0,2,0.48333333333333334
ln,0,0,0,0,0,2,0,2,0.48333333333333334
样本数据,0,0,0,0,0,1,0,1,0.24166666666666667
layernormalization,0,0,0,0,0,1,0,1,0.24166666666666667
层标准化函数,0,0,0,0,0,1,0,1,0.24166666666666667
elu激活函数,0,0,0,0,0,1,0,1,0.24166666666666667
可调节,0,0,0,0,0,1,0,1,0.24166666666666667
指数,0,0,0,0,0,1,0,1,0.24166666666666667
elu函数,0,0,0,0,0,1,0,1,0.24166666666666667
正比例函数,0,0,0,0,0,1,0,1,0.24166666666666667
比例系数,0,0,0,0,0,1,0,1,0.24166666666666667
均值,0,0,0,0,0,1,0,1,0.24166666666666667
exponentiallinearunit,0,0,0,0,0,1,0,1,0.24166666666666667
非线性,0,0,0,0,0,1,0,1,0.24166666666666667
对数谱特征,0,0,0,0,0,1,0,1,0.24166666666666667
standalonelayer,0,0,0,0,0,1,0,1,0.24166666666666667
salayer,0,0,0,0,0,1,0,1,0.24166666666666667
解码,0,0,0,0,0,1,0,1,0.24166666666666667
编康,0,0,0,0,0,1,0,1,0.24166666666666667
单通道语音增强网络,0,0,0,0,0,1,0,1,0.24166666666666667
语音増强算法,0,0,0,0,0,1,0,1,0.24166666666666667
网络去噪,0,0,0,0,1,0,0,1,0.24166666666666667
l2损失,0,0,0,0,1,0,0,1,0.24166666666666667
测试集,0,0,0,0,3,2,0,5,1.2083333333333333
特征数据,0,0,0,0,2,0,0,2,0.48333333333333334
验证集,0,0,0,0,2,0,0,2,0.48333333333333334
噪声库,0,0,0,0,2,0,0,2,0.48333333333333334
采样频率,0,0,0,0,2,0,0,2,0.48333333333333334
语音数据集,0,0,0,0,2,0,0,2,0.48333333333333334
特征拼接,0,0,0,0,1,0,0,1,0.24166666666666667
最小控制迭代平均,0,0,0,0,1,0,0,1,0.24166666666666667
对数功率谱估计器,0,0,0,0,1,0,0,1,0.24166666666666667
控制变量,0,0,0,0,1,0,0,1,0.24166666666666667
网络模型参数,0,0,0,0,1,0,0,1,0.24166666666666667
学习速率,0,0,0,0,1,0,0,1,0.24166666666666667
学习率衰减策略,0,0,0,0,1,0,0,1,0.24166666666666667
mini-batch,0,0,0,0,1,1,0,2,0.48333333333333334
初始学习率,0,0,0,0,1,1,0,2,0.48333333333333334
adam优化器,0,0,0,0,1,0,0,1,0.24166666666666667
二维对数功率谱特征,0,0,0,0,1,0,0,1,0.24166666666666667
频率点,0,0,0,0,1,0,0,1,0.24166666666666667
129维,0,0,0,0,1,0,0,1,0.24166666666666667
对数,0,0,0,0,1,0,0,1,0.24166666666666667
幅度谱特征,0,0,0,0,1,0,0,1,0.24166666666666667
复数频谱特征,0,0,0,0,1,0,0,1,0.24166666666666667
短时傅里叶变换,0,0,0,0,1,1,0,2,0.48333333333333334
分帧加窗,0,0,0,0,1,0,0,1,0.24166666666666667
overlap,0,0,0,0,1,0,0,1,0.24166666666666667
重叠移动,0,0,0,0,1,0,0,1,0.24166666666666667
可输入网络,0,0,0,0,1,0,0,1,0.24166666666666667
时频域,0,0,0,0,1,0,0,1,0.24166666666666667
短时傅里叶算法,0,0,0,0,1,0,0,1,0.24166666666666667
带噪语音测试集,0,0,0,0,1,0,0,1,0.24166666666666667
噪音类型,0,0,0,0,1,0,0,1,0.24166666666666667
条带噪语音,0,0,0,0,1,0,0,1,0.24166666666666667
噪声类,0,0,0,0,1,0,0,1,0.24166666666666667
09,0,0,0,0,1,0,0,1,0.24166666666666667
noisex-92噪声库,0,0,0,0,1,2,0,3,0.725
测试噪声,0,0,0,0,1,2,0,3,0.725
失配,0,0,0,0,1,0,0,1,0.24166666666666667
fl6,0,0,0,0,1,1,0,2,0.48333333333333334
f16座舱噪声,0,0,0,0,1,1,0,2,0.48333333333333334
ml09,0,0,0,0,1,1,0,2,0.48333333333333334
坦克内部噪声,0,0,0,0,1,1,0,2,0.48333333333333334
fkctoryl,0,0,0,0,1,0,0,1,0.24166666666666667
白噪声,0,0,0,0,1,1,0,2,0.48333333333333334
训练噪声,0,0,0,0,1,2,0,3,0.725
重采样,0,0,0,0,1,0,0,1,0.24166666666666667
音频切割,0,0,0,0,1,0,0,1,0.24166666666666667
语音研,0,0,0,0,1,0,0,1,0.24166666666666667
onoisex-92,0,0,0,0,1,0,0,1,0.24166666666666667
noisex-92,0,0,0,0,1,0,0,1,0.24166666666666667
静默,0,0,0,0,1,0,0,1,0.24166666666666667
vad,0,0,0,0,1,0,0,1,0.24166666666666667
语音活动检测,0,0,0,0,1,0,0,1,0.24166666666666667
采样,0,0,0,0,1,0,0,1,0.24166666666666667
语音测试集,0,0,0,0,1,0,0,1,0.24166666666666667
语音训练,0,0,0,0,1,0,0,1,0.24166666666666667
长度,0,0,0,0,1,0,0,1,0.24166666666666667
说话,0,0,0,0,1,0,0,1,0.24166666666666667
英文数据集,0,0,0,0,1,0,0,1,0.24166666666666667
衰减策略,0,0,0,0,0,1,0,1,0.24166666666666667
优化器,0,0,0,0,0,1,0,1,0.24166666666666667
语音句子,0,0,0,0,0,1,0,1,0.24166666666666667
傅里叶逆变换,0,0,0,0,0,1,0,1,0.24166666666666667
实验参数,0,0,0,0,0,1,0,1,0.24166666666666667
factory2,0,0,0,0,0,1,0,1,0.24166666666666667
语音增,1,0,0,0,0,0,0,1,1.0
未知噪声,1,0,0,0,0,0,0,1,1.0
干扰源,1,0,0,0,0,0,0,1,1.0
说话人信号,1,0,0,0,0,0,0,1,1.0
噪声残留,1,0,0,0,0,0,0,1,1.0
听力设备,1,0,0,0,0,0,0,1,1.0
