,摘要,关键词,第一章,第二章,第三章,第四章,第五章,总词频,加权得分
加速度,0,0,0,0,4,6,0,10,2.4166666666666665
参数,0,0,0,2,2,5,0,9,1.9416666666666667
安全距离,0,0,0,0,3,3,0,6,1.45
融合中心,1,0,5,15,0,18,1,40,8.091666666666667
仿真参数,0,0,0,0,3,3,0,6,1.45
参数符号,0,0,0,0,1,2,0,3,0.725
授权,0,0,0,4,2,4,0,10,1.95
波束,0,0,4,3,16,26,1,50,11.266666666666667
速度,0,0,2,2,8,10,0,22,4.85
感知周期,1,0,2,2,20,2,0,27,6.816666666666666
瞬时速度,0,0,0,0,2,2,0,4,0.9666666666666667
车辆密度,0,0,0,0,5,6,0,11,2.658333333333333
车联网,6,1,35,63,20,19,10,154,32.09166666666667
虚警概率,1,0,2,2,10,1,1,17,4.4
信噪比,3,0,0,5,11,5,0,24,7.491666666666667
对准角度误差,0,0,0,0,3,2,0,5,1.2083333333333333
波束主瓣宽度,0,0,0,0,1,1,0,2,0.48333333333333334
认知车辆,0,0,0,2,0,1,0,3,0.4916666666666667
车辆速度,0,0,0,1,2,1,0,4,0.85
道路长度,0,0,0,0,2,1,0,3,0.725
迭代次数,0,0,0,0,0,2,0,2,0.48333333333333334
种群,0,0,0,0,0,2,0,2,0.48333333333333334
自适应遗传算法,1,0,2,0,0,7,1,11,3.1833333333333336
扇形增益模型,0,0,0,0,1,1,0,2,0.48333333333333334
天线增益模型,0,0,0,0,1,1,0,2,0.48333333333333334
毫米波频段,0,0,1,6,2,1,0,10,1.6
28ghz,0,0,0,0,1,1,0,2,0.48333333333333334
频段,1,0,3,16,1,1,0,22,3.8583333333333334
毫米波信道,0,0,0,0,3,1,0,4,0.9666666666666667
信道,0,0,0,12,5,2,0,19,3.1916666666666664
信号,0,0,2,4,11,5,0,22,4.616666666666667
定向通信,0,0,1,0,1,1,0,3,0.6083333333333334
毫米波,3,1,11,4,11,14,1,45,13.158333333333333
认知,0,0,2,3,5,1,1,12,2.3166666666666664
on/off模型,0,0,0,0,1,1,0,2,0.48333333333333334
活动模型,0,0,0,0,1,1,0,2,0.48333333333333334
频谱占用,0,0,0,1,1,1,0,3,0.6083333333333334
距离,0,0,0,1,1,1,0,3,0.6083333333333334
移动速度,0,0,1,0,1,4,1,7,1.575
正态分布,0,0,0,0,0,1,0,1,0.24166666666666667
初始速度,0,0,0,0,1,1,0,2,0.48333333333333334
移动性,3,1,13,16,13,10,2,58,14.666666666666668
曼哈顿网格移动模型,0,0,0,0,0,1,0,1,0.24166666666666667
知车辆,0,0,0,0,0,1,0,1,0.24166666666666667
路边单元,0,0,0,1,0,1,0,2,0.3666666666666667
道路,0,0,0,3,1,1,0,5,0.8583333333333334
车道,0,0,0,0,2,1,0,3,0.725
城市道路,0,0,0,0,1,1,0,2,0.48333333333333334
仿真,1,0,3,0,10,4,1,19,5.0
仿真场景,0,0,0,0,2,1,0,3,0.725
matlab仿真场景,0,0,0,0,0,1,0,1,0.24166666666666667
性能,3,0,4,6,13,11,2,39,10.533333333333333
频谱感知,1,1,10,64,11,6,3,96,17.083333333333332
毫米波频谱感知算法,7,0,7,2,6,6,3,31,11.75
认知车联网,0,0,9,19,5,2,1,36,5.433333333333334
频谱切换,0,0,0,8,0,0,0,8,1.0
频谱共享,0,0,1,18,1,0,0,20,2.6166666666666667
频谱感知算法,0,0,2,11,6,6,0,25,4.525
频谱移动性管理,0,0,0,4,0,0,0,4,0.5
频谱状态,0,0,1,5,0,0,0,6,0.75
车辆,2,0,6,10,5,4,0,27,6.175
认知无线电,1,1,5,8,2,0,2,19,5.591666666666667
频谱共享算法,0,0,0,2,0,0,0,2,0.25
频谱共享模型,0,0,0,2,0,0,0,2,0.25
多普勒频移效应,0,0,0,2,0,0,0,2,0.25
频谱机,0,0,0,2,0,0,0,2,0.25
频谱,0,0,4,36,5,1,2,48,6.933333333333334
动态,0,0,1,4,0,0,0,5,0.625
空闲可用频谱,0,0,0,4,0,0,0,4,0.5
频谱感知技术,1,0,7,14,1,0,3,26,4.591666666666667
qos,0,0,0,5,0,0,0,5,0.625
网络,0,0,0,6,0,0,0,6,0.75
拍卖理论,0,0,0,1,0,0,0,1,0.125
博弈论,0,0,0,2,0,0,0,2,0.25
中断通信,0,0,0,1,0,0,0,1,0.125
通信质量,0,0,0,1,0,0,0,1,0.125
链路层延迟,0,0,0,2,0,0,0,2,0.25
频谱移动性,0,0,0,3,0,0,0,3,0.375
通信延迟,0,0,0,1,0,0,0,1,0.125
移动性管理,0,0,0,1,0,0,0,1,0.125
车载信道,0,0,0,1,0,0,0,1,0.125
移动信道,0,0,0,1,0,0,0,1,0.125
高移动,0,0,0,1,0,0,0,1,0.125
频谱可用性,0,0,0,1,0,0,0,1,0.125
授权用户信号,0,0,0,3,0,2,0,5,0.8583333333333334
无线环,0,0,0,1,0,0,0,1,0.125
检测,0,0,0,2,0,0,0,2,0.25
接收信号,1,0,4,14,22,13,0,54,11.708333333333334
无线环境,0,0,0,3,0,0,0,3,0.375
时间复杂度,0,0,0,1,2,0,0,3,0.6083333333333334
动态性,0,0,0,1,0,0,0,1,0.125
频谱移动性管,0,0,0,2,0,0,0,2,0.25
v2i,0,0,0,2,0,0,0,2,0.25
多普勒频率,0,0,0,1,0,0,0,1,0.125
v2v,0,0,0,4,0,0,0,4,0.5
v2i通信,0,0,0,4,0,0,0,4,0.5
多普勒效应,0,0,0,1,0,0,0,1,0.125
样本,0,0,0,1,0,0,0,1,0.125
多普勒频移,0,0,0,1,0,0,0,1,0.125
检测信号,0,0,0,1,0,0,0,1,0.125
时间,0,0,1,3,2,0,1,7,1.225
干扰区,0,0,0,1,0,0,0,1,0.125
认知用户,1,0,12,32,11,26,0,82,15.441666666666666
频谱占用模式,0,0,0,1,0,0,0,1,0.125
授权用户,0,0,15,17,11,15,0,58,10.283333333333333
动态环境,0,0,0,1,0,0,0,1,0.125
授权频谱,0,0,0,3,0,0,0,3,0.375
认知无线电网络,0,0,0,1,0,0,0,1,0.125
干扰,1,0,11,7,15,36,1,71,15.816666666666666
噪声,1,0,9,2,11,33,1,57,13.25
干扰用户,0,0,4,0,11,3,0,18,3.8833333333333333
网络性能,0,0,0,0,1,0,0,1,0.24166666666666667
干扰受限机制,0,0,0,0,2,0,0,2,0.48333333333333334
噪声-,0,0,2,0,3,0,1,6,1.2166666666666668
用户力,0,0,0,0,1,0,0,1,0.24166666666666667
发送信号,0,0,0,0,2,0,0,2,0.48333333333333334
用户,0,0,9,13,3,22,0,47,8.791666666666668
本地频谱感知系统,0,0,0,0,1,0,0,1,0.24166666666666667
波束成形,0,0,0,0,1,1,0,2,0.48333333333333334
天线,0,0,0,0,1,0,0,1,0.24166666666666667
通信,0,0,0,8,1,0,0,9,1.2416666666666667
基础设施,0,0,0,1,1,0,0,2,0.3666666666666667
认知车联网系统,0,0,0,0,1,0,1,2,0.48333333333333334
场景,0,0,0,0,1,0,0,1,0.24166666666666667
通信技术,0,0,1,4,1,0,0,6,0.8666666666666667
车联网产业,0,0,0,2,0,0,0,2,0.25
服务平台,0,0,0,2,0,0,0,2,0.25
网络连接,0,0,0,4,0,0,0,4,0.5
物联网,0,0,0,2,0,0,0,2,0.25
v2p,0,0,0,1,0,0,0,1,0.125
个入设备,0,0,0,1,0,0,0,1,0.125
车辆通信,1,0,2,2,0,0,1,6,1.7416666666666667
行业,0,0,0,1,0,0,0,1,0.125
公共服务,0,0,0,1,0,0,0,1,0.125
支撑系统,0,0,0,1,0,0,0,1,0.125
支撑平台,0,0,0,1,0,0,0,1,0.125
数据平台,0,0,0,1,0,0,0,1,0.125
业务平台,0,0,0,1,0,0,0,1,0.125
综合信息,0,0,0,1,0,0,0,1,0.125
信息交互,0,0,0,1,0,0,0,1,0.125
平台,0,0,0,1,0,0,0,1,0.125
dsrc,0,0,2,7,0,0,0,9,1.125
lte-v2x,0,0,0,6,0,0,0,6,0.75
基础设施终端,0,0,0,1,0,0,0,1,0.125
车载终端,0,0,0,1,0,0,0,1,0.125
通信能,0,0,0,1,0,0,0,1,0.125
体系,0,0,0,1,0,0,0,1,0.125
交通效率,1,0,1,1,0,0,0,3,1.25
道路驾驶体验,0,0,0,1,0,0,0,1,0.125
车载娱乐,1,0,1,2,0,0,1,5,1.6166666666666667
驾驶安全性,0,0,0,1,0,0,0,1,0.125
信息,0,0,0,5,0,0,0,5,0.625
工业化,0,0,0,1,0,0,0,1,0.125
信息化,0,0,0,1,0,0,0,1,0.125
汽车工业,0,0,0,1,0,0,0,1,0.125
信息技术,0,0,0,1,0,0,0,1,0.125
静、动态信息,0,0,0,1,0,0,0,1,0.125
属性信息,0,0,0,1,0,0,0,1,0.125
信息网络平台,0,0,0,1,0,0,0,1,0.125
rfid,0,0,0,1,0,0,0,1,0.125
radiofrequencyident,0,0,0,1,0,0,0,1,0.125
无线射频识别,0,0,0,1,0,0,0,1,0.125
电子标签,0,0,0,1,0,0,0,1,0.125
交通领,0,0,0,1,0,0,0,1,0.125
internetofthing,0,0,0,1,0,0,0,1,0.125
融合,0,0,5,2,0,11,0,18,3.533333333333333
毫米波信号,2,0,21,11,6,10,3,53,10.591666666666667
合作用户,5,0,5,3,0,18,4,35,11.316666666666666
毫米波频谱感知,1,0,5,4,4,7,2,23,5.266666666666667
d-s证据理论,0,0,1,0,0,9,0,10,2.3
本地感知,3,0,10,12,0,8,1,34,7.925
移动性模式,0,0,1,0,0,8,0,9,2.0583333333333336
感知结,1,0,4,0,1,2,2,10,2.708333333333333
毫米波接收信号,0,0,0,0,0,3,0,3,0.725
车辆移动模式,0,0,0,0,0,1,0,1,0.24166666666666667
低频段信号,1,0,0,2,2,4,0,9,2.7
合作频谱感知算法,2,0,1,0,0,7,1,11,4.058333333333334
d-s,3,0,3,0,0,8,1,15,5.55
毫米波通信,2,0,7,3,7,3,2,24,6.15
无线电,0,0,1,10,1,0,1,13,1.8583333333333334
认知无线电技术,0,0,1,8,0,0,0,9,1.125
频谱资源,2,0,2,8,2,0,1,15,3.975
毫米波频谱资源,1,0,1,3,0,0,0,5,1.5
毫米波通信技术,0,0,0,1,0,0,2,3,0.6083333333333334
低频段频谱资源,0,0,0,1,0,0,0,1,0.125
车联网通信,1,0,0,2,0,0,1,4,1.4916666666666667
统计量,1,0,2,3,16,0,1,23,5.733333333333333
感知算法,0,0,0,4,3,0,1,8,1.4666666666666668
接收信号模型,0,0,0,0,5,0,0,5,1.2083333333333333
随机过程,1,0,3,5,4,0,1,14,3.208333333333333
准角度误差,0,0,0,0,2,1,0,3,0.725
密度,0,0,0,0,3,2,0,5,1.2083333333333333
算法,0,0,0,1,5,3,0,9,2.0583333333333336
干扰受限,0,0,1,0,1,0,1,3,0.6083333333333334
波束对准技术,0,0,0,0,1,0,0,1,0.24166666666666667
检验统计量,2,0,6,5,11,0,2,26,6.516666666666667
检测器,0,0,0,1,1,2,0,4,0.85
测量,0,0,0,1,2,0,0,3,0.6083333333333334
传输特性,0,0,0,0,2,0,0,2,0.48333333333333334
本地频谱感知,0,0,2,1,2,3,1,9,1.825
sub-6ghz信号,0,0,4,1,1,0,0,6,0.8666666666666667
低频段,0,0,0,4,1,0,0,5,0.7416666666666667
高流量,0,0,0,0,1,0,0,1,0.24166666666666667
检测概率,4,0,2,4,28,23,1,62,17.316666666666666
复杂度,0,0,0,1,3,0,0,4,0.85
能量检测,0,0,2,4,2,0,0,8,1.2333333333333334
判决统计量,0,0,0,1,2,0,0,3,0.6083333333333334
存储空间,0,0,0,0,1,0,0,1,0.24166666666666667
感知,0,0,1,10,2,2,0,15,2.341666666666667
能量,0,0,0,5,2,3,0,10,1.8333333333333333
连续感知周期,0,0,0,0,1,0,0,1,0.24166666666666667
闭式,0,0,0,0,1,0,0,1,0.24166666666666667
重积分,0,0,0,0,1,0,0,1,0.24166666666666667
zt+,0,0,0,0,1,0,0,1,0.24166666666666667
护口,0,0,0,0,1,0,0,1,0.24166666666666667
角度误差,0,0,0,0,2,0,0,2,0.48333333333333334
积分,0,0,0,0,2,0,0,2,0.48333333333333334
随机变量,0,0,0,0,1,0,0,1,0.24166666666666667
对准误差角度,0,0,0,0,1,0,0,1,0.24166666666666667
pf表达式,0,0,0,0,1,0,0,1,0.24166666666666667
判决门限,0,0,0,2,2,0,0,4,0.7333333333333334
虚警概率值,0,0,0,0,1,0,0,1,0.24166666666666667
q-函数,0,0,0,0,1,0,0,1,0.24166666666666667
高斯分布,0,0,0,0,6,2,0,8,1.9333333333333333
加权,0,0,0,1,2,0,0,3,0.6083333333333334
决统计量,0,0,0,0,1,0,0,1,0.24166666666666667
空闲频谱,0,0,0,1,1,0,0,2,0.3666666666666667
概率,0,0,0,0,3,0,0,3,0.725
占用,0,0,0,4,1,0,1,6,0.9833333333333334
性能分,0,0,0,0,1,0,0,1,0.24166666666666667
矢量,0,0,0,0,5,2,0,7,1.6916666666666667
接收机,0,0,0,10,5,1,0,16,2.7
方差,0,0,0,0,4,3,0,7,1.6916666666666667
交通密度,0,0,0,0,2,0,0,2,0.48333333333333334
均值,0,0,0,1,3,2,0,6,1.3333333333333333
发射机,0,0,0,3,3,1,0,7,1.3416666666666668
空闲,0,0,0,4,1,0,1,6,0.9833333333333334
采样时刻,0,0,0,0,1,0,0,1,0.24166666666666667
频谱感知模型,0,0,0,0,1,0,0,1,0.24166666666666667
wik,0,0,0,0,1,0,0,1,0.24166666666666667
hwikst,0,0,0,0,1,0,0,1,0.24166666666666667
wi,0,0,0,0,1,0,0,1,0.24166666666666667
additionalwhitegaussia,0,0,0,0,1,0,0,1,0.24166666666666667
加性高斯白噪声,0,0,0,0,1,1,0,2,0.48333333333333334
响应矢量,0,0,0,0,1,0,0,1,0.24166666666666667
天线阵列,0,0,0,0,1,0,0,1,0.24166666666666667
角◎,0,0,0,0,1,0,0,1,0.24166666666666667
角转,0,0,0,0,1,0,0,1,0.24166666666666667
离开角,0,0,0,0,1,0,0,1,0.24166666666666667
到达角,0,0,0,0,1,0,0,1,0.24166666666666667
上波束,0,0,0,0,1,0,0,1,0.24166666666666667
路径,0,0,0,0,1,0,0,1,0.24166666666666667
数量,0,0,0,0,1,0,0,1,0.24166666666666667
子路径,0,0,0,0,1,0,0,1,0.24166666666666667
接收,0,0,0,0,1,0,0,1,0.24166666666666667
ne%信道矩阵,0,0,0,0,1,0,0,1,0.24166666666666667
传输,0,0,0,2,1,1,0,4,0.7333333333333334
矢量叭,0,0,0,0,1,0,0,1,0.24166666666666667
天线数量,0,0,0,0,1,0,0,1,0.24166666666666667
xl矢量,0,0,0,0,1,0,0,1,0.24166666666666667
nr,0,0,0,0,1,0,0,1,0.24166666666666667
nj,0,0,0,0,1,0,0,1,0.24166666666666667
主用户,0,0,0,0,1,0,0,1,0.24166666666666667
d.s,0,0,0,0,0,1,0,1,0.24166666666666667
车联网场景,0,0,0,0,0,2,0,2,0.48333333333333334
算法性能,0,0,2,0,0,2,0,4,0.7333333333333334
感知结果,0,0,1,1,1,4,0,7,1.4583333333333333
感知性能,0,0,4,5,3,3,1,16,2.8166666666666664
融合算法,0,0,0,0,0,11,0,11,2.658333333333333
噪芦,0,0,0,0,0,1,0,1,0.24166666666666667
本地,0,0,1,0,1,1,2,5,1.0916666666666668
噪声方,0,0,0,0,0,2,0,2,0.48333333333333334
移动,0,0,2,0,0,3,1,6,1.2166666666666668
传播,0,0,0,1,0,1,0,2,0.3666666666666667
统计特性,0,0,0,1,0,1,0,2,0.3666666666666667
感知信号,1,0,0,0,3,9,0,13,3.9
合作感知,1,0,5,18,0,4,0,28,4.841666666666667
融合阶段,0,0,0,0,0,1,0,1,0.24166666666666667
协同过滤,0,0,1,2,0,1,0,4,0.6166666666666667
干扰不,0,0,0,0,0,1,0,1,0.24166666666666667
感知用户,0,0,0,1,0,1,0,2,0.3666666666666667
毫米波波束,0,0,1,0,0,2,0,3,0.6083333333333334
隐终端,0,0,1,2,0,1,0,4,0.6166666666666667
信道衰落,0,0,0,0,1,1,0,2,0.48333333333333334
知车联网,0,0,0,0,0,1,1,2,0.48333333333333334
突变概率,0,0,0,0,0,5,0,5,1.2083333333333333
交叉概率,0,0,0,0,0,5,0,5,1.2083333333333333
群体,0,0,0,0,0,4,0,4,0.9666666666666667
染色体,0,0,0,0,0,3,0,3,0.725
适应度,0,0,0,0,0,3,0,3,0.725
控制参数,0,0,0,0,0,2,0,2,0.48333333333333334
种群适应度,0,0,0,0,0,2,0,2,0.48333333333333334
多样性,0,0,0,0,0,2,0,2,0.48333333333333334
相似度,0,0,1,0,0,2,1,4,0.85
群移动模式,2,0,0,0,0,4,0,6,2.966666666666667
相似性,0,0,0,0,0,2,0,2,0.48333333333333334
移动性参数,0,0,0,0,0,2,0,2,0.48333333333333334
自适应,0,0,0,1,0,1,0,2,0.3666666666666667
突变,0,0,0,0,0,1,0,1,0.24166666666666667
基因区,0,0,0,0,0,1,0,1,0.24166666666666667
交换种群,0,0,0,0,0,1,0,1,0.24166666666666667
交叉,0,0,0,0,0,1,0,1,0.24166666666666667
适应度函数,0,0,0,0,0,1,0,1,0.24166666666666667
染色体序列,0,0,0,0,0,1,0,1,0.24166666666666667
染色体序,0,0,0,0,0,1,0,1,0.24166666666666667
初始化种群,0,0,0,0,0,1,0,1,0.24166666666666667
适应度分散,0,0,0,0,0,1,0,1,0.24166666666666667
解空间,0,0,0,0,0,1,0,1,0.24166666666666667
适合度,0,0,0,0,0,1,0,1,0.24166666666666667
自适应能力,0,0,0,0,0,1,0,1,0.24166666666666667
收敛速度,0,0,0,0,0,1,0,1,0.24166666666666667
标准遗传算法,0,0,0,0,0,1,0,1,0.24166666666666667
adaptivegeneticalgorithm,0,0,0,0,0,1,0,1,0.24166666666666667
非线性,0,0,0,0,0,1,0,1,0.24166666666666667
门限,0,0,0,3,1,1,0,5,0.8583333333333334
移动模式,0,0,4,0,0,4,2,10,1.95
mob,0,0,0,0,0,1,0,1,0.24166666666666667
int,0,0,0,0,0,1,0,1,0.24166666666666667
优化模型,0,0,1,0,0,2,0,3,0.6083333333333334
速度比率,0,0,0,0,0,1,0,1,0.24166666666666667
73,0,0,0,0,0,1,0,1,0.24166666666666667
7sd,0,0,0,0,0,1,0,1,0.24166666666666667
totalspacedependence,0,0,0,0,0,1,0,1,0.24166666666666667
总空间依赖值,0,0,0,0,0,1,0,1,0.24166666666666667
方向,0,0,0,0,0,1,0,1,0.24166666666666667
皮尔逊相关系数,0,0,2,0,0,1,1,4,0.7333333333333334
周围用户,0,0,0,0,0,1,0,1,0.24166666666666667
群移动,0,0,0,0,0,1,0,1,0.24166666666666667
方向特性,0,0,1,0,0,1,0,2,0.3666666666666667
地理位置,0,0,0,0,0,1,0,1,0.24166666666666667
作用户,1,0,0,0,0,2,0,3,1.4833333333333334
授权频段,0,0,4,0,0,0,0,4,0.5
观测信号,0,0,4,0,0,0,1,5,0.7416666666666667
数据速率,2,0,3,1,0,0,1,7,2.7416666666666667
空间分集增益,0,0,2,2,0,0,0,4,0.5
干扰-噪声受限机制,0,0,2,0,0,0,0,2,0.25
先验信息,0,0,2,4,0,0,0,6,0.75
循环平稳特征检测,0,0,2,2,0,0,0,4,0.5
匹配滤波器,0,0,2,3,0,0,0,5,0.625
窄波束,0,0,2,2,0,0,0,4,0.5
带宽,2,0,2,7,0,0,1,12,3.3666666666666667
速率,0,0,2,1,0,0,0,3,0.375
毫米波感知,0,0,1,0,0,0,0,1,0.125
mrc,0,0,1,1,0,0,0,2,0.25
maximalratiocombin,0,0,1,0,0,0,0,1,0.125
最大比融合,0,0,1,0,0,0,0,1,0.125
gc,0,0,1,0,0,0,0,1,0.125
equalgaincombining,0,0,1,0,0,0,0,1,0.125
增益融合,0,0,1,0,0,0,0,1,0.125
软融合,0,0,1,6,0,0,0,7,0.875
k-out-ofn,0,0,1,0,0,0,0,1,0.125
硬融合,0,0,1,3,0,0,0,4,0.5
本地感知信息,0,0,2,5,0,0,0,7,0.875
合作频谱感知,0,0,1,0,0,0,1,2,0.3666666666666667
波束方向特性,0,0,1,0,0,0,0,1,0.125
过滤,0,0,1,1,0,0,0,2,0.25
频谱感知性能,0,0,1,1,0,0,1,3,0.4916666666666667
衰落,0,0,1,1,0,0,0,2,0.25
无线传播环境,0,0,1,1,0,0,0,2,0.25
时间相关性,0,0,2,1,1,0,1,5,0.8583333333333334
分集增益,0,0,2,1,2,0,0,5,0.8583333333333334
时间相关,0,0,1,0,0,0,0,1,0.125
共享频谱,0,0,1,0,0,0,0,1,0.125
窄波束定向通信,0,0,1,0,0,0,0,1,0.125
多尺度频谱感知,0,0,1,3,0,0,0,4,0.5
不规则干扰模式,0,0,1,1,0,0,0,2,0.25
毫米波网络,0,0,1,0,0,0,0,1,0.125
马尔可夫随机过程,0,0,1,0,0,0,0,1,0.125
统计特征,0,0,1,0,0,1,0,2,0.3666666666666667
平均返回时间,0,0,1,2,1,0,0,4,0.6166666666666667
观测时间,0,0,1,0,0,0,0,1,0.125
有用信号,0,0,1,0,0,0,0,1,0.125
循环平稳特征,0,0,1,2,0,0,0,3,0.375
同步,0,0,1,1,0,0,0,2,0.25
授权信号,0,0,1,4,1,1,0,7,1.1083333333333334
接收信噪比,0,0,1,0,0,0,0,1,0.125
谱感知,0,0,1,0,0,0,0,1,0.125
sub-6ghz,0,0,1,0,0,0,1,2,0.3666666666666667
secondaryuser,0,0,1,1,0,0,0,2,0.25
无线电技术,0,0,1,1,0,0,0,2,0.25
cognitivevehicularnet,0,0,1,0,0,0,0,1,0.125
primaryuser,0,0,1,1,0,0,0,2,0.25
iti,0,0,1,0,0,0,0,1,0.125
co,0,0,1,0,0,0,0,1,0.125
阻塞,0,0,1,1,0,0,0,2,0.25
定向传输,0,0,1,2,0,0,0,3,0.375
频谱分配,0,0,1,1,0,0,0,2,0.25
延迟传输,0,0,1,0,0,0,0,1,0.125
可用带宽,0,0,1,0,0,0,0,1,0.125
蜂窝频段,0,0,1,0,0,0,0,1,0.125
系统带宽,0,0,1,0,0,0,0,1,0.125
gb/s,0,0,1,0,0,0,0,1,0.125
信息娱乐服务,0,0,1,0,0,0,0,1,0.125
视觉/红外摄像机,0,0,1,0,0,0,0,1,0.125
测距lidar,0,0,1,0,0,0,0,1,0.125
激光成像检测,0,0,1,1,0,0,0,2,0.25
汽车传感器,0,0,1,0,0,0,0,1,0.125
数据密集型,0,0,1,0,0,0,0,1,0.125
连接,0,0,1,0,0,0,0,1,0.125
lte,0,0,1,0,0,0,0,1,0.125
federalcommunication,0,0,1,0,0,0,0,1,0.125
联邦通讯委员,0,0,1,0,0,0,0,1,0.125
lte-v技术,0,0,1,0,0,0,0,1,0.125
dedicatedshortrangecommunication,0,0,1,0,0,0,0,1,0.125
短距离无线通信,0,0,1,0,0,0,0,1,0.125
专用,0,0,1,0,0,0,0,1,0.125
车联网通信技术,0,0,1,3,0,0,0,4,0.5
无线频谱资源,1,0,1,0,0,0,1,3,1.3666666666666667
车辆信息,1,0,1,0,0,0,0,2,1.125
交通安全,1,0,1,0,0,0,0,2,1.125
车联网服务,1,0,1,3,0,0,1,6,1.7416666666666667
intelligenttransportationsystem,1,0,1,0,0,0,0,2,1.125
智能交通系统,1,0,1,0,0,0,0,2,1.125
时间分集增益,0,0,0,0,6,0,0,6,1.45
观测量,1,0,3,0,3,0,1,8,2.341666666666667
cb-mss,0,0,0,0,7,0,0,7,1.6916666666666667
spectrumsen,0,0,0,0,1,0,0,1,0.24166666666666667
dmmwave,0,0,0,0,1,0,0,1,0.24166666666666667
correlationbase,0,0,0,0,1,0,0,1,0.24166666666666667
感知检验统计量,0,0,0,0,1,0,0,1,0.24166666666666667
判决量,0,0,0,0,1,0,0,1,0.24166666666666667
对数,0,0,0,0,2,0,0,2,0.48333333333333334
新观测量,0,0,0,0,1,0,0,1,0.24166666666666667
时刻,0,0,0,0,1,0,0,1,0.24166666666666667
检测量,0,0,0,0,1,0,0,1,0.24166666666666667
周期,0,0,0,0,1,0,0,1,0.24166666666666667
频谱感知周期,0,0,0,0,1,0,0,1,0.24166666666666667
多样性增益,0,0,0,0,1,0,0,1,0.24166666666666667
信道相关性,0,0,0,0,1,0,0,1,0.24166666666666667
频谱检测,0,0,0,0,1,0,0,1,0.24166666666666667
相关性,0,0,1,0,1,0,0,2,0.3666666666666667
mrt-based算法,0,0,0,0,17,0,0,17,4.108333333333333
cb-mss算法,0,0,0,0,17,0,0,17,4.108333333333333
波束宽度,0,0,0,1,6,0,0,7,1.575
感知数据,0,0,0,3,3,0,0,6,1.1
干扰信号,0,0,0,0,3,2,0,5,1.2083333333333333
mrt-based,0,0,0,0,3,0,0,3,0.725
时波束宽度,0,0,0,0,2,0,0,2,0.48333333333333334
信噪比曲线,0,0,0,0,3,2,0,5,1.2083333333333333
角度,0,0,0,0,2,0,0,2,0.48333333333333334
感知信息,0,0,0,8,2,0,0,10,1.4833333333333334
移动性场景,0,0,0,0,2,0,0,2,0.48333333333333334
平均速度,0,0,0,0,2,0,0,2,0.48333333333333334
倍噪比,0,0,0,0,1,0,0,1,0.24166666666666667
mrt-,0,0,0,0,1,0,0,1,0.24166666666666667
授权用户状态,0,0,0,0,1,0,0,1,0.24166666666666667
感知时长,0,0,0,0,1,0,0,1,0.24166666666666667
系统,0,0,0,2,1,0,0,3,0.4916666666666667
功率损耗,0,0,0,0,1,0,0,1,0.24166666666666667
主波束,0,0,0,0,1,0,0,1,0.24166666666666667
检测概率差,0,0,0,0,1,0,0,1,0.24166666666666667
主瓣宽度,0,0,0,0,1,0,0,1,0.24166666666666667
天线模型,0,0,0,0,1,0,0,1,0.24166666666666667
噪声不确,0,0,0,0,1,0,0,1,0.24166666666666667
误差,0,0,0,0,1,1,0,2,0.48333333333333334
辆密度,0,0,0,0,1,1,0,2,0.48333333333333334
空间,0,0,0,0,1,1,0,2,0.48333333333333334
采样点,0,0,0,0,1,0,0,1,0.24166666666666667
概率曲线,0,0,0,0,1,0,0,1,0.24166666666666667
检测性能,0,0,0,3,1,9,0,13,2.7916666666666665
能量值,0,0,0,1,1,0,0,2,0.3666666666666667
移动认知,0,0,0,0,1,0,0,1,0.24166666666666667
cb-mss算,0,0,0,0,1,0,0,1,0.24166666666666667
仿真结,0,0,0,0,1,0,0,1,0.24166666666666667
理论,0,0,0,0,1,0,0,1,0.24166666666666667
数值,0,0,0,0,1,0,0,1,0.24166666666666667
蒙特卡洛仿真,0,0,0,0,1,0,0,1,0.24166666666666667
信号模型,0,0,0,0,1,2,0,3,0.725
移动性环境,0,0,0,0,0,1,0,1,0.24166666666666667
仿真分,0,0,0,0,0,1,0,1,0.24166666666666667
d-s融合,1,0,1,0,0,3,1,6,2.091666666666667
合作感知算法,1,0,2,0,0,1,0,4,1.4916666666666667
频谱感知数据,0,0,0,6,0,0,0,6,0.75
强化学习,0,0,0,2,0,0,0,2,0.25
时空相关性,0,0,0,2,0,0,0,2,0.25
动态频谱接入,0,0,0,1,0,0,0,1,0.125
无线频谱,0,0,0,1,0,0,0,1,0.125
频谱法,0,0,0,1,0,0,0,1,0.125
无线频谱数据库,0,0,0,1,0,0,0,1,0.125
动态频谱接入网络,0,0,0,1,0,0,0,1,0.125
动态变化,0,0,0,1,0,0,0,1,0.125
后验概率,0,0,0,1,0,0,0,1,0.125
贝叶斯,0,0,0,1,0,0,0,1,0.125
可用性概率,0,0,0,1,0,0,0,1,0.125
隐信道状态,0,0,0,1,0,0,0,1,0.125
观测值,0,0,0,1,0,0,0,1,0.125
隐马尔可夫模型,0,0,0,1,0,0,0,1,0.125
信道状态转换模型,0,0,0,1,0,0,0,1,0.125
et,0,0,0,1,0,0,0,1,0.125
ric,0,0,0,1,0,0,0,1,0.125
空间相,0,0,0,1,0,0,0,1,0.125
公共频谱状态,0,0,0,1,0,0,0,1,0.125
dp+hmm,0,0,0,1,0,0,0,1,0.125
hiddenmarkovmodel,0,0,0,1,0,0,0,1,0.125
mm,0,0,0,1,0,0,0,1,0.125
dirichletprocess,0,0,0,1,0,0,0,1,0.125
dp,0,0,0,1,0,0,0,1,0.125
高速移动性,0,0,0,1,0,0,0,1,0.125
波束对准角度误差,0,0,0,0,1,0,0,1,0.24166666666666667
检测规则,0,0,0,0,1,0,0,1,0.24166666666666667
频谱感知二元假设模型,0,0,2,0,2,0,1,5,0.975
认知车联网系统模型,0,0,0,0,1,0,0,1,0.24166666666666667
干扰-噪声,0,0,0,1,1,0,0,2,0.3666666666666667
本地毫米波频谱感知算法,0,0,2,0,1,0,0,3,0.4916666666666667
poff,0,0,0,0,2,0,0,2,0.48333333333333334
采样点数,0,0,0,0,2,0,0,2,0.48333333333333334
感知时间,0,0,0,1,1,0,0,2,0.3666666666666667
信号传输,0,0,0,0,1,0,0,1,0.24166666666666667
pon,0,0,0,0,1,0,0,1,0.24166666666666667
off状态,0,0,0,0,1,0,0,1,0.24166666666666667
on状态,0,0,0,0,1,0,0,1,0.24166666666666667
不发送信号,0,0,0,0,1,0,0,1,0.24166666666666667
射信号,0,0,0,0,1,0,0,1,0.24166666666666667
力口速度,0,0,0,0,1,0,0,1,0.24166666666666667
正态,0,0,0,0,1,0,0,1,0.24166666666666667
自由流交通,0,0,0,0,1,0,0,1,0.24166666666666667
车辆移动模型,0,0,0,0,1,0,0,1,0.24166666666666667
交叉路口,0,0,0,0,1,0,0,1,0.24166666666666667
网格道路,0,0,0,0,1,0,0,1,0.24166666666666667
manhattangridmo,0,0,0,0,1,0,0,1,0.24166666666666667
曼哈顿网格移动,0,0,0,0,1,0,0,1,0.24166666666666667
四车道,0,0,0,0,1,0,0,1,0.24166666666666667
matlab仿真场,0,0,0,0,1,0,0,1,0.24166666666666667
mrt-base,0,0,0,0,1,0,0,1,0.24166666666666667
本地感知算法,0,0,0,0,1,1,0,2,0.48333333333333334
相关性能,0,0,0,0,1,0,0,1,0.24166666666666667
协方差矩阵,0,0,2,4,0,0,1,7,0.9916666666666667
波束成形技术,1,0,2,0,0,0,0,3,1.25
噪声受限机制,0,0,2,0,0,0,0,2,0.25
干扰-,1,0,2,0,0,0,0,3,1.25
模型,0,0,1,1,0,0,0,2,0.25
概率密度,0,0,1,0,0,0,0,1,0.125
相关性系数,0,0,1,0,0,0,0,1,0.125
系统模型,0,0,1,0,0,0,0,1,0.125
绪论,0,0,1,0,0,0,0,1,0.125
globals,0,0,1,0,0,0,0,1,0.125
vehicularnetworks,0,0,1,0,0,0,0,1,0.125
spectrum,0,0,1,0,0,2,0,3,0.6083333333333334
basedmmwave,0,0,1,0,0,0,0,1,0.125
观测数据,0,0,1,0,0,0,0,1,0.125
似然比,1,0,1,0,0,0,1,3,1.3666666666666667
臺米波频谱感知算法,0,0,1,0,0,0,0,1,0.125
最优,0,0,1,0,0,0,0,1,0.125
极化资源感知,1,0,1,0,0,0,0,2,1.125
密集异构无线环境,1,0,1,0,0,0,0,2,1.125
科学,1,0,1,0,0,0,0,2,1.125
频谱感知带,0,0,0,1,0,0,0,1,0.125
漏检概率,0,0,0,1,0,0,0,1,0.125
感知样本,0,0,0,1,0,0,0,1,0.125
mass函数,0,0,0,0,0,6,0,6,1.45
噪声方差,0,0,0,1,0,4,0,5,1.0916666666666668
归一化常数,0,0,0,0,0,3,0,3,0.725
基本概率分配,0,0,0,0,0,2,0,2,0.48333333333333334
识别框架,0,0,0,0,0,2,0,2,0.48333333333333334
外部干扰,0,0,0,0,0,2,0,2,0.48333333333333334
控制,0,0,0,0,0,1,0,1,0.24166666666666667
计算码,0,0,0,0,0,1,0,1,0.24166666666666667
计算网,0,0,0,0,0,1,0,1,0.24166666666666667
基本概率分,0,0,0,0,0,1,0,1,0.24166666666666667
本地感知结,0,0,0,0,0,1,0,1,0.24166666666666667
定向波束,0,0,0,0,0,2,0,2,0.48333333333333334
oudsc-css,0,0,0,0,0,1,0,1,0.24166666666666667
ooperative,0,0,0,0,0,1,0,1,0.24166666666666667
base,0,0,0,0,0,2,0,2,0.48333333333333334
optimalusersandd-scombin,0,0,0,0,0,1,0,1,0.24166666666666667
控制信道,0,0,0,13,0,2,0,15,2.1083333333333334
融台中心,0,0,0,0,0,1,0,1,0.24166666666666667
aalr,0,0,0,0,0,1,0,1,0.24166666666666667
概率分配,0,0,0,0,0,1,0,1,0.24166666666666667
么沪勺,0,0,0,0,0,1,0,1,0.24166666666666667
bpa,0,0,0,0,0,1,0,1,0.24166666666666667
basicprobabilityassignment,0,0,0,0,0,1,0,1,0.24166666666666667
事件,0,0,0,0,0,1,0,1,0.24166666666666667
scernment,0,0,0,0,0,1,0,1,0.24166666666666667
frameof,0,0,0,0,0,1,0,1,0.24166666666666667
「扰,0,0,0,0,0,1,0,1,0.24166666666666667
对准误差值,0,0,0,0,0,1,0,1,0.24166666666666667
对准角度,0,0,0,0,0,1,0,1,0.24166666666666667
确定性,0,0,0,0,0,1,0,1,0.24166666666666667
不确定性参数,0,0,0,0,0,1,0,1,0.24166666666666667
高斯白噪声,0,0,0,0,0,1,0,1,0.24166666666666667
本地感知结果,0,0,0,0,0,1,0,1,0.24166666666666667
数据,0,0,0,7,0,1,0,8,1.1166666666666667
融合规则,0,0,0,4,0,1,0,5,0.7416666666666667
dempster,0,0,0,0,0,1,0,1,0.24166666666666667
dempster-shafer理论,0,0,0,0,0,1,0,1,0.24166666666666667
定度,0,0,0,0,0,1,0,1,0.24166666666666667
s*,0,0,0,0,0,1,0,1,0.24166666666666667
lk,0,0,0,0,0,1,0,1,0.24166666666666667
服从均值,0,0,0,0,0,1,0,1,0.24166666666666667
毫米波信道矩阵,0,0,0,0,0,1,0,1,0.24166666666666667
毫米波频谱感知系统模型,0,0,0,0,0,1,1,2,0.48333333333333334
tf,0,0,0,0,0,1,0,1,0.24166666666666667
多天线,0,0,0,0,0,1,0,1,0.24166666666666667
毫米波频谱感知模型,0,0,0,0,0,1,0,1,0.24166666666666667
niuf,0,0,0,0,0,7,0,7,1.6916666666666667
nuf,0,0,0,0,0,5,0,5,1.2083333333333333
niuf算法,0,0,0,0,0,4,0,4,0.9666666666666667
用户选择算法,0,0,0,0,0,4,0,4,0.9666666666666667
bs,0,0,0,0,0,3,0,3,0.725
噪声干扰,0,0,0,0,0,3,0,3,0.725
ops+niuf算法,0,0,0,0,0,2,0,2,0.48333333333333334
ops,0,0,0,0,0,2,0,2,0.48333333333333334
ops算法,0,0,0,0,0,2,0,2,0.48333333333333334
择算法,0,0,0,0,0,2,0,2,0.48333333333333334
收敛性,0,0,0,0,0,2,0,2,0.48333333333333334
检测概率曲线,0,0,0,0,0,1,0,1,0.24166666666666667
nuf融合,0,0,0,0,0,1,0,1,0.24166666666666667
本地感知性能,0,0,0,0,0,1,0,1,0.24166666666666667
nuf算法,0,0,0,0,0,1,0,1,0.24166666666666667
bs+nuf算法,0,0,0,0,0,1,0,1,0.24166666666666667
bs+niuf算法,0,0,0,0,0,1,0,1,0.24166666666666667
借噪比,0,0,0,0,0,1,0,1,0.24166666666666667
合作性能,0,0,0,0,0,1,0,1,0.24166666666666667
用户分集增益,0,0,0,0,0,1,0,1,0.24166666666666667
钾噪比,0,0,0,0,0,1,0,1,0.24166666666666667
噪声-干扰,0,0,0,0,0,1,0,1,0.24166666666666667
ops+nuf,0,0,0,0,0,1,0,1,0.24166666666666667
车辆移动性,0,0,0,0,0,1,0,1,0.24166666666666667
oudsc-css算法,0,0,0,0,0,1,0,1,0.24166666666666667
oudsc,0,0,0,0,0,1,0,1,0.24166666666666667
perative,0,0,0,0,0,1,0,1,0.24166666666666667
dc,0,0,0,0,0,1,0,1,0.24166666666666667
d-scombin,0,0,0,0,0,1,0,1,0.24166666666666667
optimalusers,0,0,0,0,0,1,0,1,0.24166666666666667
ybased,0,0,0,0,0,1,0,1,0.24166666666666667
noiseuncerta,0,0,0,0,0,1,0,1,0.24166666666666667
beambasedselection,0,0,0,0,0,1,0,1,0.24166666666666667
sion,0,0,0,0,0,1,0,1,0.24166666666666667
ta,0,0,0,0,0,1,0,1,0.24166666666666667
ference,0,0,0,0,0,1,0,1,0.24166666666666667
noiseand,0,0,0,0,0,1,0,1,0.24166666666666667
basedselection,0,0,0,0,0,1,0,1,0.24166666666666667
optimalparticipator,0,0,0,0,0,1,0,1,0.24166666666666667
合作,0,0,0,0,0,1,0,1,0.24166666666666667
认知能力,0,0,0,3,0,0,0,3,0.375
传输功率,0,0,0,3,0,0,0,3,0.375
无线电设备,0,0,0,2,0,0,0,2,0.25
无线资源,0,0,0,2,0,0,0,2,0.25
调制机制,0,0,0,1,0,0,0,1,0.125
工作参数,0,0,0,3,0,0,0,3,0.375
硬件,0,0,0,1,0,0,0,1,0.125
重配置功能,0,0,0,1,0,0,0,1,0.125
频谱分析,0,0,0,1,0,0,0,1,0.125
认知环,0,0,0,1,0,0,0,1,0.125
通信参数,0,0,0,1,0,0,0,1,0.125
无线电环境,0,0,0,3,0,0,0,3,0.375
重配置能力,0,0,0,1,0,0,0,1,0.125
认知无线电技,0,0,0,1,0,0,0,1,0.125
载频,0,0,0,1,0,0,0,1,0.125
调制,0,0,0,1,0,0,0,1,0.125
实时自适应,0,0,0,1,0,0,0,1,0.125
射频环境,0,0,0,1,0,0,0,1,0.125
ola,0,0,0,1,0,0,0,1,0.125
计算机,0,0,0,1,0,0,0,1,0.125
计算智能,0,0,0,1,0,0,0,1,0.125
无线个人数字助理,0,0,0,1,0,0,0,1,0.125
cognitiverad,1,0,0,1,0,0,0,2,1.125
干扰温度,0,0,0,5,0,0,0,5,0.625
机器学习,0,0,0,5,0,0,0,5,0.625
数据融合,0,0,0,4,0,0,0,4,0.5
本振泄漏检测,0,0,0,4,0,0,0,4,0.5
发射机信号,0,0,0,4,0,0,0,4,0.5
状态信息,0,0,0,3,0,0,0,3,0.375
返回时间,0,0,0,3,0,0,0,3,0.375
报告信道,0,0,0,3,0,0,0,3,0.375
集中式,0,0,0,4,0,0,0,4,0.5
hmm,0,0,0,3,0,0,0,3,0.375
向量机,0,0,0,3,0,0,0,3,0.375
模数转换,0,0,0,3,0,0,0,3,0.375
滤波器,0,0,0,3,0,0,0,3,0.375
6ghz,0,0,0,3,0,0,0,3,0.375
观测矩阵,0,0,0,2,0,0,0,2,0.25
软合并,0,0,0,2,0,0,0,2,0.25
量化,0,0,0,2,0,0,0,2,0.25
权重,0,0,0,2,0,0,0,2,0.25
中继式,0,0,0,2,0,0,0,2,0.25
分布式合作感知,0,0,0,3,0,0,0,3,0.375
中继,0,0,0,2,0,0,0,2,0.25
信道状态,0,0,0,2,0,0,0,2,0.25
lstm,0,0,0,2,0,0,0,2,0.25
混频,0,0,0,2,0,0,0,2,0.25
本地振荡器,0,0,0,2,0,0,0,2,0.25
射频放大器,0,0,0,2,0,0,0,2,0.25
总能量,0,0,0,2,0,0,0,2,0.25
接收机信号,0,0,0,2,0,0,0,2,0.25
毫米波频谱,0,0,0,1,0,0,0,1,0.125
错误感知,0,0,0,1,0,0,0,1,0.125
旋转天线,0,0,0,1,0,0,0,1,0.125
低复杂度,0,0,0,1,0,0,0,1,0.125
t毫米波频谱感知算法,0,0,0,1,0,0,0,1,0.125
方向性,0,0,0,1,0,0,0,1,0.125
毫米波波,0,0,0,1,0,0,0,1,0.125
子集,0,0,0,1,0,0,0,1,0.125
频谱学,0,0,0,1,0,0,0,1,0.125
频谱学习,0,0,0,1,0,0,0,1,0.125
频谱发现,0,0,0,1,0,0,0,1,0.125
平均,0,0,0,1,0,0,0,1,0.125
频谱占用状态,0,0,0,2,0,0,0,2,0.25
状态,0,0,0,1,0,0,0,1,0.125
接信号,0,0,0,1,0,0,0,1,0.125
噪声加干扰,0,0,0,1,0,0,0,1,0.125
共享,0,0,0,1,0,0,0,1,0.125
授权频谱空闲,0,0,0,1,0,0,0,1,0.125
活动,0,0,0,1,0,0,0,1,0.125
对准误差,0,0,0,1,0,0,0,1,0.125
增益,0,0,0,1,1,0,0,2,0.3666666666666667
敏感,0,0,0,1,0,0,0,1,0.125
毫米波蜂窝通信,0,0,0,1,0,0,0,1,0.125
5g蜂窝系统,0,0,0,1,0,0,0,1,0.125
高速率,0,0,0,1,0,0,0,1,0.125
大带宽,0,0,0,1,0,0,0,1,0.125
测性能,0,0,0,1,0,0,0,1,0.125
能效,0,0,0,1,0,0,0,1,0.125
量化级别,0,0,0,1,0,0,0,1,0.125
检测统计信息,0,0,0,1,0,0,0,1,0.125
硬合并,0,0,0,1,0,0,0,1,0.125
广义组合,0,0,0,1,0,0,0,1,0.125
置信度,0,0,0,1,0,0,0,1,0.125
控制信道通信,0,0,0,1,0,0,0,1,0.125
本地测试统计信息,0,0,0,1,0,0,0,1,0.125
本地感测样本,0,0,0,1,0,0,0,1,0.125
bin,0,0,0,1,0,0,0,1,0.125
maximalratio,0,0,0,1,0,0,0,1,0.125
最大比率,0,0,0,1,0,0,0,1,0.125
equalgaincombin,0,0,0,1,0,0,0,1,0.125
等增益合并,0,0,0,1,0,0,0,1,0.125
selectioncombining,0,0,0,1,0,0,0,1,0.125
选择式合并,0,0,0,1,0,0,0,1,0.125
二进制,0,0,0,1,0,0,0,1,0.125
out-ofn,0,0,0,1,0,0,0,1,0.125
感测性能,0,0,0,1,0,0,0,1,0.125
反馈通道,0,0,0,1,0,0,0,1,0.125
差分进化算法,0,0,0,1,0,0,0,1,0.125
量化组合,0,0,0,1,0,0,0,1,0.125
本地决策,0,0,0,1,0,0,0,1,0.125
鲁棒性,0,0,0,1,0,0,0,1,0.125
公共控制信道,0,0,0,1,0,0,0,1,0.125
感知信息融合,0,0,0,1,0,0,0,1,0.125
运算速度,0,0,0,1,0,0,0,1,0.125
时延,0,0,0,2,0,0,0,2,0.25
融合判决算法,0,0,0,1,0,0,0,1,0.125
融合判决规则,0,0,0,1,0,0,0,1,0.125
fusioncenter,0,0,0,1,0,0,0,1,0.125
分布式,0,0,0,3,0,0,0,3,0.375
地理,0,0,0,1,0,0,0,1,0.125
状态序列,0,0,0,1,0,0,0,1,0.125
时间相,0,0,0,1,0,0,0,1,0.125
lstm模型,0,0,0,1,0,0,0,1,0.125
频谱数据,0,0,0,1,0,0,0,1,0.125
cnn,0,0,0,1,0,0,0,1,0.125
在线,0,0,0,1,0,0,0,1,0.125
状态数据,0,0,0,1,0,0,0,1,0.125
历史感知周期,0,0,0,1,0,0,0,1,0.125
离线训练,0,0,0,1,0,0,0,1,0.125
特征空间,0,0,0,1,0,0,0,1,0.125
频域,0,0,0,1,0,0,0,1,0.125
时域,0,0,0,1,0,0,0,1,0.125
机器学习方法,0,0,0,1,0,0,0,1,0.125
markovmodel,0,0,0,1,0,0,0,1,0.125
hidden,0,0,0,1,0,0,0,1,0.125
longshort-termmemo,0,0,0,1,0,0,0,1,0.125
tionalneuralnetwork,0,0,0,1,0,0,0,1,0.125
分类器,0,0,0,1,0,0,0,1,0.125
特征向量,0,0,0,1,0,0,0,1,0.125
分类算法,0,0,0,1,0,0,0,1,0.125
统计量建模,0,0,0,1,0,0,0,1,0.125
统计模型,0,0,0,1,0,0,0,1,0.125
表达式,0,0,0,1,0,0,0,1,0.125
模型驱动,0,0,0,1,0,0,0,1,0.125
传感器,1,0,0,6,0,0,1,8,1.9916666666666667
哑终端,0,0,0,1,0,0,0,1,0.125
泄漏功率,0,0,0,1,0,0,0,1,0.125
地理位置信息,0,0,0,1,0,0,0,1,0.125
循环周期性,0,0,0,1,0,0,0,1,0.125
自相关,0,0,0,1,0,0,0,1,0.125
冗余信息,0,0,0,1,0,0,0,1,0.125
特征检测,0,0,0,1,0,0,0,1,0.125
自相关运算,0,0,0,1,0,0,0,1,0.125
傅里叶变换,0,0,0,1,0,0,0,1,0.125
循环周期特性,0,0,0,1,0,0,0,1,0.125
谱相关函数,0,0,0,1,0,0,0,1,0.125
13限性,0,0,0,1,0,0,0,1,0.125
匹配滤波器检测,0,0,0,1,0,0,0,1,0.125
相干解调,0,0,0,1,0,0,0,1,0.125
线性滤波器,0,0,0,1,0,0,0,1,0.125
能量检测方,0,0,0,1,0,0,0,1,0.125
噪声功率,0,0,0,1,0,0,0,1,0.125
概率密度函数,0,0,0,1,3,0,1,5,1.0916666666666668
通用检测,0,0,0,1,0,0,0,1,0.125
协方差盲检测,0,0,0,1,0,0,0,1,0.125
收发机,0,0,0,1,0,0,0,1,0.125
空闲状态,0,0,0,1,0,0,0,1,0.125
用户数,0,0,0,1,0,0,0,1,0.125
sub,0,0,0,1,0,0,0,1,0.125
高频段,0,0,0,1,0,0,0,1,0.125
频谱感知技,0,0,0,1,0,0,0,1,0.125
双阈值,0,0,0,7,0,0,0,7,0.875
可信度,0,0,0,3,0,0,0,3,0.375
特征值,0,0,0,2,0,0,0,2,0.25
盲特征,0,0,0,2,0,0,0,2,0.25
感知精度,0,0,0,1,0,0,0,1,0.125
感知开销,0,0,0,1,0,0,0,1,0.125
交通,0,0,0,1,0,0,0,1,0.125
感知网,0,0,0,1,0,0,0,1,0.125
衰落信道,0,0,0,1,0,0,0,1,0.125
盲检测算,0,0,0,1,0,0,0,1,0.125
nakagami-m分布,0,0,0,1,0,0,0,1,0.125
ghz频段,0,0,0,1,0,0,0,1,0.125
dsrc协议,0,0,0,2,0,0,0,2,0.25
感知胸,0,0,0,1,0,0,0,1,0.125
快速自适应频谱感知机制,0,0,0,1,0,0,0,1,0.125
动态车辆环,0,0,0,1,0,0,0,1,0.125
投票机制,0,0,0,1,0,0,0,1,0.125
邻居用户,0,0,0,1,0,0,0,1,0.125
阈值,0,0,0,1,0,0,0,1,0.125
自适应阈值,0,0,0,1,0,0,0,1,0.125
滑动,0,0,0,1,0,0,0,1,0.125
滑动双阈值,0,0,0,1,0,0,0,1,0.125
通信性能,0,0,0,3,0,0,0,3,0.375
工作频谱,0,0,0,2,0,0,0,2,0.25
优先级,0,0,0,2,0,0,0,2,0.25
稳定性,0,0,0,1,0,0,0,1,0.125
包时延,0,0,0,1,0,0,0,1,0.125
丢包率,0,0,0,1,0,0,0,1,0.125
过渡,0,0,0,1,0,0,0,1,0.125
通信过,0,0,0,1,0,0,0,1,0.125
频谱质量,0,0,0,1,0,0,0,1,0.125
频谱特征参数,0,0,0,1,0,0,0,1,0.125
载波聚合,0,0,0,1,0,0,0,1,0.125
频谱共享方,0,0,0,1,0,0,0,1,0.125
着色,0,0,0,1,0,0,0,1,0.125
覆盖式,0,0,0,1,0,0,0,1,0.125
机会式,0,0,0,1,0,0,0,1,0.125
空闲频谱资源,0,0,0,1,0,0,0,1,0.125
数据包速率,0,0,0,1,0,0,0,1,0.125
帧大小,0,0,0,1,0,0,0,1,0.125
吞吐量,0,0,0,1,0,0,0,1,0.125
误比特率,0,0,0,1,0,0,0,1,0.125
路径损耗,0,0,0,1,0,0,0,1,0.125
频谱参数,0,0,0,1,0,0,0,1,0.125
特征参数,0,0,0,1,0,0,0,1,0.125
发射参数,0,0,0,1,0,0,0,1,0.125
观测,0,0,0,1,0,0,0,1,0.125
频谱决策,0,0,0,1,0,0,0,1,0.125
均匀分布,0,0,0,0,2,0,0,2,0.48333333333333334
成形增益,0,0,0,0,2,0,0,2,0.48333333333333334
波束成形增益,0,0,0,0,2,0,0,2,0.48333333333333334
信道增益,0,0,0,0,2,0,0,2,0.48333333333333334
干扰链路,0,0,0,0,2,0,0,2,0.48333333333333334
乘数,0,0,0,0,2,0,0,2,0.48333333333333334
wrhhwt,0,0,0,0,2,0,0,2,0.48333333333333334
中心极限,0,0,0,0,1,0,0,1,0.24166666666666667
ftz,0,0,0,0,1,0,0,1,0.24166666666666667
斯分布,0,0,0,0,1,0,0,1,0.24166666666666667
和刃,0,0,0,0,1,0,0,1,0.24166666666666667
函数,0,0,0,0,1,0,0,1,0.24166666666666667
etk,0,0,0,0,1,0,0,1,0.24166666666666667
旁瓣增益,0,0,0,0,1,0,0,1,0.24166666666666667
主瓣增益,0,0,0,0,1,0,0,1,0.24166666666666667
发送用户,0,0,0,0,1,0,0,1,0.24166666666666667
接收用户,0,0,0,0,1,0,0,1,0.24166666666666667
扇形天线模型,0,0,0,0,1,0,0,1,0.24166666666666667
发送机波束,0,0,0,0,1,0,0,1,0.24166666666666667
发送机,0,0,0,0,1,0,0,1,0.24166666666666667
hg,0,0,0,0,1,0,0,1,0.24166666666666667
等效,0,0,0,0,1,0,0,1,0.24166666666666667
取模运算符,0,0,0,0,1,0,0,1,0.24166666666666667
不对准增益,0,0,0,0,1,0,0,1,0.24166666666666667
对准增益,0,0,0,0,1,0,0,1,0.24166666666666667
耳各,0,0,0,0,1,0,0,1,0.24166666666666667
信道条件,0,0,0,0,1,0,0,1,0.24166666666666667
标量,0,0,0,0,1,0,0,1,0.24166666666666667
矩阵,0,0,0,0,1,0,0,1,0.24166666666666667
检验,0,0,0,0,1,0,0,1,0.24166666666666667
lte-v协议,0,0,0,1,0,0,0,1,0.125
信道带宽,0,0,0,1,0,0,0,1,0.125
lte-v-cellx,0,0,0,1,0,0,0,1,0.125
lte-v-direct,0,0,0,3,0,0,0,3,0.375
lte-v,0,0,0,3,0,0,0,3,0.375
3gpp,0,0,0,2,0,0,0,2,0.25
联邦通信,0,0,0,2,0,0,0,2,0.25
车联网通信协议,0,0,0,2,0,0,0,2,0.25
5gnr-v2x,0,0,0,5,0,0,0,5,0.625
智能化信息处理技术,0,0,0,3,0,0,0,3,0.375
移动边缘计算,0,0,0,2,0,0,0,2,0.25
终端用户,0,0,0,2,0,0,0,2,0.25
计算资源,0,0,0,2,0,0,0,2,0.25
云计算,0,0,0,2,0,0,0,2,0.25
雾计算技术,0,0,0,2,0,0,0,2,0.25
hz,0,0,0,2,0,0,0,2,0.25
v2x,0,0,0,2,0,0,0,2,0.25
标准化,0,0,0,2,0,0,0,2,0.25
sub-6ghz频段,0,0,0,2,0,0,0,2,0.25
5gnr,0,0,0,2,0,0,0,2,0.25
交通信息,0,0,0,2,0,0,0,2,0.25
感知方,0,0,0,1,0,0,0,1,0.125
高性能无线通信,0,0,0,1,0,0,0,1,0.125
频谱接入,0,0,0,1,0,0,0,1,0.125
非安全业务,0,0,0,1,0,0,0,1,0.125
数据传输,0,0,0,1,0,0,0,1,0.125
安全业务,0,0,0,1,0,0,0,1,0.125
低延迟,0,0,0,1,0,0,0,1,0.125
网络数据,0,0,0,1,0,0,0,1,0.125
高延迟,0,0,0,1,0,0,0,1,0.125
雾计算,0,0,0,1,0,0,0,1,0.125
分布密集,0,0,0,1,0,0,0,1,0.125
边缘设备,0,0,0,1,0,0,0,1,0.125
远程基础设施,0,0,0,1,0,0,0,1,0.125
实时传输,0,0,0,1,0,0,0,1,0.125
服务支持,0,0,0,1,0,0,0,1,0.125
运算能,0,0,0,1,0,0,0,1,0.125
边缘计算技术,0,0,0,1,0,0,0,1,0.125
云计算技术,0,0,0,1,0,0,0,1,0.125
云层面,0,0,0,1,0,0,0,1,0.125
交通类服务,0,0,0,1,0,0,0,1,0.125
安全服务,0,0,0,1,0,0,0,1,0.125
lidar,0,0,0,1,0,0,0,1,0.125
laserimagedetection,0,0,0,1,0,0,0,1,0.125
测距,0,0,0,1,0,0,0,1,0.125
摄像机,0,0,0,1,0,0,0,1,0.125
本地传感器,0,0,0,1,0,0,0,1,0.125
交通效率类,0,0,0,1,0,0,1,2,0.3666666666666667
辅助驾驶技术,0,0,0,1,0,0,0,1,0.125
毫米波技术,0,0,0,1,0,0,0,1,0.125
fr2频段,0,0,0,1,0,0,0,1,0.125
fr1频段,0,0,0,1,0,0,0,1,0.125
业务能,0,0,0,1,0,0,0,1,0.125
5g,0,0,0,1,0,0,0,1,0.125
telecommunication,0,0,0,1,0,0,0,1,0.125
电信联盟,0,0,0,1,0,0,0,1,0.125
低时延,0,0,0,1,0,0,0,1,0.125
可靠,0,0,0,1,0,0,0,1,0.125
5g蜂窝通信技术,0,0,0,1,0,0,0,1,0.125
蜂窝网络覆盖,0,0,0,1,0,0,0,1,0.125
传输时延,0,0,0,1,0,0,0,1,0.125
星形拓扑,0,0,0,1,0,0,0,1,0.125
lte-vcell,0,0,0,1,0,0,0,1,0.125
延迟,1,0,0,1,0,0,0,2,1.125
v2v通信,0,0,0,1,0,0,0,1,0.125
网状拓扑,0,0,0,1,0,0,0,1,0.125
lte-v-cell,0,0,0,1,0,0,0,1,0.125
通信模式,0,0,0,1,0,0,0,1,0.125
移动蜂窝lte网络,0,0,0,1,0,0,0,1,0.125
网联汽车,0,0,0,1,0,0,0,1,0.125
rc,0,0,0,1,0,0,0,1,0.125
芯片,0,0,0,1,0,0,0,1,0.125
802.1lp技术,0,0,0,1,0,0,0,1,0.125
v2x技术,0,0,0,1,0,0,0,1,0.125
车联网毫米波通信,0,0,0,1,0,0,0,1,0.125
odsrc,0,0,0,1,0,0,0,1,0.125
ieee802.lip,0,0,0,1,0,0,0,1,0.125
移动大数据,0,0,0,1,0,0,0,1,0.125
自动驾驶,0,0,0,1,0,0,0,1,0.125
辅助驾驶,0,0,0,1,0,0,0,1,0.125
数据挖掘技术,0,0,0,1,0,0,0,1,0.125
人工智能,0,0,0,1,0,0,0,1,0.125
计算,0,0,0,1,0,0,0,1,0.125
通信模块,0,0,0,1,0,0,0,1,0.125
车载操作系统,0,0,0,1,0,0,0,1,0.125
车载终端系统平台,0,0,0,1,0,0,0,1,0.125
传感信息,1,0,0,1,0,0,1,3,1.3666666666666667
车辆处理器,0,0,0,1,0,0,0,1,0.125
交通标志,0,0,0,1,0,0,0,1,0.125
道路传感器,0,0,0,1,0,0,0,1,0.125
方位,0,0,0,1,0,0,0,1,0.125
图像,0,0,0,1,0,0,0,1,0.125
雷达,0,0,0,1,0,0,0,1,0.125
高清摄像头,0,0,0,1,0,0,0,1,0.125
车辆传感器,0,0,0,1,0,0,0,1,0.125
车载终端操作系统技术,0,0,0,1,0,0,0,1,0.125
传感器技术,0,0,0,1,0,0,0,1,0.125
层面,0,0,0,1,0,0,0,1,0.125
毫米波频谱感知技术,0,0,0,0,0,0,1,1,0.24166666666666667
固定频谱分配,0,0,0,0,0,0,1,1,0.24166666666666667
车辆信息类,0,0,0,0,0,0,1,1,0.24166666666666667
交通安全类,0,0,0,0,0,0,1,1,0.24166666666666667
仿真场,2,0,0,0,0,0,0,2,2.0
噪声受限,1,0,0,0,0,0,0,1,1.0
频谱感知二元假设,1,0,0,0,0,0,0,1,1.0
dempster-shafer,1,0,0,0,0,0,0,1,1.0
频谱空闲,1,0,0,0,0,0,0,1,1.0
占用状态,1,0,0,0,0,0,0,1,1.0
动态频谱共享,1,0,0,0,0,0,0,1,1.0
效率,1,0,0,0,0,0,0,1,1.0
