,摘要,关键词,第一章,第二章,第三章,第四章,第五章,总词频,加权得分
尾比特,1,0,1,10,0,10,4,26,5.758333333333333
序列,0,0,0,9,3,6,0,18,3.3
编码,2,0,5,29,9,14,0,59,11.808333333333334
矩阵,0,0,0,6,0,3,0,9,1.475
ldpc码,12,0,18,57,41,26,17,171,41.675
相关性,0,0,0,2,0,0,0,2,0.25
线性系统,0,0,0,2,0,0,0,2,0.25
寄存器,1,0,0,2,0,3,1,7,2.216666666666667
校验子,0,0,0,19,0,0,1,20,2.6166666666666667
编码器,0,0,2,8,9,4,0,23,4.391666666666667
尾比特序列,0,0,0,2,0,0,0,2,0.25
移位寄存器,0,0,0,5,3,1,0,9,1.5916666666666668
校验矩阵,0,0,1,15,6,0,4,26,4.416666666666666
长空间耦合,0,0,0,1,0,0,0,1,0.125
有限码,0,0,1,1,0,1,0,3,0.4916666666666667
校验子编码器,0,0,0,1,0,0,0,1,0.125
xc矩阵,0,0,0,1,0,0,0,1,0.125
逆矩阵,0,0,0,1,0,0,0,1,0.125
线性组合,0,0,0,1,0,0,0,1,0.125
尾序列,0,0,0,1,0,0,0,1,0.125
满秩矩阵,0,0,0,2,0,0,0,2,0.25
零向量,0,0,0,2,1,1,0,4,0.7333333333333334
长度,0,0,0,5,2,0,0,7,1.1083333333333334
校验,0,0,0,2,0,0,0,2,0.25
冗余,0,0,1,1,0,0,0,2,0.25
等式,0,0,0,1,2,0,0,3,0.6083333333333334
线性,0,0,0,2,0,0,0,2,0.25
等式线性,0,0,0,1,0,0,0,1,0.125
时刻寄存器,0,0,0,1,0,0,0,1,0.125
比特时寄存器,0,0,0,1,0,0,0,1,0.125
符号,0,0,8,5,0,0,0,13,1.625
编码过程,0,0,0,2,0,2,0,4,0.7333333333333334
数值,0,0,0,1,0,0,0,1,0.125
比特,0,0,8,2,6,3,1,20,3.6666666666666665
空间耦合,7,0,14,45,36,27,11,140,32.25833333333333
全零序列,0,0,0,1,0,0,0,1,0.125
卷积码,0,0,0,3,0,0,0,3,0.375
译码过程,0,0,0,1,0,1,0,2,0.3666666666666667
接收端,0,0,5,1,0,0,0,6,0.75
编码效率,0,0,0,1,0,0,1,2,0.3666666666666667
空间耦合ldpc码,3,0,7,28,42,33,16,129,29.366666666666667
迭代编码算法,1,0,2,2,6,1,1,13,3.4333333333333336
传统空间耦合,0,0,1,5,0,0,0,6,0.75
译码,0,0,2,19,1,0,1,23,3.1083333333333334
窗译码,0,0,0,4,0,0,0,4,0.5
并行译码,0,0,0,3,0,0,0,3,0.375
译码窗口,0,0,0,3,0,0,0,3,0.375
窗口,0,0,0,3,0,0,0,3,0.375
变量节点,0,0,0,12,18,20,1,51,10.925
变量,0,0,0,2,0,0,0,2,0.25
迭代时刻,0,0,0,2,0,0,0,2,0.25
节点,0,0,0,5,5,1,1,12,2.3166666666666664
目标符号,0,0,0,2,0,0,0,2,0.25
校验节点,0,0,0,14,16,24,0,54,11.416666666666666
迭代,1,0,0,2,1,2,0,6,1.975
置信传播,0,0,0,3,2,2,0,7,1.3416666666666668
奇偶校验矩阵,0,0,0,3,2,5,1,11,2.3083333333333336
迭代译码,0,0,0,1,0,0,0,1,0.125
有限窗,0,0,0,1,0,0,0,1,0.125
时间间隔,0,0,0,1,0,0,0,1,0.125
原模图,0,0,0,8,3,2,1,14,2.45
存储,0,0,0,1,0,0,0,1,0.125
译码复杂度,0,0,0,1,0,0,0,1,0.125
ldpc块状码,0,0,0,14,0,0,0,14,1.75
关联,0,0,0,1,0,0,0,1,0.125
窗译码算法,0,0,0,3,0,0,0,3,0.375
时间延迟,0,0,0,1,0,4,0,5,1.0916666666666668
码字,0,0,1,2,1,1,0,5,0.8583333333333334
bp译码窗口,0,0,0,1,0,0,0,1,0.125
bp译码,0,0,0,2,0,0,0,2,0.25
bp迭代,0,0,0,1,0,0,0,1,0.125
窗口译码,0,0,0,1,0,0,0,1,0.125
滑动窗译码,0,0,0,2,0,0,0,2,0.25
连续译码,0,0,0,1,0,0,0,1,0.125
数据,0,0,1,1,0,0,0,2,0.25
bp算法,0,0,0,2,0,0,1,3,0.4916666666666667
奇偶校验,0,0,1,1,0,0,0,2,0.25
卷积结构,0,0,0,2,0,0,0,2,0.25
算法,0,0,0,1,0,0,0,1,0.125
bp,0,0,0,1,0,1,0,2,0.3666666666666667
迭代信息传播算法,0,0,0,1,0,0,0,1,0.125
维特比译码,0,0,0,1,0,0,0,1,0.125
码长,0,0,1,4,2,1,0,8,1.35
复杂度,1,0,2,6,3,10,3,25,5.866666666666667
维特比译码器,0,0,0,1,0,0,0,1,0.125
ldpc码译码,0,0,0,1,0,1,0,2,0.3666666666666667
校验比特,0,0,1,2,11,4,2,20,4.483333333333333
信息序列,0,0,1,4,5,3,0,13,2.5583333333333336
效率,0,0,0,1,0,0,0,1,0.125
数据流,0,0,1,1,0,0,0,2,0.25
递归编码算法,0,0,0,1,0,0,1,2,0.3666666666666667
存储单元,0,0,0,2,0,0,0,2,0.25
递归,0,0,0,2,0,0,1,3,0.4916666666666667
单位阵,0,0,0,1,0,0,0,1,0.125
xb矩阵,0,0,0,1,0,0,0,1,0.125
校验子矩阵,0,0,0,1,0,0,0,1,0.125
比特寸,0,0,0,1,0,0,0,1,0.125
信息,1,0,11,6,1,2,0,21,3.85
时刻编码器,0,0,0,1,0,0,0,1,0.125
编码子序列,0,0,0,1,1,0,0,2,0.3666666666666667
校验子系数,0,0,0,1,0,0,0,1,0.125
时刻,0,0,0,1,0,0,0,1,0.125
部分校验子,0,0,0,1,0,0,0,1,0.125
时序列,0,0,0,1,0,0,0,1,0.125
码字序列,0,0,0,3,1,0,0,4,0.6166666666666667
系统编码,0,0,0,1,0,0,0,1,0.125
ldpc码编码,0,0,1,2,0,0,0,3,0.375
校验子编码,0,0,0,1,0,0,0,1,0.125
尾部变量节点,0,0,0,0,0,9,0,9,2.175
性能,1,0,6,6,7,4,3,27,5.883333333333333
仿真,0,0,2,0,1,1,0,4,0.7333333333333334
终止结构,0,0,1,0,0,34,0,35,8.341666666666667
尾部节点,0,0,2,0,0,35,0,37,8.708333333333334
已编码比特,0,0,0,0,3,4,0,7,1.6916666666666667
ra比特,0,0,0,0,0,1,0,1,0.24166666666666667
连接,0,0,1,1,2,4,1,9,1.9416666666666667
状态,0,0,0,0,0,1,1,2,0.48333333333333334
奇偶节点,0,0,0,0,0,3,0,3,0.725
积累码,0,0,0,0,0,1,1,2,0.48333333333333334
空间,0,0,0,3,1,1,0,5,0.8583333333333334
ldpg码,0,0,0,0,0,1,0,1,0.24166666666666667
低延时,1,0,1,0,0,2,0,4,1.6083333333333334
校验矩阵结构,1,0,0,0,2,0,4,7,2.45
迭代编码,2,1,1,1,9,0,3,17,7.15
终止,0,1,1,1,0,1,3,7,3.216666666666667
递归编码,0,0,0,1,0,0,3,4,0.85
子结构,0,0,0,0,0,0,3,3,0.725
密度演进,0,0,1,7,2,1,3,14,2.45
速率,4,0,4,3,11,2,3,27,8.741666666666667
ldpccode,0,0,0,0,0,0,2,2,0.48333333333333334
at,0,0,0,0,0,0,2,2,0.48333333333333334
ei检索,0,0,0,0,0,0,2,2,0.48333333333333334
延时,0,0,2,0,1,1,2,6,1.2166666666666668
有限码长空间,2,0,1,0,0,1,2,6,2.85
变量节点度,0,0,0,4,3,4,2,13,2.675
节点度,0,0,0,1,0,1,2,4,0.85
阈值,0,0,0,2,2,0,2,6,1.2166666666666668
性能分析,0,0,0,2,1,0,2,5,0.975
速率空间,1,0,0,0,1,1,2,5,1.9666666666666668
ation,0,0,0,0,0,0,1,1,0.24166666666666667
ru,0,0,0,0,0,0,1,1,0.24166666666666667
cient,0,0,0,0,0,0,1,1,0.24166666666666667
有限码长空间耦合,1,0,2,0,1,1,1,6,1.975
重复积累码,0,0,0,0,0,1,1,2,0.48333333333333334
长空间空间,0,0,0,0,0,0,1,1,0.24166666666666667
产权,0,0,0,0,0,0,1,1,0.24166666666666667
低密度奇偶校验码,0,0,2,0,0,0,1,3,0.4916666666666667
orandmobileradiocommunica,0,0,0,0,0,0,1,1,0.24166666666666667
symposiumonpersonal,0,0,0,0,0,0,1,1,0.24166666666666667
temational,0,0,0,0,0,0,1,1,0.24166666666666667
witharbitrary,0,0,0,0,0,0,1,1,0.24166666666666667
ding,0,0,0,0,0,0,1,1,0.24166666666666667
ive,0,0,0,0,0,0,1,1,0.24166666666666667
编译码,0,0,1,1,0,0,1,3,0.4916666666666667
块状码编码,0,0,0,0,0,0,1,1,0.24166666666666667
校验节点度,0,0,0,4,3,2,1,10,1.95
迭代编译码,0,0,0,0,0,0,1,1,0.24166666666666667
空间复杂度,0,0,0,0,0,0,1,1,0.24166666666666667
时间,0,0,0,1,0,0,1,2,0.3666666666666667
仿真测试,0,0,0,0,0,0,1,1,0.24166666666666667
终止方案,0,0,0,0,0,1,1,2,0.48333333333333334
传统编译码,0,0,0,0,0,0,1,1,0.24166666666666667
迭代计算,0,0,0,0,0,0,1,1,0.24166666666666667
尾部比特,0,0,0,0,0,4,1,5,1.2083333333333333
)尾比,0,0,0,0,0,0,1,1,0.24166666666666667
repeat-accumula,0,0,0,0,0,0,1,1,0.24166666666666667
尾比,0,0,0,0,0,0,1,1,0.24166666666666667
高效递归编码,0,0,0,0,0,0,1,1,0.24166666666666667
非整数,0,0,0,0,0,0,1,1,0.24166666666666667
信息比特,0,0,0,0,7,4,1,12,2.9
可递归编码,0,0,0,0,0,0,1,1,0.24166666666666667
低延时编码,0,0,0,0,0,0,1,1,0.24166666666666667
低复杂度,1,0,1,0,1,1,1,5,1.85
速率空间耦,0,0,0,0,0,0,1,1,0.24166666666666667
可视化图形,0,0,0,1,0,0,1,2,0.3666666666666667
译码器性能,0,0,0,1,0,0,1,2,0.3666666666666667
exit,0,0,1,2,0,0,1,4,0.6166666666666667
自信息,0,0,0,1,0,0,1,2,0.3666666666666667
llr,0,0,0,1,0,0,1,2,0.3666666666666667
exit函数图,0,0,0,1,0,0,1,2,0.3666666666666667
编译码性能,0,0,0,1,0,0,1,2,0.3666666666666667
译码能力,0,0,0,1,0,0,1,2,0.3666666666666667
最大噪声程度,0,0,0,1,0,0,1,2,0.3666666666666667
信道,0,0,27,5,0,0,1,33,4.241666666666666
exit图,0,0,0,6,0,0,1,7,0.9916666666666667
可达速率,0,0,0,9,0,0,1,10,1.3666666666666667
低复杂度低延时编码,0,0,0,0,0,0,1,1,0.24166666666666667
bp阈值,0,0,0,0,4,6,0,10,2.4166666666666665
ber曲线,0,0,0,0,2,0,0,2,0.48333333333333334
香农极限,0,0,0,1,2,3,0,6,1.3333333333333333
bp阈,0,0,0,0,2,2,0,4,0.9666666666666667
bec信道,0,0,4,1,3,4,0,12,2.3166666666666664
ber性能,0,0,0,0,1,0,0,1,0.24166666666666667
虚线,0,0,0,0,4,1,0,5,1.2083333333333333
仙农,0,0,0,0,1,0,0,1,0.24166666666666667
点线,0,0,0,0,1,1,0,2,0.48333333333333334
耦合数,0,0,0,0,1,1,0,2,0.48333333333333334
扩展系数,0,0,0,0,2,5,0,7,1.6916666666666667
曲线,0,0,0,1,1,2,0,4,0.85
ber,0,0,0,0,1,1,0,2,0.48333333333333334
比特差错率,0,0,0,0,1,0,0,1,0.24166666666666667
te,0,0,0,0,1,0,0,1,0.24166666666666667
间隔,0,0,0,0,1,2,0,3,0.725
耦合链,0,0,0,8,3,0,0,11,1.725
比特差错率性能曲线,0,0,0,0,1,0,0,1,0.24166666666666667
bec,1,0,5,1,2,2,0,11,2.716666666666667
二进制差错信道,0,0,2,0,3,2,0,7,1.4583333333333333
仿真结,0,0,0,0,1,1,0,2,0.48333333333333334
信号,0,0,12,0,0,0,0,12,1.5
信道编码,0,0,7,3,0,0,0,10,1.25
干扰,0,0,4,0,0,0,0,4,0.5
传输速率,0,0,4,0,0,0,0,4,0.5
抗干扰能力,0,0,2,0,0,0,0,2,0.25
传输,0,0,6,0,0,0,0,6,0.75
噪声,0,0,2,0,0,0,0,2,0.25
信道编码技术,0,0,2,0,0,0,0,2,0.25
可构造信道编码,0,0,1,0,0,0,0,1,0.125
传输问,0,0,1,0,0,0,0,1,0.125
信道传输过程,0,0,1,0,0,0,0,1,0.125
译码器,0,0,2,0,0,0,0,2,0.25
信道编码定理,0,0,1,0,0,0,0,1,0.125
信宿能,0,0,1,0,0,0,0,1,0.125
纠错,0,0,1,0,0,0,0,1,0.125
概率,0,0,3,0,0,0,0,3,0.375
igk跃,0,0,1,0,0,0,0,1,0.125
图象,0,0,1,0,0,0,0,1,0.125
视频,0,0,1,0,0,0,0,1,0.125
手机,0,0,1,0,0,0,0,1,0.125
火车,0,0,1,0,0,0,0,1,0.125
误码,0,0,1,0,0,0,0,1,0.125
发送端,0,0,1,0,0,0,0,1,0.125
信息流,0,0,1,0,0,0,0,1,0.125
传输信道,0,0,1,0,0,0,0,1,0.125
通信系统,1,0,7,1,0,0,0,9,2.0
信道编码性能,0,0,0,1,0,0,0,1,0.125
信息量,0,0,0,1,0,0,0,1,0.125
冗余符号,0,0,1,1,0,0,0,2,0.25
信源,0,0,7,2,0,0,0,9,1.125
置信传播阈值,0,0,0,0,1,0,0,1,0.24166666666666667
速率空间耦合,0,0,0,0,1,0,0,1,0.24166666666666667
延时效应,0,0,0,0,1,0,0,1,0.24166666666666667
杂度,0,0,1,0,1,0,0,2,0.3666666666666667
低延迟,0,0,0,0,1,0,0,1,0.24166666666666667
码率,0,0,0,7,1,0,0,8,1.1166666666666667
低复杂度编译码算法,0,0,0,0,1,0,0,1,0.24166666666666667
编译码算法,0,0,1,1,1,0,0,3,0.4916666666666667
编码空间,1,0,0,0,3,0,0,4,1.725
擦除概率,0,0,3,0,0,0,0,3,0.375
二进制擦除信道,1,0,3,0,0,0,0,4,1.375
输出端,0,0,1,0,0,0,0,1,0.125
二进制,0,0,2,0,0,1,0,3,0.4916666666666667
bec信道模型,0,0,1,0,0,0,0,1,0.125
发射端,0,0,1,0,0,0,0,1,0.125
编码理论,0,0,2,0,0,0,0,2,0.25
信息理论,0,0,1,0,0,0,0,1,0.125
通信传输信道模型,0,0,1,0,0,0,0,1,0.125
二进制擦除侑道,0,0,1,0,0,0,0,1,0.125
bsc,0,0,2,0,0,0,0,2,0.25
二进制对称信道,0,0,2,0,0,0,0,2,0.25
awgn,0,0,4,0,0,0,0,4,0.5
加性高斯白噪声信道,0,0,5,0,0,0,0,5,0.625
常用,0,0,1,0,0,0,0,1,0.125
初始化,0,0,0,0,2,0,0,2,0.48333333333333334
转置矩阵,0,0,0,0,5,1,0,6,1.45
编码复杂度,1,0,0,1,1,0,0,3,1.3666666666666667
迭代编码器,0,0,0,0,1,0,0,1,0.24166666666666667
迭代编码过程,0,0,0,0,1,0,0,1,0.24166666666666667
zv,0,0,0,0,1,0,0,1,0.24166666666666667
单位矩阵,0,0,0,1,1,2,0,4,0.85
奇偶校验子,0,0,0,0,3,3,0,6,1.45
向量,0,0,0,0,1,0,0,1,0.24166666666666667
mxm,0,0,0,0,2,0,0,2,0.48333333333333334
子矩阵,0,0,0,8,11,4,0,23,4.625
个子等式,0,0,0,0,1,0,0,1,0.24166666666666667
码后序列,0,0,0,0,1,0,0,1,0.24166666666666667
校验比特向量,0,0,0,1,2,1,0,4,0.85
ldpc码编码算法,0,0,0,0,1,0,0,1,0.24166666666666667
耦合,0,0,0,1,2,0,0,3,0.6083333333333334
信宿,0,0,6,0,0,0,0,6,0.75
信道译码,0,0,3,0,0,0,0,3,0.375
解调器,0,0,3,0,0,0,0,3,0.375
信源编码,0,0,3,2,0,0,0,5,0.625
消息,0,0,3,0,0,0,0,3,0.375
信源译码,0,0,2,0,0,0,0,2,0.25
调制器,0,0,2,0,0,0,0,2,0.25
广义信道,0,0,2,0,0,0,0,2,0.25
狭义信道,0,0,2,0,0,0,0,2,0.25
设备,0,0,2,0,0,0,0,2,0.25
香农模型,0,0,2,0,0,0,0,2,0.25
香农通信系统模型,0,0,1,0,0,0,0,1,0.125
接收,0,0,1,0,0,0,0,1,0.125
信道干扰,0,0,1,0,0,0,0,1,0.125
编码过程译码,0,0,1,0,0,0,0,1,0.125
反向过程,0,0,1,0,0,0,0,1,0.125
输出符号,0,0,1,0,0,0,0,1,0.125
符号符号,0,0,1,0,0,0,0,1,0.125
代码,0,0,1,0,0,0,0,1,0.125
信源符号,0,0,1,0,0,0,0,1,0.125
传送信号,0,0,1,0,0,0,0,1,0.125
介质,0,0,1,0,0,0,0,1,0.125
逻辑信道,0,0,1,0,0,0,0,1,0.125
存储介质,0,0,1,0,0,0,0,1,0.125
物理通信信道,0,0,1,0,0,0,0,1,0.125
中间媒介,0,0,1,0,0,0,0,1,0.125
通道,0,0,1,0,0,0,0,1,0.125
传送信息,0,0,1,0,0,0,0,1,0.125
计算机,0,0,1,0,0,0,0,1,0.125
接受主体,0,0,1,0,0,0,0,1,0.125
图像,0,0,1,0,0,0,0,1,0.125
语音,0,0,1,0,0,0,0,1,0.125
杂志,0,0,1,0,0,0,0,1,0.125
书报,0,0,1,0,0,0,0,1,0.125
信件,0,0,1,0,0,0,0,1,0.125
文件,0,0,1,0,0,0,0,1,0.125
单向通信系统,0,0,1,0,0,0,0,1,0.125
通信网技,0,0,1,0,0,0,0,1,0.125
通信技术,0,0,2,0,0,0,0,2,0.25
通信系统模型,0,0,5,0,0,0,0,5,0.625
直接编码,0,0,0,1,0,0,0,1,0.125
块状码,0,0,0,4,1,0,0,5,0.7416666666666667
ldpc,0,0,1,5,1,0,0,7,0.9916666666666667
ldpc块状码编码,0,0,0,1,0,0,0,1,0.125
记忆长度,0,0,0,2,2,1,0,5,0.975
迭代求解,0,0,0,1,0,0,0,1,0.125
奇偶校验位,0,0,0,1,0,0,0,1,0.125
旷矿,0,0,0,1,0,0,0,1,0.125
系统编码器,0,0,0,1,1,0,0,2,0.3666666666666667
满秩,0,0,0,1,0,0,0,1,0.125
rez,0,0,0,1,0,0,0,1,0.125
特性,0,0,0,2,0,0,0,2,0.25
校验子前项算法,0,0,0,2,0,0,0,2,0.25
译码算法,0,0,1,4,0,0,0,5,0.625
编码算法,1,0,2,2,2,0,0,7,1.9833333333333334
性能分析工,0,0,1,1,0,0,0,2,0.25
并行译码算法,0,0,0,1,0,0,0,1,0.125
存储空间,0,0,0,2,0,0,0,2,0.25
性能分析工具,0,0,0,1,0,0,0,1,0.125
传统,0,0,2,1,0,0,0,3,0.375
网络,0,0,11,0,0,0,0,11,1.375
5g通信系统,1,0,11,0,0,0,0,12,2.375
系统,1,0,6,0,0,0,0,7,1.75
用户,0,0,4,0,0,0,0,4,0.5
容量,2,0,5,0,2,0,0,9,3.1083333333333334
移动性,0,0,3,0,0,0,0,3,0.375
低功耗,0,0,3,0,0,0,0,3,0.375
空口技术,0,0,3,0,0,0,0,3,0.375
连接数,0,0,3,0,0,0,0,3,0.375
物联网技术,0,0,3,0,0,0,0,3,0.375
全双工系统,0,0,2,0,0,0,0,2,0.25
频谱资源,0,0,2,0,0,0,0,2,0.25
吞吐量,0,0,2,0,0,0,0,2,0.25
频谱效率,1,0,3,0,0,0,0,4,1.375
多用户信息,0,0,2,0,0,0,0,2,0.25
新型多址技术,0,0,3,0,0,0,0,3,0.375
高频,0,0,2,0,0,0,0,2,0.25
低频,0,0,2,0,0,0,0,2,0.25
网络技术,0,0,2,0,0,0,0,2,0.25
无线通信技术,0,0,2,0,0,0,0,2,0.25
业务,0,0,2,0,0,0,0,2,0.25
漫游,0,0,2,0,0,0,0,2,0.25
5g移动通信系统,1,0,2,0,0,0,0,3,1.25
大连接,0,0,2,0,0,0,0,2,0.25
高容量,0,0,2,0,0,0,0,2,0.25
热点,0,0,2,0,0,0,0,2,0.25
连续广域覆盖,0,0,2,0,0,0,0,2,0.25
全频谱接入,0,0,2,0,0,0,0,2,0.25
超密集组网,0,0,2,0,0,0,0,2,0.25
大规模天线,0,0,2,0,0,0,0,2,0.25
5g通信技术,0,0,2,0,0,0,0,2,0.25
无线网络,0,0,2,0,0,0,0,2,0.25
感知,0,0,2,0,0,0,0,2,0.25
工业,0,0,2,0,0,0,0,2,0.25
用户体验,0,0,2,0,0,0,0,2,0.25
物联网采集类,0,0,2,0,0,0,0,2,0.25
传输类业务,0,0,2,0,0,0,0,2,0.25
交互类业务,0,0,2,0,0,0,0,2,0.25
移动互联网,0,0,2,0,0,0,0,2,0.25
5g,0,0,3,0,0,0,0,3,0.375
5g移动通信技术,1,0,2,0,0,0,0,3,1.25
空间耦,0,0,1,0,0,0,0,1,0.125
可达容量,0,0,1,0,0,0,0,1,0.125
香农容量极限,0,0,1,1,0,0,0,2,0.25
效应,0,0,1,2,0,0,0,3,0.375
门限,0,0,1,1,0,0,0,2,0.25
自适应功能,0,0,1,0,0,0,0,1,0.125
智能自主接入网络,0,0,1,0,0,0,0,1,0.125
动态频谱配置,0,0,1,0,0,0,0,1,0.125
频谱共享技术,0,0,1,0,0,0,0,1,0.125
组网技术,0,0,1,0,0,0,0,1,0.125
自干扰抑制技术,0,0,1,0,0,0,0,1,0.125
无线通信业务量,0,0,1,0,0,0,0,1,0.125
tdd,0,0,1,0,0,0,0,1,0.125
fdd,0,0,1,0,0,0,0,1,0.125
全双工技术,0,0,1,0,0,0,0,1,0.125
资源利用率,0,0,1,0,0,0,0,1,0.125
上下行资源,0,0,1,0,0,0,0,1,0.125
上下行,0,0,1,0,0,0,0,1,0.125
活双工,0,0,1,0,0,0,0,1,0.125
低成本d2d,0,0,1,0,0,0,0,1,0.125
数据共享网络,0,0,1,0,0,0,0,1,0.125
终端协助通信,0,0,1,0,0,0,0,1,0.125
间接通信,0,0,1,0,0,0,0,1,0.125
直接,0,0,1,0,0,0,0,1,0.125
终端设备,0,0,1,0,0,0,0,1,0.125
终端直通技,0,0,1,0,0,0,0,1,0.125
链路自适应技术,0,0,1,0,0,0,0,1,0.125
调制编码,0,0,1,0,0,0,0,1,0.125
网络编码,0,0,1,0,0,0,0,1,0.125
链路自适应,0,0,1,0,0,0,0,1,0.125
链路级调制编码,0,0,1,0,0,0,0,1,0.125
先进调制编码,0,0,1,0,0,0,0,1,0.125
保护,0,0,1,0,0,0,0,1,0.125
带外泄露,0,0,1,0,0,0,0,1,0.125
fbmc技,0,0,1,0,0,0,0,1,0.125
ufmc技术,0,0,1,0,0,0,0,1,0.125
f-ofdm技术,0,0,1,0,0,0,0,1,0.125
ofdm,0,0,1,0,0,0,0,1,0.125
多载波技术,0,0,1,0,0,0,0,1,0.125
接入容量,0,0,1,0,0,0,0,1,0.125
接收算法,0,0,1,0,0,0,0,1,0.125
接收侧,0,0,1,0,0,0,0,1,0.125
叠加传输,0,0,1,0,0,0,0,1,0.125
资源,0,0,1,0,0,0,0,1,0.125
musa,0,0,1,0,0,0,0,1,0.125
多用户共享接入技术,0,0,1,0,0,0,0,1,0.125
pdma,0,0,1,0,0,0,0,1,0.125
图样分割多址技术,0,0,1,0,0,0,0,1,0.125
scma,0,0,1,0,0,0,0,1,0.125
稀疏码分多址技术,0,0,1,0,0,0,0,1,0.125
高速率,0,0,1,0,0,0,0,1,0.125
无缝覆盖,0,0,1,0,0,0,0,1,0.125
频率复用效率,0,0,1,0,0,0,0,1,0.125
基础设施,0,0,1,0,0,0,0,1,0.125
体验质量,0,0,1,0,0,0,0,1,0.125
干扰控制协调,0,0,1,0,0,0,0,1,0.125
频谱利用率,0,0,1,0,0,0,0,1,0.125
性能增益,0,0,1,0,0,0,0,1,0.125
准正交特性,0,0,1,0,0,0,0,1,0.125
多用户信道,0,0,1,0,0,0,0,1,0.125
天线阵元,0,0,1,0,0,0,0,1,0.125
极化码,0,0,1,0,0,0,0,1,0.125
q-aryldpc,0,0,1,0,0,0,0,1,0.125
多元低密度,0,0,1,0,0,0,0,1,0.125
d2d,0,0,1,0,0,0,0,1,0.125
终端直通,0,0,1,0,0,0,0,1,0.125
灵活双工,0,0,1,0,0,0,0,1,0.125
全双工,0,0,1,0,0,0,0,1,0.125
fbmc,0,0,1,0,0,0,0,1,0.125
多载波,0,0,1,0,0,0,0,1,0.125
滤波器,0,0,1,0,0,0,0,1,0.125
f-ofdm,0,0,1,0,0,0,0,1,0.125
正交频分复用,0,0,1,0,0,0,0,1,0.125
滤波,0,0,1,0,0,0,0,1,0.125
网络架构,0,0,1,0,0,0,0,1,0.125
功能虚拟化,0,0,1,0,0,0,0,1,0.125
软件,0,0,1,0,0,0,0,1,0.125
全频谱接入技术,0,0,1,0,0,0,0,1,0.125
超密集组网技术,0,0,2,0,0,0,0,2,0.25
大规模天线阵列技术,0,0,2,0,0,0,0,2,0.25
多址技术,0,0,1,0,0,0,0,1,0.125
5g技术,0,0,1,0,0,0,0,1,0.125
业务可靠性,0,0,1,0,0,0,0,1,0.125
端到端时延,0,0,1,0,0,0,0,1,0.125
物联网,0,0,1,0,0,0,0,1,0.125
工业控制,0,0,1,0,0,0,0,1,0.125
车联网,0,0,1,0,0,0,0,1,0.125
可靠性,0,0,1,0,0,0,0,1,0.125
可靠性机制,0,0,1,0,0,0,0,1,0.125
平台,0,0,1,0,0,0,0,1,0.125
qos控制,0,0,1,0,0,0,0,1,0.125
海量连接,0,0,1,0,0,0,0,1,0.125
功耗,0,0,1,0,0,0,0,1,0.125
数据包,0,0,1,0,0,0,0,1,0.125
单点数据量,0,0,1,0,0,0,0,1,0.125
传感器,0,0,1,0,0,0,0,1,0.125
农业监控,0,0,1,0,0,0,0,1,0.125
污染调查,0,0,1,0,0,0,0,1,0.125
海洋检测,0,0,1,0,0,0,0,1,0.125
控制协议,0,0,1,0,0,0,0,1,0.125
移动性管理,0,0,1,0,0,0,0,1,0.125
连接管理,0,0,1,0,0,0,0,1,0.125
快速传输数据,0,0,1,0,0,0,0,1,0.125
室内外服务,0,0,1,0,0,0,0,1,0.125
本地路,0,0,1,0,0,0,0,1,0.125
内容源,0,0,1,0,0,0,0,1,0.125
业务锚点,0,0,1,0,0,0,0,1,0.125
用户面网关,0,0,1,0,0,0,0,1,0.125
集中控制面,0,0,1,0,0,0,0,1,0.125
体验速率,0,0,1,0,0,0,0,1,0.125
覆盖边缘,0,0,1,0,0,0,0,1,0.125
覆盖中心,0,0,1,0,0,0,0,1,0.125
静止,0,0,1,0,0,0,0,1,0.125
移动特性,0,0,1,0,0,0,0,1,0.125
连接数密度,0,0,1,0,0,0,0,1,0.125
流量密度,0,0,1,0,0,0,0,1,0.125
低时延,0,0,1,0,0,0,0,1,0.125
参数,0,0,1,4,0,0,0,5,0.625
多址,0,0,1,0,0,0,0,1,0.125
5g通信网络,0,0,1,0,0,0,0,1,0.125
生态,0,0,1,0,0,0,0,1,0.125
功能,0,0,1,0,0,0,0,1,0.125
无线,0,0,1,0,0,0,0,1,0.125
成本效率,0,0,1,0,0,0,0,1,0.125
能耗,0,0,1,0,0,0,0,1,0.125
4g通信系统,0,0,2,0,0,0,0,2,0.25
网络协同,0,0,1,0,0,0,0,1,0.125
隧道机制,0,0,1,0,0,0,0,1,0.125
网络运营水平,0,0,1,0,0,0,0,1,0.125
开发,0,0,1,0,0,0,0,1,0.125
网络运营能力,0,0,1,0,0,0,0,1,0.125
传输路径,0,0,1,0,0,0,0,1,0.125
报头冗余,0,0,1,0,0,0,0,1,0.125
信令过载,0,0,1,0,0,0,0,1,0.125
容量压力,0,0,1,0,0,0,0,1,0.125
回传网络,0,0,1,0,0,0,0,1,0.125
协调能力,0,0,1,0,0,0,0,1,0.125
移动网络,0,0,1,0,0,0,0,1,0.125
能力,0,0,1,0,0,0,0,1,0.125
运营能力,0,0,1,0,0,0,0,1,0.125
能力指,0,0,1,0,0,0,0,1,0.125
机器通信,0,0,1,0,0,0,0,1,0.125
物联网机器,0,0,1,0,0,0,0,1,0.125
移动终端业务,0,0,1,0,0,0,0,1,0.125
电信研,0,0,1,0,0,0,0,1,0.125
信息化,0,0,1,0,0,0,0,1,0.125
无线流量,0,0,1,0,0,0,0,1,0.125
无线连接数,0,0,1,0,0,0,0,1,0.125
自动化工业机器,0,0,1,0,0,0,0,1,0.125
智能家电,0,0,1,0,0,0,0,1,0.125
智能移动终端,0,0,1,0,0,0,0,1,0.125
时延,0,0,1,0,0,0,0,1,0.125
控制类,0,0,1,0,0,0,0,1,0.125
接口承载能力,0,0,1,0,0,0,0,1,0.125
网络接入接口,0,0,1,0,0,0,0,1,0.125
接入体验,0,0,1,0,0,0,0,1,0.125
传输业务,0,0,1,0,0,0,0,1,0.125
大容量文件,0,0,1,0,0,0,0,1,0.125
无线接口,0,0,1,0,0,0,0,1,0.125
信息传输时延,0,0,1,0,0,0,0,1,0.125
响应能力,0,0,1,0,0,0,0,1,0.125
信息化服务,0,0,1,0,0,0,0,1,0.125
交通,0,0,1,0,0,0,0,1,0.125
医疗,0,0,1,0,0,0,0,1,0.125
交通工具,0,0,1,0,0,0,0,1,0.125
医疗仪器,0,0,1,0,0,0,0,1,0.125
工业设施,0,0,1,0,0,0,0,1,0.125
快速响应能力,0,0,1,0,0,0,0,1,0.125
交互,0,0,1,0,0,0,0,1,0.125
无线技术,0,0,1,0,0,0,0,1,0.125
在线游戏,0,0,1,0,0,0,0,1,0.125
云桌面,0,0,1,0,0,0,0,1,0.125
增强现实,0,0,1,0,0,0,0,1,0.125
虚拟现实,0,0,1,0,0,0,0,1,0.125
高清视频,0,0,1,0,0,0,0,1,0.125
浸入式显示,0,0,1,0,0,0,0,1,0.125
3d显示,0,0,1,0,0,0,0,1,0.125
超高清显示,0,0,1,0,0,0,0,1,0.125
会话类,0,0,1,0,0,0,0,1,0.125
数据流类,0,0,1,0,0,0,0,1,0.125
会话类业务,0,0,1,0,0,0,0,1,0.125
25g通信系统,0,0,1,0,0,0,0,1,0.125
尾部结构,1,0,2,0,0,0,0,3,1.25
可迭代编码空间,0,0,2,0,0,0,0,2,0.25
下步,0,0,1,0,0,0,0,1,0.125
性能仿真,1,0,1,0,1,1,0,4,1.6083333333333334
密度,0,0,1,0,3,6,0,10,2.3
可达编码速率,0,0,1,0,0,0,0,1,0.125
尾部构造,0,0,1,0,0,0,0,1,0.125
repeat-accumulate,0,0,1,0,0,0,0,1,0.125
重复积累,0,0,1,0,0,1,0,2,0.3666666666666667
长空间,0,0,1,0,0,1,0,2,0.3666666666666667
低延时迭代编码算法,0,0,1,0,0,0,0,1,0.125
迭代编码空间,0,0,1,0,0,0,0,1,0.125
可达速率分析,0,0,1,0,0,0,0,1,0.125
原模图构,0,0,1,0,0,0,0,1,0.125
信道编码理论,0,0,1,0,0,0,0,1,0.125
仿真信道模型,0,0,1,0,0,0,0,1,0.125
无终止码,0,0,0,1,0,0,0,1,0.125
非零元素,0,0,0,1,0,0,0,1,0.125
转置单位阵,0,0,0,1,0,0,0,1,0.125
个子矩阵,0,0,0,1,0,0,0,1,0.125
jfxk,0,0,0,1,0,0,0,1,0.125
正整数,0,0,0,1,1,0,0,2,0.3666666666666667
公约数,0,0,0,1,1,0,0,2,0.3666666666666667
ldpc码码,0,0,0,1,0,0,0,1,0.125
vkxcak,0,0,0,1,0,0,0,1,0.125
有限码长,0,0,0,1,0,0,0,1,0.125
移动通信系统,1,0,3,0,0,0,0,4,1.375
差错概率,0,0,0,0,8,3,0,11,2.658333333333333
迭代次数,0,0,0,2,1,2,0,5,0.975
标记集合,0,0,0,0,0,2,0,2,0.48333333333333334
ldpc码密度,0,0,0,0,0,1,0,1,0.24166666666666667
勾形,0,0,0,0,0,1,0,1,0.24166666666666667
剩余差错概率,0,0,0,0,1,1,0,2,0.48333333333333334
置变量节点,0,0,0,0,0,1,0,1,0.24166666666666667
剩余差错概率曲线,0,0,0,0,0,1,0,1,0.24166666666666667
映射,0,0,2,0,0,0,0,2,0.25
加性高斯噪声,0,0,2,0,0,0,0,2,0.25
二进制码字,0,0,1,0,0,0,0,1,0.125
二进制加性高斯信道,0,0,1,0,0,0,0,1,0.125
指数函数,0,0,1,0,0,0,0,1,0.125
分布,0,0,1,0,0,0,0,1,0.125
高斯随机变量,0,0,1,0,0,0,0,1,0.125
信号源,0,0,1,0,0,0,0,1,0.125
二进制加性高斯白噪声信道,0,0,1,0,0,0,0,1,0.125
加性噪声,0,0,1,0,0,0,0,1,0.125
高斯概率分布,0,0,1,0,0,0,0,1,0.125
有用信号,0,0,1,0,0,0,0,1,0.125
调制,0,0,1,0,0,0,0,1,0.125
二进制符号,0,0,1,0,0,0,0,1,0.125
加性高斯白噪声,0,0,1,0,0,0,0,1,0.125
编码技术,0,0,2,0,0,0,0,2,0.25
无线接入技术,0,0,2,0,0,0,0,2,0.25
5g标准化,0,0,2,0,0,0,0,2,0.25
移动通信网络,0,0,2,0,0,0,0,2,0.25
移动通信,1,0,2,0,0,0,0,3,1.25
信道场,0,0,1,0,0,0,0,1,0.125
技术,0,0,1,0,0,0,0,1,0.125
非正交多址,1,0,1,0,0,0,0,2,1.125
空间耦合码,0,0,1,2,0,0,0,3,0.375
多用户通信系统,0,0,1,0,0,0,0,1,0.125
空间耦合技术,0,0,1,0,0,0,0,1,0.125
空间耦合原理,0,0,1,0,0,0,0,1,0.125
sc-ldpc,0,0,1,0,0,0,0,1,0.125
低密奇偶校验码,0,0,1,0,0,0,0,1,0.125
全频接入技术,0,0,1,0,0,0,0,1,0.125
新型,0,0,1,0,0,0,0,1,0.125
网络传输技术,0,0,1,0,0,0,0,1,0.125
系统容量,1,0,1,0,0,0,0,2,1.125
数据传输能力,1,0,1,0,0,0,0,2,1.125
5g系统,0,0,1,0,0,0,0,1,0.125
通信容量,1,0,1,0,0,0,0,2,1.125
资源浪费,1,0,1,0,0,0,0,2,1.125
兼容性,1,0,1,0,0,0,0,2,1.125
数据传输速度,1,0,1,0,0,0,0,2,1.125
4g移动通信系统,1,0,1,0,0,0,0,2,1.125
移动数据流量,0,0,1,0,0,0,0,1,0.125
数据量,0,0,1,0,0,0,0,1,0.125
用户量,0,0,1,0,0,0,0,1,0.125
互联网技术,0,0,1,0,0,0,0,1,0.125
编码速率,1,0,0,1,10,8,0,20,5.475
l无线,0,0,0,0,1,0,0,1,0.24166666666666667
损失,0,0,0,0,2,2,0,4,0.9666666666666667
d'clmdcl,0,0,0,0,1,0,0,1,0.24166666666666667
仿真结构,0,0,0,0,1,1,0,2,0.48333333333333334
收敛速度,0,0,0,0,2,0,0,2,0.48333333333333334
速率损失,0,0,0,0,1,2,0,3,0.725
低延时迭代编码,0,0,0,0,1,1,0,2,0.48333333333333334
码结构,0,0,0,1,0,0,0,1,0.125
译码性能,0,0,0,2,0,0,0,2,0.25
转移特性,0,0,0,2,0,0,0,2,0.25
甬道,0,0,0,1,0,0,0,1,0.125
信噪比门槛,0,0,0,1,0,0,0,1,0.125
瀑布区,0,0,0,1,0,0,0,1,0.125
比特率特性曲线,0,0,0,1,0,0,0,1,0.125
平均数,0,0,0,1,0,0,0,1,0.125
迭代译码进程,0,0,0,1,0,0,0,1,0.125
交织器,0,0,0,1,0,0,0,1,0.125
外信息,0,0,0,1,0,0,0,1,0.125
分量译码器,0,0,0,1,0,0,0,1,0.125
迭代译码器,0,0,0,1,0,0,0,1,0.125
分量编码器,0,0,0,1,0,0,0,1,0.125
外信息转移图,0,0,0,1,0,0,0,1,0.125
ra尾部比特,0,0,0,0,0,2,0,2,0.48333333333333334
z无线,0,0,0,0,0,1,0,1,0.24166666666666667
边界,0,0,0,7,0,0,0,7,0.875
耦合链长度,0,0,0,6,0,0,0,6,0.75
仙农极限,0,0,0,7,0,0,0,7,0.875
译码门限,0,0,0,6,0,0,0,6,0.75
门限饱和,0,0,0,5,0,0,0,5,0.625
bp译码门限,0,0,0,3,0,0,0,3,0.375
块状ldpc码,0,0,0,3,0,0,0,3,0.375
map译码门限,0,0,0,2,0,0,0,2,0.25
exit函数,0,0,0,2,0,0,0,2,0.25
误码概率,0,0,0,2,0,0,0,2,0.25
译码迭代,0,0,0,2,0,0,0,2,0.25
个数,0,0,0,2,0,0,0,2,0.25
空间耦合结构,0,0,0,4,0,0,0,4,0.5
码块,0,0,0,2,0,0,0,2,0.25
编码结构,1,0,0,2,0,0,0,3,1.25
最优编码,0,0,0,1,0,0,0,1,0.125
渐进,0,0,0,1,0,0,0,1,0.125
仙农容量,0,0,0,1,0,0,0,1,0.125
map极限,0,0,0,1,0,0,0,1,0.125
密￥七,0,0,0,1,0,0,0,1,0.125
m-,0,0,0,1,0,0,0,1,0.125
bp译码门,0,0,0,1,0,0,0,1,0.125
删除概率,0,0,0,1,0,0,0,1,0.125
横轴,0,0,0,1,0,0,0,1,0.125
二进制删除信道,0,0,0,1,0,0,0,1,0.125
thresholdsaturation,0,0,0,1,0,0,0,1,0.125
递进,0,0,0,1,0,0,0,1,0.125
波浪,0,0,0,1,0,0,0,1,0.125
误码率,0,0,0,1,0,0,0,1,0.125
中心位,0,0,0,1,0,0,0,1,0.125
卷积,0,0,0,1,0,0,0,1,0.125
约束条件,0,0,0,1,0,0,0,1,0.125
三维空间,0,0,0,1,0,0,0,1,0.125
二维,0,0,0,1,0,0,0,1,0.125
二分图,0,0,0,1,0,0,0,1,0.125
损耗,0,0,0,1,0,0,0,1,0.125
构造模块,0,0,0,1,0,0,0,1,0.125
终止耦合,0,0,0,1,0,0,0,1,0.125
有限耦合链长度,0,0,0,1,0,0,0,1,0.125
非零子矩阵,0,0,0,1,0,0,0,1,0.125
跨度,0,0,0,1,0,0,0,1,0.125
列数,0,0,0,1,0,0,0,1,0.125
空间耦合链,0,0,0,1,0,0,0,1,0.125
全零子矩阵,0,0,0,1,0,0,0,1,0.125
非零稀疏矩阵,0,0,0,1,0,0,0,1,0.125
带状区,0,0,0,1,0,0,0,1,0.125
对角线,0,0,0,1,0,0,0,1,0.125
稀疏校验矩阵,0,0,0,1,0,0,0,1,0.125
耦合长度,0,0,0,1,0,0,0,1,0.125
链式结构,0,0,0,1,0,0,0,1,0.125
总数,0,0,0,1,0,0,0,1,0.125
立体结构,0,0,0,1,0,0,0,1,0.125
平面结构,0,0,0,1,0,0,0,1,0.125
重排,0,0,0,1,0,0,0,1,0.125
模块,0,0,0,1,0,0,0,1,0.125
本模块,0,0,0,1,0,0,0,1,0.125
空间耦合构造,0,0,0,1,0,0,0,1,0.125
度分布,0,0,0,1,0,0,0,1,0.125
原模,0,0,0,1,2,1,0,4,0.85
图形化,0,0,0,1,0,0,0,1,0.125
约束,0,0,0,1,0,0,0,1,0.125
ldpc码字,0,0,0,1,0,0,0,1,0.125
ldpc卷积码,0,0,0,6,0,0,0,6,0.75
sc-ldpc码,0,0,0,5,0,0,0,5,0.625
多址接入,0,0,0,3,0,0,0,3,0.375
分布式编码,0,0,0,2,0,0,0,2,0.25
香农限,0,0,0,2,0,0,0,2,0.25
耦合特性,0,0,0,2,0,0,0,2,0.25
ldpc编码,0,0,0,2,0,0,0,2,0.25
压缩感知,0,0,0,2,0,0,0,2,0.25
低复杂度编译码,1,0,0,1,0,0,0,2,1.125
图像压缩,0,0,0,1,0,0,0,1,0.125
结构化打孔,0,0,0,1,0,0,0,1,0.125
速率匹配,0,0,0,1,0,0,0,1,0.125
低复杂度编码,0,0,0,1,0,0,0,1,0.125
中短码长,0,0,0,1,0,0,0,1,0.125
ldpc码构造,0,0,0,1,0,0,0,1,0.125
理论基础研究,0,0,0,1,0,0,0,1,0.125
空间耦合原,0,0,0,1,0,0,0,1,0.125
物理层安全,0,0,0,1,0,0,0,1,0.125
双向中继信道,0,0,0,1,0,0,0,1,0.125
中继信道,0,0,0,1,0,0,0,1,0.125
动态中继,0,0,0,1,0,0,0,1,0.125
harq,0,0,0,1,0,0,0,1,0.125
速率兼容,0,0,0,1,0,0,0,1,0.125
bms,0,0,0,1,0,0,0,1,0.125
二进制无记忆对称信道,0,0,0,1,0,0,0,1,0.125
数学,0,0,0,1,0,0,0,1,0.125
译码码率,0,0,0,1,0,0,0,1,0.125
awgn信道,0,0,0,1,0,0,0,1,0.125
ier,0,0,0,1,0,0,0,1,0.125
le,0,0,0,1,0,0,0,1,0.125
最优性,0,0,0,1,0,0,0,1,0.125
收敛性,0,0,0,1,0,0,0,1,0.125
ldpc分组码,0,0,0,1,0,0,0,1,0.125
tel,0,0,0,1,0,0,0,1,0.125
初始译码时延,0,0,0,1,0,0,0,1,0.125
译码速度,0,0,0,1,0,0,0,1,0.125
处理器,0,0,0,1,0,0,0,1,0.125
流水线迭代译码算法,0,0,0,1,0,0,0,1,0.125
结构化编码,0,0,0,1,0,0,0,1,0.125
ldpcconvolutionalcode,0,0,0,1,0,0,0,1,0.125
巻积码,0,0,0,1,0,0,0,1,0.125
线性分组码,0,0,0,1,0,0,0,1,0.125
纠错编码,0,0,0,1,0,0,0,1,0.125
香农信道编码定理,0,0,0,1,0,0,0,1,0.125
流水线,0,0,0,1,0,0,0,1,0.125
结构化设,0,0,0,1,0,0,0,1,0.125
ldpc码结构,0,0,0,1,0,0,0,1,0.125
结构模型,0,0,0,1,0,0,0,1,0.125
可构造编码,0,0,0,1,0,0,0,1,0.125
ldpc码比特差错率,0,0,0,0,0,1,0,1,0.24166666666666667
仿真阈值,0,0,0,0,0,1,0,1,0.24166666666666667
实线,0,0,0,0,1,1,0,2,0.48333333333333334
res,0,0,0,0,0,1,0,1,0.24166666666666667
耦合数目,0,0,0,0,0,1,0,1,0.24166666666666667
性能仿真曲线,0,0,0,0,0,1,0,1,0.24166666666666667
残余差错概率,0,0,0,0,1,0,0,1,0.24166666666666667
传递差错概率,0,0,0,0,1,0,0,1,0.24166666666666667
时传递,0,0,0,0,1,0,0,1,0.24166666666666667
tg,0,0,0,0,1,0,0,1,0.24166666666666667
灰色,0,0,0,0,0,2,0,2,0.48333333333333334
矩形,0,0,0,0,0,1,0,1,0.24166666666666667
中子矩阵,0,0,0,1,0,1,0,2,0.3666666666666667
检验节点,0,0,0,0,0,1,0,1,0.24166666666666667
尾变量,0,0,0,0,0,1,0,1,0.24166666666666667
尾变量节点,0,0,0,0,0,1,0,1,0.24166666666666667
子等式,0,0,0,0,0,1,0,1,0.24166666666666667
子序列,0,0,0,0,0,1,0,1,0.24166666666666667
mxm转置矩阵,0,0,0,0,0,1,0,1,0.24166666666666667
重复次数,0,0,0,0,0,1,0,1,0.24166666666666667
二进制空间耦合,0,0,0,1,0,1,0,2,0.3666666666666667
bp阈值反应,0,0,0,0,0,1,0,1,0.24166666666666667
ra尾比特,0,0,0,0,0,5,0,5,1.2083333333333333
尾部节点终止结构,0,0,0,0,0,1,0,1,0.24166666666666667
ra,0,0,0,0,0,1,0,1,0.24166666666666667
ra尾部节点,0,0,0,0,0,1,0,1,0.24166666666666667
累加器,0,0,0,0,0,2,0,2,0.48333333333333334
尾部改进结构,0,0,0,0,0,1,0,1,0.24166666666666667
计算资源,0,0,0,0,0,1,0,1,0.24166666666666667
尾比特比,0,0,0,0,0,1,0,1,0.24166666666666667
耦合个数,0,0,0,0,0,1,0,1,0.24166666666666667
线性等式,0,0,0,0,0,1,0,1,0.24166666666666667
非零,0,0,0,0,0,1,0,1,0.24166666666666667
时间消耗,0,0,0,0,0,3,0,3,0.725
终止方,0,0,0,0,0,1,0,1,0.24166666666666667
时间延时,0,0,0,0,0,1,0,1,0.24166666666666667
累加单元,0,0,0,0,0,1,0,1,0.24166666666666667
线性方程系统,0,0,0,0,0,1,0,1,0.24166666666666667
ra尾比特向量,0,0,0,0,0,1,0,1,0.24166666666666667
空间耦合ldpc码编码,0,0,0,0,0,1,0,1,0.24166666666666667
周期,0,0,0,2,0,0,0,2,0.25
xfi,0,0,0,1,0,0,0,1,0.125
规则,0,0,0,1,0,0,0,1,0.125
汉明距离,0,0,0,1,0,0,0,1,0.125
稀疏性,0,0,0,1,0,0,0,1,0.125
宽度,0,0,0,1,0,0,0,1,0.125
非零对角线,0,0,0,1,0,0,0,1,0.125
译码约束长度,0,0,0,1,0,0,0,1,0.125
记忆,0,0,0,1,0,0,0,1,0.125
网写,0,0,0,1,0,0,0,1,0.125
egf,0,0,0,1,1,0,0,2,0.3666666666666667
整数,0,0,0,0,5,0,0,5,1.2083333333333333
传统子矩阵,0,0,0,0,1,0,0,1,0.24166666666666667
子矩阵结构,0,0,0,0,1,0,0,1,0.24166666666666667
单位转置矩阵,0,0,0,0,1,0,0,1,0.24166666666666667
传统结构,0,0,0,0,1,0,0,1,0.24166666666666667
构造结构,0,0,0,0,1,0,0,1,0.24166666666666667
编码过,0,0,0,0,1,0,0,1,0.24166666666666667
ldpc编码器,0,0,0,0,1,0,0,1,0.24166666666666667
二进制单位矩阵,0,0,0,0,1,0,0,1,0.24166666666666667
奇偶校验子点,0,0,0,0,1,0,0,1,0.24166666666666667
编码序列,0,0,0,0,1,0,0,1,0.24166666666666667
迭代编码过,0,0,0,0,1,0,0,1,0.24166666666666667
置换矩阵,0,0,0,0,1,0,0,1,0.24166666666666667
二进制单位,0,0,0,0,1,0,0,1,0.24166666666666667
校验矩,0,0,0,0,1,0,0,1,0.24166666666666667
h&s,0,0,0,0,1,0,0,1,0.24166666666666667
复制次数,0,0,0,0,1,0,0,1,0.24166666666666667
5G,0,1,0,0,0,0,0,1,2.0
空间耦合LDPC码,0,1,0,0,0,0,0,1,2.0
实用化,0,1,0,0,0,0,0,1,2.0
低复杂度迭代编码,1,0,0,0,0,0,0,1,1.0
低延时终止,1,0,0,0,0,0,0,1,1.0
密度演,1,0,0,0,0,0,0,1,1.0
低复杂度迭代编码算法,1,0,0,0,0,0,0,1,1.0
算复杂度,1,0,0,0,0,0,0,1,1.0
点空间耦合ldpc码,1,0,0,0,0,0,0,1,1.0
移动通信技术,1,0,0,0,0,0,0,1,1.0
移动互联网技术,1,0,0,0,0,0,0,1,1.0
类文明,1,0,0,0,0,0,0,1,1.0
知识,1,0,0,0,0,0,0,1,1.0
4g通信技术,1,0,0,0,0,0,0,1,1.0
商业通信用户,1,0,0,0,0,0,0,1,1.0
移动互联网业务,1,0,0,0,0,0,0,1,1.0
香农容量,1,0,0,0,0,0,0,1,1.0
