,摘要,关键词,第一章,第二章,第三章,第四章,第五章,总词频,加权得分
volte测试,2,0,6,8,2,0,6,24,5.683333333333334
测试,0,0,14,17,21,8,6,66,12.333333333333334
volte测试例,0,0,0,1,1,0,0,2,0.3666666666666667
ttcn,0,0,0,4,0,9,0,13,2.675
测试例,1,1,5,8,6,0,2,23,6.558333333333334
td-lte系统,0,0,0,4,0,0,0,4,0.5
volte测试平台,0,0,0,3,0,0,1,4,0.6166666666666667
sip&sdp技,0,0,0,1,0,0,0,1,0.125
volte网络架构,1,0,1,4,0,0,1,7,1.8666666666666667
模块,0,0,7,7,1,0,0,15,1.9916666666666667
软硬件架构,1,0,0,1,0,0,0,2,1.125
td-lte业务测试仪,0,0,2,4,1,0,0,7,0.9916666666666667
sdp,0,0,0,1,15,3,0,19,4.475
sip,0,0,0,10,1,3,0,14,2.216666666666667
volte架构,0,0,0,1,0,0,0,1,0.125
平台,1,0,7,2,0,1,0,11,2.3666666666666667
开发,0,0,0,1,0,0,0,1,0.125
业务测试系统,0,0,0,3,0,0,0,3,0.375
td.lte,0,0,0,1,0,0,0,1,0.125
prack,0,0,0,1,12,6,0,19,4.475
消息结构,0,0,0,0,0,13,0,13,3.1416666666666666
invite,0,0,0,5,17,11,0,33,7.391666666666667
ue,0,0,0,0,41,10,0,51,12.325
ack,0,0,0,2,4,5,0,11,2.425
视频主叫测试,1,0,2,0,4,3,1,11,3.1833333333333336
tsmanager软件,0,0,0,0,0,3,0,3,0.725
fifej,0,0,0,0,0,1,0,1,0.24166666666666667
storpointtsmanage,0,0,0,0,0,1,0,1,0.24166666666666667
ts_manager软件,0,0,0,0,0,1,0,1,0.24166666666666667
测试点,1,0,3,3,14,4,0,25,6.1
ue会话,0,0,0,0,0,1,0,1,0.24166666666666667
挂机请求,0,0,0,0,1,2,0,3,0.725
proxr,0,0,0,0,0,1,0,1,0.24166666666666667
netwo,0,0,0,0,0,1,0,1,0.24166666666666667
rk,0,0,0,0,0,2,0,2,0.48333333333333334
fppnet,0,0,0,0,0,2,0,2,0.48333333333333334
rnicool,0,0,0,0,0,1,0,1,0.24166666666666667
cootenx,0,0,0,0,0,1,0,1,0.24166666666666667
ebeader,0,0,0,0,0,1,0,1,0.24166666666666667
if,0,0,0,0,0,1,0,1,0.24166666666666667
na-iocaii,0,0,0,0,0,1,0,1,0.24166666666666667
dstpert,0,0,0,0,0,1,0,1,0.24166666666666667
srcfort,0,0,0,0,0,1,0,1,0.24166666666666667
ag,0,0,0,0,0,1,0,1,0.24166666666666667
视频通话,0,0,0,0,6,1,0,7,1.6916666666666667
cs,0,0,0,0,2,8,0,10,2.4166666666666665
最终响应,0,0,0,6,0,1,0,7,0.9916666666666667
prack消息,0,0,0,0,0,1,0,1,0.24166666666666667
prsxy,0,0,0,0,0,1,0,1,0.24166666666666667
警峯峯,0,0,0,0,0,1,0,1,0.24166666666666667
ringing,0,0,0,0,1,1,0,2,0.48333333333333334
update请求,0,0,0,0,0,1,0,1,0.24166666666666667
sdp消息体,0,0,0,2,0,2,0,4,0.7333333333333334
终端,1,0,10,22,36,12,0,81,16.6
progresssession,0,0,0,0,0,1,0,1,0.24166666666666667
ing,0,0,0,0,4,2,0,6,1.45
sessioaids,0,0,0,0,0,1,0,1,0.24166666666666667
ers,0,0,0,0,0,1,0,1,0.24166666666666667
co,0,0,0,0,0,2,0,2,0.48333333333333334
iption,0,0,0,0,0,1,0,1,0.24166666666666667
des,0,0,0,0,0,1,0,1,0.24166666666666667
tc,0,0,0,0,2,1,0,3,0.725
tlon,0,0,0,0,0,1,0,1,0.24166666666666667
dtfscris,0,0,0,0,0,1,0,1,0.24166666666666667
me,0,0,0,0,0,2,0,2,0.48333333333333334
ppnet,0,0,0,0,0,2,0,2,0.48333333333333334
ai,0,0,0,0,0,1,0,1,0.24166666666666667
coate,0,0,0,0,0,1,0,1,0.24166666666666667
line,0,0,0,1,0,1,0,2,0.3666666666666667
sdp请求,0,0,0,0,0,1,0,1,0.24166666666666667
会话请,0,0,0,0,0,1,0,1,0.24166666666666667
调试,0,0,2,1,1,3,2,9,1.825
自动化测试,1,0,1,0,0,4,0,6,2.091666666666667
消息,0,0,1,11,3,2,0,17,2.708333333333333
ims服务,0,0,0,0,5,2,0,7,1.6916666666666667
eutra小区,0,0,0,1,3,2,1,7,1.575
通用流程,0,0,0,0,1,2,0,3,0.725
vblte测试,0,0,0,0,0,1,1,2,0.48333333333333334
volte终端业务,0,0,1,0,0,1,0,2,0.3666666666666667
鉴权算法,0,0,0,0,1,0,0,1,0.24166666666666667
key值,0,0,0,0,1,0,0,1,0.24166666666666667
invalid,0,0,0,0,3,0,0,3,0.725
macparameter,0,0,0,0,2,0,0,2,0.48333333333333334
invalidbehavior,0,0,0,0,1,0,0,1,0.24166666666666667
3gppts,1,0,4,15,12,1,2,35,7.0
信令流程,0,0,2,1,13,0,1,17,3.7583333333333333
注册请,0,0,0,1,1,1,0,3,0.6083333333333334
鉴权测试,1,0,3,0,7,4,1,16,4.275
鉴权测试例,0,0,0,0,2,0,0,2,0.48333333333333334
sessionprogress,0,0,0,0,12,7,0,19,4.591666666666667
messageheader,0,0,0,2,5,5,0,12,2.6666666666666665
ethernet,0,0,0,0,0,3,0,3,0.725
bit,0,0,0,0,0,2,0,2,0.48333333333333334
61,0,0,0,0,0,2,0,2,0.48333333333333334
byte,0,0,0,0,0,2,0,2,0.48333333333333334
re,0,0,0,1,1,2,0,4,0.85
视频,0,0,2,0,11,5,0,18,4.116666666666667
界面,0,0,0,0,0,1,0,1,0.24166666666666667
rrimfilag,0,0,0,0,0,1,0,1,0.24166666666666667
lon,0,0,0,0,0,1,0,1,0.24166666666666667
errina,0,0,0,0,0,1,0,1,0.24166666666666667
os,0,0,0,0,0,1,0,1,0.24166666666666667
rdsstagraa,0,0,0,0,0,1,0,1,0.24166666666666667
cap,0,0,0,0,0,1,0,1,0.24166666666666667
发送,0,0,0,1,0,1,0,2,0.3666666666666667
测试仪,0,0,0,0,1,1,0,2,0.48333333333333334
主叫方,0,0,0,0,0,1,0,1,0.24166666666666667
oi,0,0,0,0,0,1,0,1,0.24166666666666667
scscfs,0,0,0,0,0,1,0,1,0.24166666666666667
pcscf,0,0,0,0,0,3,0,3,0.725
ig,0,0,0,0,0,1,0,1,0.24166666666666667
route,0,0,0,0,0,2,0,2,0.48333333333333334
cord,0,0,0,0,0,2,0,2,0.48333333333333334
tf,0,0,0,1,0,1,0,2,0.3666666666666667
ic,0,0,0,0,0,2,0,2,0.48333333333333334
ut,0,0,0,0,1,1,0,2,0.48333333333333334
会话,0,0,0,10,5,1,0,16,2.7
信令,0,0,0,3,2,2,0,7,1.3416666666666668
xoiify,0,0,0,0,0,1,0,1,0.24166666666666667
蘇汗,0,0,0,0,0,1,0,1,0.24166666666666667
pracflmessac,0,0,0,0,0,1,0,1,0.24166666666666667
itoat2,0,0,0,0,0,1,0,1,0.24166666666666667
iqqrcl,0,0,0,0,0,1,0,1,0.24166666666666667
tor,0,0,0,0,0,1,0,1,0.24166666666666667
slp-ioud,0,0,0,0,0,1,0,1,0.24166666666666667
3gppn,0,0,0,0,0,1,0,1,0.24166666666666667
publl,0,0,0,0,0,1,0,1,0.24166666666666667
sipifeer,0,0,0,0,0,1,0,1,0.24166666666666667
iy,0,0,0,0,0,1,0,1,0.24166666666666667
tent,0,0,0,0,0,1,0,1,0.24166666666666667
ti,0,0,0,0,0,1,0,1,0.24166666666666667
sessioninitiation,0,0,0,1,0,2,0,3,0.6083333333333334
ostport,0,0,0,0,0,1,0,1,0.24166666666666667
srcport,0,0,0,0,0,1,0,1,0.24166666666666667
securitypayzsd,0,0,0,0,0,1,0,1,0.24166666666666667
internetprotocol,0,0,0,0,0,1,0,1,0.24166666666666667
teacspturttd,0,0,0,0,0,1,0,1,0.24166666666666667
esoowire,0,0,0,0,0,1,0,1,0.24166666666666667
pwocojin,0,0,0,0,0,1,0,1,0.24166666666666667
es,0,0,0,0,0,1,0,1,0.24166666666666667
vr,0,0,0,0,0,2,0,2,0.48333333333333334
cseq,0,0,0,1,0,8,0,9,2.0583333333333336
资源,0,0,0,0,4,1,0,5,1.2083333333333333
not,0,0,0,0,0,1,0,1,0.24166666666666667
ovdps,0,0,0,0,0,1,0,1,0.24166666666666667
ppnetwoxk,0,0,0,0,0,1,0,1,0.24166666666666667
te,0,0,0,0,1,2,0,3,0.725
in,0,0,0,0,0,2,0,2,0.48333333333333334
pvblicts,0,0,0,0,0,1,0,1,0.24166666666666667
erue,0,0,0,0,0,1,0,1,0.24166666666666667
tocol,0,0,0,2,0,1,0,3,0.4916666666666667
sesaiofiinitlatioop,0,0,0,0,0,1,0,1,0.24166666666666667
userdatajrikaprotocol,0,0,0,0,0,1,0,1,0.24166666666666667
securitypayload,0,0,0,0,0,1,0,1,0.24166666666666667
internetprotoeol,0,0,0,0,0,1,0,1,0.24166666666666667
60,0,0,0,0,0,1,0,1,0.24166666666666667
pt,0,0,0,0,0,1,0,1,0.24166666666666667
fracssip,0,0,0,0,0,1,0,1,0.24166666666666667
scfstax,0,0,0,0,0,1,0,1,0.24166666666666667
ss,0,0,0,1,1,1,0,3,0.6083333333333334
naiyte,0,0,0,0,0,1,0,1,0.24166666666666667
wififshark,0,0,0,0,0,1,0,1,0.24166666666666667
响应,0,0,0,4,3,4,0,11,2.1916666666666664
prackccse,0,0,0,0,0,1,0,1,0.24166666666666667
消息结构图,0,0,0,0,0,5,0,5,1.2083333333333333
虹5,0,0,0,0,0,1,0,1,0.24166666666666667
情密整芯霧,0,0,0,0,0,1,0,1,0.24166666666666667
溢峰,0,0,0,0,0,1,0,1,0.24166666666666667
jwe,0,0,0,0,0,1,0,1,0.24166666666666667
杉拓,0,0,0,0,0,1,0,1,0.24166666666666667
孕膈,0,0,0,0,0,1,0,1,0.24166666666666667
capflg,0,0,0,0,0,1,0,1,0.24166666666666667
可选信令,0,0,0,0,0,2,0,2,0.48333333333333334
100trying,0,0,0,0,0,1,0,1,0.24166666666666667
测试例流程,0,0,0,0,0,2,0,2,0.48333333333333334
被叫测试,0,0,0,0,2,1,0,3,0.725
视频被叫测试,1,0,1,0,3,1,0,6,2.091666666666667
请求,0,0,0,10,0,0,0,10,1.25
sip协议,0,0,0,10,0,1,0,11,1.4916666666666667
响应消息,0,0,0,9,0,0,0,9,1.125
服务器,0,0,0,7,0,0,0,7,0.875
客户端,0,0,0,5,1,0,0,6,0.8666666666666667
请求消息,0,0,0,5,0,0,0,5,0.625
sdp协议,0,0,0,5,0,0,0,5,0.625
临时响应,0,0,0,4,2,0,0,6,0.9833333333333334
sip消息,0,0,0,9,1,0,0,10,1.3666666666666667
会话描述,0,0,0,3,0,0,0,3,0.375
实体头,0,0,0,3,0,0,0,3,0.375
register,0,0,0,3,17,3,0,23,5.208333333333333
method,0,0,0,3,0,0,0,3,0.375
请求行,0,0,0,3,0,0,0,3,0.375
起始行,0,0,0,3,0,0,0,3,0.375
事件,0,0,0,3,0,0,0,3,0.375
rfc32,0,0,0,3,0,0,0,3,0.375
业务,0,0,0,5,1,0,0,6,0.8666666666666667
white-space,0,0,0,2,0,0,0,2,0.25
带宽信息,0,0,0,2,0,0,0,2,0.25
连接信息,0,0,0,2,0,0,0,2,0.25
媒体描述,0,0,0,2,0,0,0,2,0.25
sip消息体,0,0,0,2,0,0,0,2,0.25
接收者,0,0,0,2,0,0,0,2,0.25
call-id,0,0,0,2,0,0,0,2,0.25
sip消息头,0,0,0,2,0,0,0,2,0.25
状态码,0,0,0,2,0,0,0,2,0.25
sip-version,0,0,0,2,0,0,0,2,0.25
uri,0,0,0,2,0,0,0,2,0.25
sdp消息,0,0,0,2,2,1,0,5,0.975
消息体,0,0,0,2,2,0,0,4,0.7333333333333334
消息头,0,0,0,2,4,0,0,6,1.2166666666666668
状态行,0,0,0,2,0,0,0,2,0.25
sip事务,0,0,0,2,0,0,0,2,0.25
cancel,0,0,0,2,0,0,0,2,0.25
32,0,0,0,2,0,0,0,2,0.25
sip请求消息,0,0,0,2,0,0,0,2,0.25
volte,2,0,8,4,5,0,4,23,5.675
ims,0,0,1,8,32,1,1,43,9.341666666666667
网络,0,0,2,2,0,0,0,4,0.5
http协议,0,0,0,2,0,0,0,2,0.25
通信,0,0,0,5,0,1,0,6,0.8666666666666667
3gpp,0,0,2,10,5,2,2,21,3.675
新流程,0,0,0,1,0,0,0,1,0.125
新技术,0,0,0,1,0,0,0,1,0.125
volte新网络架构,0,0,0,1,0,0,0,1,0.125
响应状态码,0,0,0,1,0,0,0,1,0.125
sip协议版本,0,0,0,1,0,0,0,1,0.125
uri协议,0,0,0,1,0,0,0,1,0.125
invite请求对,0,0,0,1,0,0,0,1,0.125
请求名称,0,0,0,1,0,0,0,1,0.125
媒体属性,0,0,0,1,0,0,0,1,0.125
加密密钥,0,0,0,1,0,0,0,1,0.125
媒体名称,0,0,0,1,0,0,0,1,0.125
会话级,0,0,0,1,0,0,0,1,0.125
传送地址,0,0,0,1,0,0,0,1,0.125
媒体名,0,0,0,1,0,0,0,1,0.125
会话属性,0,0,0,1,0,0,0,1,0.125
密钥,0,0,0,1,0,0,0,1,0.125
时区调整,0,0,0,1,0,0,0,1,0.125
email地址,0,0,0,1,0,0,0,1,0.125
电话号码,0,0,0,1,2,0,0,3,0.6083333333333334
会话标识符,0,0,0,1,0,0,0,1,0.125
会话拥,0,0,0,1,0,0,0,1,0.125
会话信息,0,0,0,1,0,0,0,1,0.125
会话名称,0,0,0,1,0,0,0,1,0.125
sdp属性,0,0,0,1,0,0,0,1,0.125
media-level,0,0,0,1,0,0,0,1,0.125
session-level,0,0,0,1,0,0,0,1,0.125
sessiondescription,0,0,0,1,0,0,0,1,0.125
网关,0,0,0,3,0,0,0,3,0.375
代理,0,0,0,1,0,0,0,1,0.125
max-forwards,0,0,0,1,0,0,0,1,0.125
字节,0,0,0,1,0,1,0,2,0.3666666666666667
有效载荷,0,0,0,1,0,0,0,1,0.125
媒体类型,0,0,0,1,0,0,0,1,0.125
时间,0,0,0,2,1,0,0,3,0.4916666666666667
编号,0,0,0,1,0,0,0,1,0.125
register请,0,0,0,1,2,0,0,3,0.6083333333333334
消息内容,0,0,0,1,0,0,0,1,0.125
ack请求,0,0,0,1,0,0,0,1,0.125
地址,0,0,0,1,1,0,0,2,0.3666666666666667
用户代理,0,0,0,1,0,0,0,1,0.125
路径,0,0,0,2,0,0,0,2,0.25
指示请求,0,0,0,1,0,0,0,1,0.125
通用头域,0,0,0,1,0,0,0,1,0.125
sip信令,0,0,0,2,6,0,0,8,1.7
标示符,0,0,0,1,0,0,0,1,0.125
entityheader,0,0,0,1,0,0,0,1,0.125
responseheader,0,0,0,1,0,0,0,1,0.125
响应头,0,0,0,1,0,0,0,1,0.125
requestheader,0,0,0,1,0,0,0,1,0.125
请求头,0,0,0,1,0,0,0,1,0.125
generalheader,0,0,0,1,0,0,0,1,0.125
通用头,0,0,0,1,0,0,0,1,0.125
头字段,0,0,0,1,0,0,0,1,0.125
基本信息,0,0,0,1,0,0,0,1,0.125
换行符,0,0,0,1,0,0,0,1,0.125
响应行,0,0,0,1,0,0,0,1,0.125
原因短语,0,0,0,1,0,0,0,1,0.125
reason-phrase,0,0,0,1,0,0,0,1,0.125
执行,0,0,0,1,0,0,0,1,0.125
十进制数,0,0,0,1,0,0,0,1,0.125
status-code,0,0,0,1,0,0,0,1,0.125
status-line,0,0,0,1,0,0,0,1,0.125
换行键,0,0,0,1,0,0,0,1,0.125
控制符,0,0,0,1,0,0,0,1,0.125
空格,0,0,0,1,0,0,0,1,0.125
request-url,0,0,0,1,0,0,0,1,0.125
用户地址,0,0,0,1,0,0,0,1,0.125
状态,0,0,0,1,0,0,0,1,0.125
始行,0,0,0,1,0,0,0,1,0.125
属性,0,0,0,1,0,0,0,1,0.125
messagebody,0,0,0,1,0,0,0,1,0.125
消息格式,0,0,0,1,0,0,0,1,0.125
文本协议,0,0,0,1,0,0,0,1,0.125
编码,0,0,0,1,1,1,0,3,0.6083333333333334
字符集,0,0,0,1,0,0,0,1,0.125
utf-8,0,0,0,1,0,0,0,1,0.125
全局错误,0,0,0,1,0,0,0,1,0.125
服务端,0,0,0,1,2,0,0,3,0.6083333333333334
重定向错误,0,0,0,1,0,0,0,1,0.125
sip响应消息,0,0,0,1,0,0,0,1,0.125
sip响应,0,0,0,1,0,0,0,1,0.125
http响应代码,0,0,0,1,0,0,0,1,0.125
sip响应代码,0,0,0,1,0,0,0,1,0.125
数字响应代码,0,0,0,1,0,0,0,1,0.125
48,0,0,0,1,0,0,0,1,0.125
即时消息,0,0,0,1,0,0,0,1,0.125
收件,0,0,0,1,0,0,0,1,0.125
fer,0,0,0,1,0,0,0,1,0.125
rfc6086,0,0,0,1,0,0,0,1,0.125
会话状态,0,0,0,1,0,0,0,1,0.125
会话消息,0,0,0,1,0,0,0,1,0.125
publish,0,0,0,1,0,0,0,1,0.125
rfc3311,0,0,0,1,0,0,0,1,0.125
对话状态,0,0,0,1,0,0,0,1,0.125
订阅,0,0,0,1,0,0,0,1,0.125
notify,0,0,0,1,1,0,0,2,0.3666666666666667
rfc3261,0,0,0,1,0,0,0,1,0.125
被叫,0,0,0,1,0,0,0,1,0.125
主叫,0,0,0,1,0,0,0,1,0.125
呼叫,0,0,0,1,5,0,0,6,1.3333333333333333
终端终止,0,0,0,1,0,0,0,1,0.125
bye,0,0,0,1,0,0,0,1,0.125
sip服务器,0,0,0,2,0,0,0,2,0.25
ster,0,0,0,1,2,0,0,3,0.6083333333333334
rf,0,0,0,1,0,0,0,1,0.125
invite请求,0,0,0,1,3,0,0,4,0.85
定义,0,0,0,1,0,0,0,1,0.125
server,0,0,0,1,2,0,0,3,0.6083333333333334
client,0,0,0,1,0,0,0,1,0.125
sip协议技,0,0,0,1,0,0,0,1,0.125
承载体,0,0,0,1,0,0,0,1,0.125
mme,0,0,0,4,0,0,0,4,0.5
移动性管理实体,0,0,0,3,0,0,0,3,0.375
信令控制,0,0,0,1,0,0,0,1,0.125
核心网,0,0,0,4,8,0,0,12,2.4333333333333336
volte信令,0,0,0,1,0,0,0,1,0.125
开放,0,0,0,1,0,0,0,1,0.125
可扩展特性,0,0,0,1,0,0,0,1,0.125
互操作性,0,0,0,1,0,0,0,1,0.125
ip,0,0,0,3,9,1,0,13,2.7916666666666665
单播,0,0,0,1,0,0,0,1,0.125
混合组播,0,0,0,1,0,0,0,1,0.125
multicast,0,0,0,1,0,0,0,1,0.125
组播,0,0,0,1,0,0,0,1,0.125
unicast,0,0,0,1,0,0,0,1,0.125
网状单播,0,0,0,1,0,0,0,1,0.125
多媒体分发,0,0,0,1,0,0,0,1,0.125
internet多媒体会议,0,0,0,1,0,0,0,1,0.125
ip电话,0,0,0,1,0,0,0,1,0.125
信令控制协议,0,0,0,1,0,0,0,1,0.125
用层,0,0,0,1,0,0,0,1,0.125
互联网行业,0,0,0,1,0,0,0,1,0.125
时延抖动,0,0,0,1,0,0,0,1,0.125
资源开销,0,0,0,1,0,0,0,1,0.125
控制信道,0,0,0,1,0,0,0,1,0.125
sps半持续调度,0,0,0,1,0,0,0,1,0.125
传输效率,0,0,0,1,0,0,0,1,0.125
ip头,0,0,0,1,0,0,0,1,0.125
头报压缩技术,0,0,0,1,0,0,0,1,0.125
健壮性,0,0,0,1,0,0,0,1,0.125
rohc,0,0,0,1,0,0,0,1,0.125
柔和性,0,0,0,1,0,0,0,1,0.125
清新度,0,0,0,1,0,0,0,1,0.125
语音,0,0,0,2,3,0,0,5,0.975
amr-wb编码技术,0,0,0,1,0,0,0,1,0.125
volte业务,0,0,0,1,2,0,0,3,0.6083333333333334
gcf,0,0,1,0,0,1,0,2,0.3666666666666667
协议分析软件,0,0,0,0,0,1,0,1,0.24166666666666667
厂商,0,0,0,0,0,1,0,1,0.24166666666666667
视频主叫测,0,0,0,0,0,1,0,1,0.24166666666666667
语音被叫测试,1,0,4,0,5,4,0,14,3.675
自动化测,0,0,0,0,0,1,0,1,0.24166666666666667
手动执行,0,0,0,0,0,1,0,1,0.24166666666666667
自动化,0,0,0,0,0,1,0,1,0.24166666666666667
wireshark,0,0,0,3,0,1,1,5,0.8583333333333334
注册成功测试,0,0,0,0,0,1,0,1,0.24166666666666667
lte注册,0,0,0,0,1,1,0,2,0.48333333333333334
ipsec模块,0,0,1,4,0,0,0,5,0.625
适配层,0,0,0,7,0,2,0,9,1.3583333333333334
ptc,0,0,0,4,27,1,0,32,7.266666666666667
drb-mux模块,0,0,0,3,0,0,0,3,0.375
iptransmit模块,0,0,1,3,0,0,0,4,0.5
ip数据,0,0,0,3,0,0,0,3,0.375
filter,0,0,0,2,0,0,0,2,0.25
mux,0,0,0,2,0,0,0,2,0.25
drb-mux,0,0,0,2,0,0,0,2,0.25
模拟器,0,0,0,3,0,0,0,3,0.375
解密,0,0,0,2,1,0,0,3,0.4916666666666667
ip包,0,0,0,3,0,0,0,3,0.375
子模块,0,0,3,2,0,0,0,5,0.625
转发,0,0,0,2,0,0,0,2,0.25
ttcn-3格式消息,0,0,0,2,0,0,0,2,0.25
srvccprocessor,0,0,0,2,0,0,0,2,0.25
ttcn-3,1,0,3,16,7,0,3,30,5.791666666666666
eutra,0,0,0,2,24,1,0,27,6.291666666666667
测试例模块,0,0,0,2,0,0,0,2,0.25
eutra_ptc模块,0,0,0,2,0,0,0,2,0.25
ipsec加密,0,0,0,1,0,0,0,1,0.125
iptransmit转发,0,0,0,1,0,0,0,1,0.125
sip消息格,0,0,0,1,0,0,0,1,0.125
sipcodec,0,0,0,1,0,0,0,1,0.125
utra,0,0,0,1,0,0,0,1,0.125
ptco,0,0,0,1,0,0,0,1,0.125
sip解码,0,0,0,1,0,0,0,1,0.125
sipcodec模块,0,0,0,1,0,0,0,1,0.125
上行消息,0,0,0,1,0,0,0,1,0.125
功能模块,0,0,0,2,0,0,0,2,0.25
eutra_ptc,0,0,1,1,11,0,0,13,2.908333333333333
信令消息,0,0,0,2,0,0,0,2,0.25
rrc层,0,0,0,2,3,0,0,5,0.975
ip_ptc,0,0,0,1,4,0,0,5,1.0916666666666668
ipsec,0,0,0,1,0,0,0,1,0.125
路由配置信息,0,0,0,1,0,0,0,1,0.125
上行数据,0,0,0,1,0,0,0,1,0.125
数据分发,0,0,0,1,0,0,0,1,0.125
认证头,0,0,0,1,0,0,0,1,0.125
authenticationheader,0,0,0,1,0,0,0,1,0.125
传输模式,0,0,0,1,0,0,0,1,0.125
协议头处理,0,0,0,1,0,0,0,1,0.125
封装安全载荷,0,0,0,1,0,0,0,1,0.125
encapsulatingsecuritypay,0,0,0,1,0,0,0,1,0.125
因特网密钥交换,0,0,0,1,0,0,0,1,0.125
internetkeyexchange,0,0,0,1,0,0,0,1,0.125
ike,0,0,0,1,0,0,0,1,0.125
解封装,0,0,0,1,0,0,0,1,0.125
封装,0,0,0,1,0,0,0,1,0.125
ipsecurity,0,0,0,1,0,0,0,1,0.125
加密,0,0,0,1,2,0,0,3,0.6083333333333334
mux/filter,0,0,0,1,0,0,0,1,0.125
iptransmit,0,0,0,1,0,0,0,1,0.125
通话业务,0,0,0,1,0,0,0,1,0.125
分组域数据,0,0,0,1,0,0,0,1,0.125
gsm,0,0,0,1,0,0,0,1,0.125
wcdma,0,0,0,1,0,0,0,1,0.125
eutran,0,0,0,1,0,0,0,1,0.125
ttcn-3脚本,0,0,0,1,0,0,0,1,0.125
ttcn-3消息,0,0,0,1,0,0,0,1,0.125
sip解码模块,0,0,0,1,0,0,0,1,0.125
sip编码模块,0,0,0,1,0,0,0,1,0.125
sip格式消息,0,0,0,1,0,0,0,1,0.125
sip编解码模块,0,0,1,1,0,1,0,3,0.4916666666666667
rcsser,0,0,0,1,0,0,0,1,0.125
sipcode,0,0,0,1,0,0,0,1,0.125
rcsserver模块,0,0,0,1,0,0,0,1,0.125
srvccprocessor模块,0,0,0,1,0,0,0,1,0.125
vblteprocessor模块,0,0,0,1,0,0,0,1,0.125
基本功能实体,0,0,0,1,0,0,0,1,0.125
虚线,0,0,0,1,0,0,0,1,0.125
sip消息编解码模块,0,0,0,1,0,0,0,1,0.125
mux/filter模块,0,0,1,1,0,0,0,2,0.25
参数,0,0,1,4,13,3,2,23,4.975
ims模块,0,0,0,1,0,0,0,1,0.125
模拟接入网,0,0,0,1,0,0,0,1,0.125
systemadaptor,0,0,0,1,0,0,0,1,0.125
ip_ptc模块,0,0,1,1,0,0,0,2,0.25
数据传输,0,0,0,1,0,0,0,1,0.125
参数配置,0,0,0,2,0,0,0,2,0.25
底层协议栈,0,0,0,1,0,0,0,1,0.125
接口,0,0,3,5,0,0,0,8,1.0
测试系统,0,0,0,5,0,0,0,5,0.625
高层协议栈,0,0,0,2,3,0,0,5,0.975
v6lte网络系统,0,0,0,1,0,0,0,1,0.125
参数配,0,0,0,1,0,0,0,1,0.125
底层协议栈模块,0,0,0,1,0,0,0,1,0.125
接口模块,0,0,0,1,0,0,0,1,0.125
例模块,0,0,0,1,0,0,0,1,0.125
一致性功能模块,0,0,0,1,0,0,0,1,0.125
协议,1,0,5,9,1,0,1,17,3.2333333333333334
一致性测试,0,0,5,6,0,0,1,12,1.6166666666666667
volte终端协议,0,0,0,1,0,0,0,1,0.125
功能,0,0,0,1,0,0,0,1,0.125
部件,0,0,0,1,0,0,0,1,0.125
一致性测试平台模块,0,0,0,1,0,0,0,1,0.125
volte协议,0,0,1,1,0,0,1,3,0.4916666666666667
软件架构,0,0,3,3,0,0,0,6,0.75
td-lte平台,0,0,1,1,0,0,2,4,0.7333333333333334
基带处理单元,0,0,0,6,0,0,0,6,0.75
硬件架构,0,0,0,6,0,0,0,6,0.75
射频单元,0,0,0,5,0,0,0,5,0.625
物理层,0,0,0,10,0,0,0,10,1.25
控制计算机,0,0,0,8,0,0,0,8,1.0
基带信号,0,0,0,2,0,0,0,2,0.25
驱动软件,0,0,0,2,0,0,0,2,0.25
数据,0,0,0,5,0,1,0,6,0.8666666666666667
模数转换器,0,0,0,2,0,0,0,2,0.25
上行链路,0,0,0,2,4,0,0,6,1.2166666666666668
dsp模块,0,0,0,2,0,0,0,2,0.25
fpga模块,0,0,0,2,0,0,0,2,0.25
模数转换模块,0,0,0,2,0,0,0,2,0.25
数模,0,0,0,2,0,0,0,2,0.25
时钟输出端口,0,0,0,2,0,0,0,2,0.25
主控制器,0,0,0,2,0,0,0,2,0.25
gpib控制卡,0,0,0,2,0,0,0,2,0.25
终端业务测试仪,0,0,0,2,0,0,0,2,0.25
lvds线,0,0,0,1,0,0,0,1,0.125
下变频,0,0,0,1,0,0,0,1,0.125
采集,0,0,0,1,0,0,0,1,0.125
终端射频信号,0,0,0,1,0,0,0,1,0.125
射频端口,0,0,0,1,0,0,0,1,0.125
射频,0,0,0,1,0,0,0,1,0.125
上变频,0,0,0,1,0,0,0,1,0.125
中频信号,0,0,0,1,0,0,0,1,0.125
接收基带处理单元,0,0,0,1,0,0,0,1,0.125
下行线路,0,0,0,1,0,0,0,1,0.125
时钟源,0,0,0,1,0,0,0,1,0.125
数据转发,0,0,0,2,0,0,0,2,0.25
授权控制,0,0,0,1,0,0,0,1,0.125
硬件,0,0,0,1,2,0,0,3,0.6083333333333334
主控,0,0,0,1,0,0,0,1,0.125
模拟信号,0,0,0,1,0,0,0,1,0.125
dsp,0,0,0,1,0,1,0,2,0.3666666666666667
下行链路,0,0,0,1,3,0,0,4,0.85
协议栈,0,0,0,1,1,0,0,2,0.3666666666666667
取样,0,0,0,1,0,0,0,1,0.125
数字信号,0,0,0,1,0,0,0,1,0.125
射频信号,0,0,0,1,0,0,0,1,0.125
triggerin/out接口,0,0,0,1,0,0,0,1,0.125
数据通路,0,0,0,1,0,0,0,1,0.125
中断,0,0,0,1,0,0,0,1,0.125
数据链路层软件,0,0,0,1,0,0,0,1,0.125
底层协议,0,0,0,1,0,0,0,1,0.125
数字模拟,0,0,0,1,0,0,0,1,0.125
信号,0,0,0,1,0,0,0,1,0.125
bbu,0,0,0,1,0,0,0,1,0.125
gpib接口,0,0,0,1,0,0,0,1,0.125
10ms,0,0,0,1,0,0,0,1,0.125
射频发射接收,0,0,0,1,0,0,0,1,0.125
外接显示器,0,0,0,1,0,0,0,1,0.125
键盘,0,0,0,1,0,0,0,1,0.125
鼠标,0,0,0,1,0,0,0,1,0.125
外部设备,0,0,0,1,0,0,0,1,0.125
pxi总线背板,0,0,0,1,0,0,0,1,0.125
主控制器单元,0,0,0,1,0,0,0,1,0.125
总线,0,0,0,1,0,0,0,1,0.125
forinstrument,0,0,0,1,0,0,0,1,0.125
pxkpciextension,0,0,0,1,0,0,0,1,0.125
log分析软件,0,0,0,5,0,0,0,5,0.625
测试套软件,0,0,0,3,0,0,0,3,0.375
系统管理软件,0,0,0,6,0,0,0,6,0.75
windowspc机,0,0,0,1,0,0,0,1,0.125
td-lte,0,0,0,2,1,0,1,4,0.7333333333333334
互联,0,0,0,1,0,0,0,1,0.125
交换机,0,0,0,1,0,0,0,1,0.125
双表级联,0,0,0,1,0,0,0,1,0.125
td-ltess,0,0,0,3,0,0,0,3,0.375
挂机,0,0,0,0,13,2,0,15,3.625
视频寻呼,0,0,0,0,2,0,0,2,0.48333333333333334
待机,0,0,0,0,8,0,0,8,1.9333333333333333
mtmtsivideocall测试,0,0,0,0,1,0,0,1,0.24166666666666667
视频会话,0,0,0,0,1,0,0,1,0.24166666666666667
媒体,0,0,0,0,1,0,0,1,0.24166666666666667
sdp消息交互,0,0,0,0,1,0,0,1,0.24166666666666667
sip协议信令交换,0,0,0,0,1,0,0,1,0.24166666666666667
视频主叫,0,0,0,0,3,0,0,3,0.725
uicc,0,0,0,0,6,0,0,6,1.45
ims安全,0,0,0,0,3,0,0,3,0.725
akav1-md5,0,0,0,0,4,0,0,4,0.9666666666666667
共享秘钥,0,0,0,0,3,0,0,3,0.725
imsaka算法,0,0,0,0,4,0,0,4,0.9666666666666667
impi,0,0,0,0,5,0,0,5,1.2083333333333333
私有用户身份,0,0,0,0,4,0,0,4,0.9666666666666667
ims服,0,0,0,0,2,0,0,2,0.48333333333333334
p-cscf,0,0,0,1,3,0,0,4,0.85
usim,0,0,0,0,5,0,0,5,1.2083333333333333
usim应用,0,0,0,0,3,0,0,3,0.725
isim应用,0,0,0,0,2,0,0,2,0.48333333333333334
sim应用,0,0,0,0,2,0,0,2,0.48333333333333334
resentpacket,0,0,0,0,0,4,0,4,0.9666666666666667
ip地址,0,0,0,1,0,3,0,4,0.85
lic,0,0,0,0,0,2,0,2,0.48333333333333334
to,0,0,0,1,0,3,0,4,0.85
pp,0,0,0,0,1,2,0,3,0.725
sc,0,0,0,0,0,2,0,2,0.48333333333333334
字段,0,0,0,0,0,2,0,2,0.48333333333333334
ec,0,0,0,0,0,2,0,2,0.48333333333333334
tr仪,0,0,0,0,0,1,0,1,0.24166666666666667
sccgoi,0,0,0,0,0,1,0,1,0.24166666666666667
sncoci,0,0,0,0,0,1,0,1,0.24166666666666667
resestpacket,0,0,0,0,0,1,0,1,0.24166666666666667
ixfo,0,0,0,0,0,1,0,1,0.24166666666666667
ioore,0,0,0,0,0,1,0,1,0.24166666666666667
cell,0,0,0,0,1,1,0,2,0.48333333333333334
an,0,0,0,0,0,1,0,1,0.24166666666666667
p-access-net,0,0,0,0,0,1,0,1,0.24166666666666667
tt,0,0,0,0,0,1,0,1,0.24166666666666667
or,0,0,0,0,0,2,0,2,0.48333333333333334
tersfisc,0,0,0,0,0,1,0,1,0.24166666666666667
臨岫海萨,0,0,0,0,0,1,0,1,0.24166666666666667
180ringing,0,0,0,0,0,1,0,1,0.24166666666666667
idthinfsrsation,0,0,0,0,0,1,0,1,0.24166666666666667
ess,0,0,0,0,0,1,0,1,0.24166666666666667
nacseands,0,0,0,0,0,1,0,1,0.24166666666666667
lio,0,0,0,0,0,1,0,1,0.24166666666666667
description,0,0,0,0,0,1,0,1,0.24166666666666667
vpj,0,0,0,0,0,1,0,1,0.24166666666666667
fublicts,0,0,0,0,0,1,0,1,0.24166666666666667
er,0,0,0,0,0,1,0,1,0.24166666666666667
et,0,0,0,0,0,1,0,1,0.24166666666666667
标志测试点,0,0,0,0,0,1,0,1,0.24166666666666667
p-acces,0,0,0,0,0,1,0,1,0.24166666666666667
stfi,0,0,0,0,0,1,0,1,0.24166666666666667
oc,0,0,0,0,0,1,0,1,0.24166666666666667
rt,0,0,0,0,0,1,0,1,0.24166666666666667
src,0,0,0,0,0,1,0,1,0.24166666666666667
col,0,0,0,0,0,1,0,1,0.24166666666666667
rdaturaspro,0,0,0,0,0,1,0,1,0.24166666666666667
ity,0,0,0,0,0,1,0,1,0.24166666666666667
encapsula,0,0,0,0,0,1,0,1,0.24166666666666667
mj-cell,0,0,0,0,0,1,0,1,0.24166666666666667
p-access,0,0,0,0,0,1,0,1,0.24166666666666667
ps,0,0,0,0,0,1,0,1,0.24166666666666667
network,0,0,0,0,0,1,0,1,0.24166666666666667
nie,0,0,0,0,0,1,0,1,0.24166666666666667
cutsetparasse,0,0,0,0,0,1,0,1,0.24166666666666667
paraseter,0,0,0,0,0,1,0,1,0.24166666666666667
si,0,0,0,0,0,1,0,1,0.24166666666666667
sa,0,0,0,0,0,1,0,1,0.24166666666666667
xstatus-line,0,0,0,0,0,1,0,1,0.24166666666666667
sdp回复,0,0,0,0,1,1,0,2,0.48333333333333334
3gppnetwork,0,0,0,0,0,2,0,2,0.48333333333333334
mccoo,0,0,0,0,0,1,0,1,0.24166666666666667
stfl60,0,0,0,0,0,1,0,1,0.24166666666666667
peerue,0,0,0,0,0,1,0,1,0.24166666666666667
密云xh心tt,0,0,0,0,0,1,0,1,0.24166666666666667
3gpf,0,0,0,0,0,1,0,1,0.24166666666666667
meoql,0,0,0,0,0,1,0,1,0.24166666666666667
sacs,0,0,0,0,0,1,0,1,0.24166666666666667
orl,0,0,0,0,0,1,0,1,0.24166666666666667
pn,0,0,0,0,0,1,0,1,0.24166666666666667
hs,0,0,0,0,0,1,0,1,0.24166666666666667
臟擊滤族,0,0,0,0,0,1,0,1,0.24166666666666667
絃嬴感纹鹼,0,0,0,0,0,1,0,1,0.24166666666666667
tocis,0,0,0,0,0,1,0,1,0.24166666666666667
流程,0,0,0,0,7,0,0,7,1.6916666666666667
接入网,0,0,0,2,4,0,0,6,1.2166666666666668
ims注册,0,0,0,0,3,0,0,3,0.725
会话释放,0,0,0,0,1,0,0,1,0.24166666666666667
lte,0,0,2,0,1,0,0,3,0.4916666666666667
volte会话,0,0,0,0,1,0,0,1,0.24166666666666667
volte终端,0,0,0,0,1,0,1,2,0.48333333333333334
volte服务,0,0,0,0,1,0,0,1,0.24166666666666667
底层平台,0,0,0,0,1,0,1,2,0.48333333333333334
1volte测试,0,0,0,0,1,0,0,1,0.24166666666666667
测试平台,0,0,4,4,0,0,1,9,1.2416666666666667
gcf认证,0,0,3,1,1,0,1,6,0.9833333333333334
代码,0,0,2,2,1,2,1,8,1.4666666666666668
跑通,0,0,0,1,0,0,0,1,0.125
主流终端,0,0,0,1,0,0,0,1,0.125
一致性,0,0,5,1,0,0,0,6,0.75
测试例代码,0,0,0,2,0,0,0,2,0.25
代码开发,0,0,0,1,0,0,0,1,0.125
流程定义域,0,0,0,1,0,0,0,1,0.125
vblte系统,0,0,0,1,0,0,0,1,0.125
终端协议,0,0,1,1,0,0,0,2,0.25
rrc层框架流程,0,0,0,1,0,0,0,1,0.125
射频规范,0,0,0,1,0,0,0,1,0.125
接口规范,0,0,0,1,0,0,0,1,0.125
数据链路层,0,0,0,7,0,0,0,7,0.875
pts,0,0,1,1,0,0,0,2,0.25
系统,0,0,0,3,0,1,0,4,0.6166666666666667
vblte,0,0,0,2,0,0,0,2,0.25
平台代码,0,0,0,1,0,0,0,1,0.125
一致性核对,0,0,0,1,0,0,0,1,0.125
测试例协议,0,0,0,1,0,0,0,1,0.125
代码调试,0,0,0,1,0,0,0,1,0.125
发代码,0,0,0,1,0,0,0,1,0.125
升级,0,0,0,1,0,0,0,1,0.125
3gpp协议,1,0,2,3,0,0,2,8,2.1083333333333334
产品室,0,0,0,1,0,0,0,1,0.125
函数,0,0,2,0,22,0,0,24,5.566666666666666
security,0,0,0,0,5,0,0,5,1.2083333333333333
ipcan,0,0,0,0,15,0,0,15,3.625
mtc,0,0,0,0,13,0,0,13,3.1416666666666666
mo,0,0,0,0,4,0,0,4,0.9666666666666667
postamble,0,0,0,0,4,0,0,4,0.9666666666666667
clientparams,0,0,0,0,2,0,0,2,0.48333333333333334
路由信息,0,0,0,0,2,0,0,2,0.48333333333333334
函数口,0,0,0,0,3,0,0,3,0.725
ientparams,0,0,0,0,2,0,0,2,0.48333333333333334
routing,0,0,0,0,2,0,0,2,0.48333333333333334
register请求,0,0,0,0,2,0,0,2,0.48333333333333334
guardtimer,0,0,0,0,6,0,0,6,1.45
ms,0,0,0,0,7,0,0,7,1.6916666666666667
签权测试,0,0,0,0,1,0,0,1,0.24166666666666667
sip消息类型,0,0,0,0,1,0,0,1,0.24166666666666667
unauthorizedm,0,0,0,0,1,0,0,1,0.24166666666666667
文件,0,0,0,0,1,0,0,1,0.24166666666666667
unauthorize,0,0,0,0,6,1,0,7,1.6916666666666667
ttcnlogo,0,0,0,0,1,0,0,1,0.24166666666666667
打印,0,0,0,0,1,0,0,1,0.24166666666666667
video,0,0,0,0,2,0,0,2,0.48333333333333334
通用释放过程,0,0,0,0,1,0,0,1,0.24166666666666667
videocall,0,0,0,0,2,0,0,2,0.48333333333333334
cc,0,0,0,0,2,0,0,2,0.48333333333333334
forbidden消息,0,0,0,0,1,0,0,1,0.24166666666666667
ims服务器,0,0,0,0,1,0,0,1,0.24166666666666667
activate,0,0,0,0,1,0,0,1,0.24166666666666667
ica,0,0,0,0,1,0,0,1,0.24166666666666667
withspec,0,0,0,0,1,0,0,1,0.24166666666666667
mms,0,0,0,0,2,0,0,2,0.48333333333333334
messageheadert,0,0,0,0,1,0,0,1,0.24166666666666667
registerresponse,0,0,0,0,1,0,0,1,0.24166666666666667
st,0,0,0,0,1,0,0,1,0.24166666666666667
csresponse,0,0,0,0,1,0,0,1,0.24166666666666667
rsp,0,0,0,0,1,0,0,1,0.24166666666666667
ration,0,0,0,0,1,0,0,1,0.24166666666666667
gi,0,0,0,0,1,0,0,1,0.24166666666666667
her,0,0,0,0,1,0,0,1,0.24166666666666667
ignoref,0,0,0,0,1,0,0,1,0.24166666666666667
authorization,0,0,0,0,1,0,0,1,0.24166666666666667
callid,0,0,0,0,1,0,0,1,0.24166666666666667
withspecificauth,0,0,0,0,1,0,0,1,0.24166666666666667
request,0,0,0,0,1,0,0,1,0.24166666666666667
nms,0,0,0,0,1,0,0,1,0.24166666666666667
安全保护参数,0,0,0,0,1,0,0,1,0.24166666666666667
注册请求,0,0,0,0,3,0,0,3,0.725
初始化安全保护,0,0,0,0,1,0,0,1,0.24166666666666667
下行消息,0,0,0,0,1,0,0,1,0.24166666666666667
initialrequest,0,0,0,0,1,0,0,1,0.24166666666666667
securityinit,0,0,0,0,1,0,0,1,0.24166666666666667
info,0,0,0,0,1,0,0,1,0.24166666666666667
rout,0,0,0,0,1,0,0,1,0.24166666666666667
ia,0,0,0,0,1,0,0,1,0.24166666666666667
ss接收终端,0,0,0,0,1,0,0,1,0.24166666666666667
auts,0,0,0,0,1,0,0,1,0.24166666666666667
ts,0,0,0,0,2,0,0,2,0.48333333333333334
ng,0,0,0,0,1,0,0,1,0.24166666666666667
ta,0,0,0,0,1,0,0,1,0.24166666666666667
vdigestresponse,0,0,0,0,1,0,0,1,0.24166666666666667
初始化,0,0,0,3,3,3,0,9,1.825
启动,0,0,0,0,1,0,0,1,0.24166666666666667
gn,0,0,0,0,1,0,0,1,0.24166666666666667
mac,0,0,0,0,1,0,0,1,0.24166666666666667
genericparam,0,0,0,0,1,0,0,1,0.24166666666666667
digestresponse,0,0,0,0,1,1,0,2,0.48333333333333334
initialregistration,0,0,0,0,1,0,0,1,0.24166666666666667
startsign,0,0,0,0,1,0,0,1,0.24166666666666667
macerror,0,0,0,0,1,0,0,1,0.24166666666666667
flgeneratelnvalidnonce,0,0,0,0,1,0,0,1,0.24166666666666667
消息配置,0,0,0,0,1,0,0,1,0.24166666666666667
内部执行,0,0,0,0,1,0,0,1,0.24166666666666667
关键函数,0,0,0,0,3,0,0,3,0.725
内部,0,0,0,2,1,0,0,3,0.4916666666666667
主体函数,0,0,0,0,4,0,0,4,0.9666666666666667
信令交,0,0,0,0,4,0,0,4,0.9666666666666667
测试成分,0,0,0,0,4,0,0,4,0.9666666666666667
op,0,0,0,0,4,0,0,4,0.9666666666666667
main,0,0,0,0,1,0,0,1,0.24166666666666667
ive,0,0,0,0,3,0,0,3,0.725
imsptc,0,0,0,0,1,0,0,1,0.24166666666666667
vimsl,0,0,0,0,1,0,0,1,0.24166666666666667
at,0,0,0,0,4,0,0,4,0.9666666666666667
timertguardtimer,0,0,0,0,4,0,0,4,0.9666666666666667
havior,0,0,0,0,1,0,0,1,0.24166666666666667
ystem,0,0,0,0,2,0,0,2,0.48333333333333334
imssystems,0,0,0,0,1,0,0,1,0.24166666666666667
set,0,0,0,0,4,1,0,5,1.2083333333333333
小区接入网,0,0,0,0,1,0,0,1,0.24166666666666667
ims_ptc,0,0,1,0,4,0,0,5,1.0916666666666668
volte鉴权测试,0,0,0,0,3,0,0,3,0.725
cn,0,0,0,1,4,0,0,5,1.0916666666666668
通话,0,0,0,0,6,0,0,6,1.45
momtsivideocall,0,0,0,0,1,0,0,1,0.24166666666666667
ppts,0,0,0,0,1,0,0,1,0.24166666666666667
终端测试,0,0,1,0,1,0,0,2,0.3666666666666667
v6lte,0,0,0,0,1,1,0,2,0.48333333333333334
多媒体通信,0,0,1,0,1,0,0,2,0.3666666666666667
运营商,0,0,2,0,1,0,1,4,0.7333333333333334
短信,0,0,0,0,1,0,0,1,0.24166666666666667
语音通话,0,0,0,0,5,0,0,5,1.2083333333333333
仪表,0,0,4,5,1,0,2,12,1.85
远程自动化,0,0,0,1,0,0,0,1,0.125
脚本,0,0,0,1,0,1,0,2,0.3666666666666667
消息交互,0,0,0,1,0,0,0,1,0.125
应用层,0,0,0,1,0,0,0,1,0.125
信令交互流程,0,0,0,1,0,0,0,1,0.125
数据流,0,0,0,1,0,0,0,1,0.125
rrc,0,0,0,1,0,0,0,1,0.125
pdcp,0,0,0,1,0,0,0,1,0.125
rlc,0,0,0,1,0,0,0,1,0.125
phy,0,0,0,1,0,0,0,1,0.125
logl,0,0,0,1,0,0,0,1,0.125
自定义测试,0,0,0,1,0,0,0,1,0.125
标准测试例,0,0,0,1,0,0,0,1,0.125
放接口,0,0,0,1,0,0,0,1,0.125
测试用,0,0,0,1,0,0,0,1,0.125
ttcn-3语,0,0,0,1,0,0,0,1,0.125
lte业务测试系统,0,0,0,1,0,0,0,1,0.125
测试仪表,0,0,4,2,0,0,0,6,0.75
平台开发,0,0,4,0,0,0,1,5,0.7416666666666667
系统平台,0,0,2,0,0,0,0,2,0.25
volte功能,0,0,4,0,0,0,0,4,0.5
一致性测试仪表,0,0,2,0,0,0,0,2,0.25
性能,0,0,2,0,0,0,2,4,0.7333333333333334
语音解,0,0,2,0,0,0,0,2,0.25
用户体验,0,0,2,0,0,0,0,2,0.25
osi产品,0,0,2,0,0,0,0,2,0.25
osi,0,0,2,0,0,0,0,2,0.25
协议一致性测试,1,0,3,0,0,0,1,5,1.6166666666666667
ttcn终端协议仿真测试仪,0,0,1,0,0,0,0,1,0.125
td-lte-advanced,1,0,1,0,0,0,0,2,1.125
变量,0,0,1,0,0,1,0,2,0.3666666666666667
分析代码,0,0,1,0,0,0,0,1,0.125
题代码,0,0,1,0,0,0,0,1,0.125
调用,0,0,1,0,0,0,0,1,0.125
配置,0,0,1,0,2,0,0,3,0.6083333333333334
应用层服务,0,0,1,0,0,0,0,1,0.125
执行效率,0,0,1,0,0,0,0,1,0.125
内部实,0,0,1,0,0,0,0,1,0.125
接口函数,0,0,1,0,0,0,0,1,0.125
systemadapter,0,0,1,1,0,0,0,2,0.25
系统适配层,0,0,1,1,0,0,0,2,0.25
仪表平台,0,0,1,0,0,0,0,1,0.125
维护,0,0,1,0,0,0,0,1,0.125
模块开,0,0,1,0,0,0,0,1,0.125
模拟协议架构,0,0,1,0,0,0,0,1,0.125
测试功能,0,0,1,0,0,0,0,1,0.125
协议文本,0,0,1,1,0,0,0,2,0.25
终端volte测试,0,0,1,0,0,0,0,1,0.125
业务信令流程,0,0,1,0,0,0,0,1,0.125
模拟网侧功能,0,0,1,0,0,0,0,1,0.125
volte测试功能,0,0,1,0,0,0,0,1,0.125
lte业务测试,0,0,1,0,0,0,0,1,0.125
无线终端协议,0,0,1,0,0,0,0,1,0.125
lte产业链,0,0,1,0,0,0,0,1,0.125
芯片商,0,0,1,0,0,0,1,2,0.3666666666666667
设备商,0,0,1,0,0,0,1,2,0.3666666666666667
清晰度,0,0,1,0,0,0,0,1,0.125
低时延,0,0,1,0,0,0,0,1,0.125
csfb,0,0,1,0,0,0,0,1,0.125
过渡,0,0,1,0,0,0,0,1,0.125
语音解决方案,0,0,1,0,0,0,0,1,0.125
ovolte,0,0,1,0,0,0,0,1,0.125
voiceoverlte,0,0,1,1,0,0,0,2,0.25
voip,0,0,1,1,0,0,0,2,0.25
ipmultimediasubsystem,0,0,1,1,0,0,0,2,0.25
ip多媒体子系统,0,0,1,2,0,0,0,3,0.375
电路域交换,0,0,1,0,0,0,0,1,0.125
电路域结构,0,0,1,0,0,0,0,1,0.125
lte网络,0,0,1,0,0,0,0,1,0.125
分组域,0,0,1,1,0,0,0,2,0.25
数据业务,0,0,1,0,0,0,0,1,0.125
3g时代,0,0,1,0,0,0,0,1,0.125
宽带无线通信技术,0,0,1,0,0,0,0,1,0.125
volte技,0,0,1,0,0,0,0,1,0.125
无线资源管理,0,0,1,0,0,0,0,1,0.125
射频一致性测试,0,0,1,0,0,0,0,1,0.125
认证,0,0,1,0,0,0,0,1,0.125
一致性测试平台,0,0,1,0,0,0,0,1,0.125
certificationfo,0,0,1,0,0,0,0,1,0.125
终端设备商,0,0,1,0,0,0,0,1,0.125
测试标准,0,0,1,0,0,0,0,1,0.125
标准化,0,0,1,0,0,0,0,1,0.125
终端设备,0,0,1,0,0,0,0,1,0.125
终端厂家,0,0,1,0,0,0,0,1,0.125
移动通信,1,0,2,1,0,0,0,4,1.375
基本功能,0,0,1,0,0,0,0,1,0.125
协议标准,0,0,1,0,0,0,0,1,0.125
osi协议标准,0,0,1,0,0,0,0,1,0.125
osi协议,0,0,1,0,0,0,0,1,0.125
互连,0,0,1,0,0,0,0,1,0.125
开放系统,0,0,1,0,0,0,0,1,0.125
protocolconformance,0,0,1,0,0,0,0,1,0.125
动态一致性,0,0,1,0,0,0,0,1,0.125
静态一致性,0,0,1,0,0,0,0,1,0.125
sdp消息内容,0,0,0,0,1,0,0,1,0.24166666666666667
sip头,0,0,0,0,2,0,0,2,0.48333333333333334
sip信令流程,0,0,0,0,1,0,0,1,0.24166666666666667
视频呼叫,0,0,0,0,1,0,0,1,0.24166666666666667
端口,0,0,0,4,6,0,0,10,1.95
激励,0,0,0,3,0,0,0,3,0.375
被测系统,0,0,0,3,0,0,0,3,0.375
组件,0,0,0,2,0,0,0,2,0.25
数据结构,0,0,0,2,0,0,0,2,0.25
反馈消息,0,0,0,2,0,0,0,2,0.25
黑盒测试,0,0,0,2,0,0,0,2,0.25
加解密,0,0,0,1,0,0,0,1,0.125
运算处理,0,0,0,1,0,0,0,1,0.125
消息数据,0,0,0,1,0,0,0,1,0.125
映射,0,0,0,1,1,0,0,2,0.3666666666666667
抽象测试接口,0,0,0,1,0,0,0,1,0.125
测试套组件,0,0,0,1,0,0,0,1,0.125
数据消息,0,0,0,1,0,0,0,1,0.125
常量,0,0,0,1,0,1,0,2,0.3666666666666667
消息模板,0,0,0,1,0,0,0,1,0.125
信息元素,0,0,0,1,0,0,0,1,0.125
ttcn-3语言,0,0,0,1,0,0,0,1,0.125
测试环境,0,0,0,1,0,0,0,1,0.125
漏洞,0,0,0,1,0,0,0,1,0.125
一致性测试模型,0,0,0,1,0,0,0,1,0.125
测试过程,0,0,0,1,0,0,0,1,0.125
反馈,0,0,0,1,0,0,0,1,0.125
本地数据,0,0,0,1,0,0,0,1,0.125
接收被测系统,0,0,0,1,0,0,0,1,0.125
激励信号,0,0,0,1,0,0,0,1,0.125
白盒测试,0,0,0,1,0,0,0,1,0.125
p-gw,0,0,0,6,0,0,0,6,0.75
cscf,0,0,0,4,0,0,0,4,0.5
s-gw,0,0,0,4,0,0,0,4,0.5
epc,0,0,0,4,0,0,0,4,0.5
接入,0,0,0,3,0,0,0,3,0.375
用户,0,0,0,3,0,0,0,3,0.375
qos,0,0,0,2,0,0,0,2,0.25
计费策略,0,0,0,2,0,0,0,2,0.25
policy,0,0,0,2,0,0,0,2,0.25
应用层数据,0,0,0,1,0,0,0,1,0.125
规则,0,0,0,1,0,0,0,1,0.125
策略规则,0,0,0,1,0,0,0,1,0.125
计费,0,0,0,1,0,0,0,1,0.125
chargingrulesfunction,0,0,0,1,0,0,0,1,0.125
pcrf,0,0,0,1,0,0,0,1,0.125
非3gpp网络,0,0,0,1,0,0,0,1,0.125
msisdn,0,0,0,1,0,0,0,1,0.125
移动台识别号码,0,0,0,1,0,0,0,1,0.125
服务质量,0,0,0,1,0,0,0,1,0.125
apn,0,0,0,1,0,0,0,1,0.125
接入点名称,0,0,0,1,0,0,0,1,0.125
地址信息,0,0,0,1,0,0,0,1,0.125
imslue,0,0,0,1,0,0,0,1,0.125
国际移动用户识别码,0,0,0,1,0,0,0,1,0.125
描述信息,0,0,0,1,0,0,0,1,0.125
homesubscriberserver,0,0,0,1,0,0,0,1,0.125
hss,0,0,0,1,0,0,0,1,0.125
i-cscf,0,0,0,1,0,0,0,1,0.125
s-cscf,0,0,0,1,1,0,0,2,0.3666666666666667
呼叫会话控制功能模块,0,0,0,1,0,0,0,1,0.125
callsessioncontrolfunction,0,0,0,1,0,0,0,1,0.125
控制核心网,0,0,0,1,0,0,0,1,0.125
移动网络,0,0,0,1,0,0,0,1,0.125
控制模块,0,0,0,1,0,0,0,1,0.125
ip分组,0,0,0,1,0,0,0,1,0.125
pcrf选择,0,0,0,1,0,0,0,1,0.125
连接点,0,0,0,1,0,0,0,1,0.125
终端ip网络,0,0,0,1,0,0,0,1,0.125
互联网,0,0,0,1,0,0,0,1,0.125
外部网络,0,0,0,1,0,0,0,1,0.125
pdn网关,0,0,0,1,0,0,0,1,0.125
pdngateway,0,0,0,1,0,0,0,1,0.125
本地,0,0,0,1,0,0,0,1,0.125
切换锚点,0,0,0,1,0,0,0,1,0.125
inter-enb,0,0,0,1,0,0,0,1,0.125
ip数据包,0,0,0,1,0,0,0,1,0.125
路由,0,0,0,1,0,0,0,1,0.125
volte网络,0,0,1,1,0,0,1,3,0.4916666666666667
3gpp接入网,0,0,0,1,0,0,0,1,0.125
用户层面网关功能,0,0,0,1,0,0,0,1,0.125
s-gwos-gw,0,0,0,1,0,0,0,1,0.125
服务网关,0,0,0,1,0,0,0,1,0.125
servinggateway,0,0,0,1,0,0,0,1,0.125
切换管理,0,0,0,1,0,0,0,1,0.125
会话管理层,0,0,0,1,0,0,0,1,0.125
安全性管理,0,0,0,1,0,0,0,1,0.125
持续性,0,0,0,1,0,0,0,1,0.125
终端位置信息,0,0,0,1,0,0,0,1,0.125
移动性管理,0,0,0,1,0,0,0,1,0.125
完整性保护,0,0,0,1,0,0,0,1,0.125
信令加密,0,0,0,1,0,0,0,1,0.125
用户标识,0,0,0,1,0,0,0,1,0.125
鉴权控制,0,0,0,1,0,0,0,1,0.125
接入控制,0,0,0,1,0,0,0,1,0.125
nas协议,0,0,0,1,0,0,0,1,0.125
控制节点,0,0,0,1,0,0,0,1,0.125
mobilitymanagemententity,0,0,0,1,0,0,0,1,0.125
控制,0,0,0,3,0,0,0,3,0.375
数据服务,0,0,0,1,0,0,0,1,0.125
enodeb,0,0,0,1,0,0,0,1,0.125
分组域交换,0,0,0,1,0,0,0,1,0.125
gprs,0,0,0,1,0,0,0,1,0.125
演进分组核心网络,0,0,0,1,0,0,0,1,0.125
evolvedpacketcore,0,0,0,1,0,0,0,1,0.125
volte系统网络,0,0,0,1,0,0,0,1,0.125
网络架构,0,0,0,2,0,0,0,2,0.25
volte业务系统,0,0,0,1,0,0,0,1,0.125
qos控制,0,0,0,1,0,0,0,1,0.125
用户业务,0,0,0,1,0,0,0,1,0.125
计费控制,0,0,0,1,0,0,0,1,0.125
chargingcontrol策略,0,0,0,1,0,0,0,1,0.125
pcc架构,0,0,0,1,0,0,0,1,0.125
视频通信业务,0,0,0,1,0,0,0,1,0.125
ps域,0,0,0,1,0,0,0,1,0.125
端到端,0,0,0,1,0,0,0,1,0.125
lte/epc,0,0,0,1,0,0,0,1,0.125
evolvedpacketsystem,0,0,0,1,0,0,0,1,0.125
核心控制网络,0,0,0,1,0,0,0,1,0.125
subsystem,0,0,0,1,0,0,0,1,0.125
ipmultimedia,0,0,0,1,0,0,0,1,0.125
1volte网络架构,0,0,0,1,0,0,0,1,0.125
执行速度,0,0,0,0,0,0,2,2,0.48333333333333334
自动化验,0,0,0,0,0,0,1,1,0.24166666666666667
判决点,0,0,0,0,0,0,1,1,0.24166666666666667
抓包,0,0,0,0,0,1,1,2,0.48333333333333334
volte注册测试例,0,0,0,0,0,0,1,1,0.24166666666666667
volte基础测试,0,0,0,0,0,0,1,1,0.24166666666666667
视频被叫测试例,0,0,0,0,0,0,1,1,0.24166666666666667
语音被叫测试例,0,0,0,0,0,0,1,1,0.24166666666666667
信令交互,0,0,0,0,0,0,1,1,0.24166666666666667
构造测试,0,0,0,0,0,0,1,1,0.24166666666666667
开发周期,0,0,1,1,0,0,1,3,0.4916666666666667
平台架构,0,0,0,0,0,0,1,1,0.24166666666666667
软件模块,0,0,0,0,0,0,1,1,0.24166666666666667
软硬件平台,0,0,0,0,0,0,1,1,0.24166666666666667
volte功能测试,0,0,0,0,0,0,1,1,0.24166666666666667
lte语音解,0,0,0,0,0,0,1,1,0.24166666666666667
volte技术,0,0,0,0,0,0,1,1,0.24166666666666667
开放互联互通设备,0,0,0,0,0,0,1,1,0.24166666666666667
稳定性,0,0,0,0,0,0,1,1,0.24166666666666667
产品,0,0,0,0,0,0,1,1,0.24166666666666667
联调,0,0,0,0,0,1,1,2,0.48333333333333334
编码调试,0,0,0,0,0,0,1,1,0.24166666666666667
单元测试,0,0,0,0,0,0,1,1,0.24166666666666667
测试步骤,0,0,0,0,0,0,1,1,0.24166666666666667
终端接收系统,0,0,0,0,2,0,0,2,0.48333333333333334
寻呼,0,0,0,0,2,0,0,2,0.48333333333333334
接收系统,0,0,0,0,2,0,0,2,0.48333333333333334
终端鉴权,0,0,0,0,2,0,0,2,0.48333333333333334
鉴权值,0,0,0,0,2,0,0,2,0.48333333333333334
成功测试,0,0,0,0,1,0,0,1,0.24166666666666667
注册,0,0,0,0,5,0,0,5,1.2083333333333333
ims注册过程,0,0,0,0,1,0,0,1,0.24166666666666667
eutra注册过程,0,0,0,0,1,0,0,1,0.24166666666666667
公共流程,0,0,0,0,1,0,0,1,0.24166666666666667
测试流程,0,0,0,1,1,0,0,2,0.3666666666666667
协议流程,0,0,0,1,2,0,0,3,0.6083333333333334
volte终端业务测试,0,0,0,0,1,0,0,1,0.24166666666666667
安全联盟,0,0,0,0,4,0,0,4,0.9666666666666667
ims注册流程,0,0,0,0,2,0,0,2,0.48333333333333334
公众用户,0,0,0,0,1,0,0,1,0.24166666666666667
请求url消息,0,0,0,0,1,0,0,1,0.24166666666666667
subscribe消息,0,0,0,0,1,0,0,1,0.24166666666666667
subscribe,0,0,0,0,1,0,0,1,0.24166666666666667
www-authentication,0,0,0,0,1,0,0,1,0.24166666666666667
鉴权质询,0,0,0,0,1,0,0,1,0.24166666666666667
akavl-md5,0,0,0,0,2,0,0,2,0.48333333333333334
security-header,0,0,0,0,1,0,0,1,0.24166666666666667
分量,0,0,0,0,2,1,0,3,0.725
rigister,0,0,0,0,1,0,0,1,0.24166666666666667
lte接入网,0,0,0,0,1,0,0,1,0.24166666666666667
默认端口,0,0,0,0,1,0,0,1,0.24166666666666667
ss监听,0,0,0,0,1,0,0,1,0.24166666666666667
udp协议,0,0,0,0,1,0,0,1,0.24166666666666667
认证算法,0,0,0,0,1,0,0,1,0.24166666666666667
uicc卡,0,0,0,0,1,0,0,1,0.24166666666666667
共享密钥,0,0,0,0,1,0,0,1,0.24166666666666667
p-csc,0,0,0,0,1,0,0,1,0.24166666666666667
pdp,0,0,0,0,2,0,0,2,0.48333333333333334
uicc应用,0,0,0,0,1,0,0,1,0.24166666666666667
isim,0,0,0,0,2,0,0,2,0.48333333333333334
mtcalls,0,0,0,0,7,0,0,7,1.6916666666666667
speechcall,0,0,0,0,4,0,0,4,0.9666666666666667
调用函数,0,0,0,0,2,0,0,2,0.48333333333333334
contacts,0,0,0,0,5,0,0,5,1.2083333333333333
preamble,0,0,0,0,2,0,0,2,0.48333333333333334
spee,0,0,0,0,1,0,0,1,0.24166666666666667
lims,0,0,0,0,1,0,0,1,0.24166666666666667
通话流程,0,0,0,0,1,0,0,1,0.24166666666666667
callreleasem,0,0,0,0,1,0,0,1,0.24166666666666667
通话时间,0,0,0,0,1,0,0,1,0.24166666666666667
eps承载,0,0,0,0,6,0,0,6,1.45
arera,0,0,0,0,1,0,0,1,0.24166666666666667
vcontact,0,0,0,0,1,0,0,1,0.24166666666666667
inviterequestw,0,0,0,0,1,0,0,1,0.24166666666666667
callreleasemt,0,0,0,0,2,0,0,2,0.48333333333333334
progress,0,0,0,0,2,0,0,2,0.48333333333333334
invitere,0,0,0,0,2,0,0,2,0.48333333333333334
imsm,0,0,0,0,1,0,0,1,0.24166666666666667
va,0,0,0,0,1,0,0,1,0.24166666666666667
areract,0,0,0,0,1,0,0,1,0.24166666666666667
ted,0,0,0,0,1,0,0,1,0.24166666666666667
triggerded,0,0,0,0,1,0,0,1,0.24166666666666667
接收方,0,0,0,0,1,0,0,1,0.24166666666666667
gress,0,0,0,0,1,0,0,1,0.24166666666666667
session,0,0,0,0,2,0,0,2,0.48333333333333334
url,0,0,0,0,2,0,0,2,0.48333333333333334
messagehead,0,0,0,0,1,0,0,1,0.24166666666666667
invite消息,0,0,0,0,2,0,0,2,0.48333333333333334
anne,0,0,0,0,1,0,0,1,0.24166666666666667
msgheader,0,0,0,0,2,0,0,2,0.48333333333333334
inprogress,0,0,0,0,1,0,0,1,0.24166666666666667
invitereques,0,0,0,0,4,0,0,4,0.9666666666666667
annex,0,0,0,0,1,0,0,1,0.24166666666666667
测试状态,0,0,0,0,1,0,0,1,0.24166666666666667
通用设置,0,0,0,0,1,0,0,1,0.24166666666666667
call,0,0,0,0,2,0,0,2,0.48333333333333334
配置函数,0,0,0,0,1,0,0,1,0.24166666666666667
细节,0,0,0,0,1,0,0,1,0.24166666666666667
转发值,0,0,0,0,3,0,0,3,0.725
时间阈值,0,0,0,0,2,0,0,2,0.48333333333333334
tguardtimer,0,0,0,0,1,0,0,1,0.24166666666666667
ptcs,0,0,0,0,1,0,0,1,0.24166666666666667
sp,0,0,0,0,2,0,0,2,0.48333333333333334
imsl,0,0,0,0,1,0,0,1,0.24166666666666667
mtmtsispeec,0,0,0,0,1,0,0,1,0.24166666666666667
ystemims,0,0,0,0,2,0,0,2,0.48333333333333334
sonmtcimssystems,0,0,0,0,3,0,0,3,0.725
td-lte小区,0,0,0,0,3,0,0,3,0.725
vblte鉴权测试,0,0,0,0,1,0,0,1,0.24166666666666667
xml编码,0,0,0,0,0,3,0,3,0.725
参数表,0,0,0,0,0,3,0,3,0.725
drb,0,0,0,0,3,2,0,5,1.2083333333333333
ttcnlog,0,0,0,0,0,2,0,2,0.48333333333333334
适配层代码,0,0,0,2,0,2,0,4,0.7333333333333334
数据处理模块,0,0,0,0,1,1,0,2,0.48333333333333334
tm模式,0,0,0,0,0,1,0,1,0.24166666666666667
仪表层,0,0,0,0,0,1,0,1,0.24166666666666667
语音数据,0,0,0,0,0,1,0,1,0.24166666666666667
底层代码,0,0,0,0,0,1,0,1,0.24166666666666667
内存,0,0,0,0,0,1,0,1,0.24166666666666667
底层,0,0,0,0,0,1,0,1,0.24166666666666667
内存泄漏,0,0,0,0,0,1,0,1,0.24166666666666667
死机,0,0,0,0,0,1,0,1,0.24166666666666667
ims注册请求,0,0,0,0,0,1,0,1,0.24166666666666667
协议类型信息,0,0,0,0,0,1,0,1,0.24166666666666667
端口号,0,0,0,0,0,1,0,1,0.24166666666666667
本地ip地址,0,0,0,0,0,1,0,1,0.24166666666666667
socket端接收,0,0,0,0,0,1,0,1,0.24166666666666667
assertion,0,0,0,0,0,1,0,1,0.24166666666666667
grlooo,0,0,0,0,0,1,0,1,0.24166666666666667
issue,0,0,0,0,0,1,0,1,0.24166666666666667
下发数据,0,0,0,0,0,1,0,1,0.24166666666666667
指示层,0,0,0,0,0,1,0,1,0.24166666666666667
扩展字段,0,0,0,0,0,1,0,1,0.24166666666666667
信息,0,0,0,0,0,1,0,1,0.24166666666666667
cellid,0,0,0,0,0,1,0,1,0.24166666666666667
数据终端,0,0,0,0,0,1,0,1,0.24166666666666667
drb2数据,0,0,0,0,0,1,0,1,0.24166666666666667
cnf,0,0,0,0,0,1,0,1,0.24166666666666667
小区,0,0,0,0,4,1,0,5,1.2083333333333333
altester,0,0,0,0,0,1,0,1,0.24166666666666667
ibm,0,0,0,0,0,1,0,1,0.24166666666666667
软件,0,0,0,4,0,1,0,5,0.7416666666666667
套语法,0,0,0,0,0,1,0,1,0.24166666666666667
ttcn脚本,0,0,0,0,0,1,0,1,0.24166666666666667
抓包开关,0,0,0,0,0,1,0,1,0.24166666666666667
下行数据,0,0,0,0,0,1,0,1,0.24166666666666667
分拆,0,0,0,0,0,1,0,1,0.24166666666666667
response结构,0,0,0,0,0,1,0,1,0.24166666666666667
编解码,0,0,0,0,0,1,0,1,0.24166666666666667
response,0,0,0,0,1,1,0,2,0.48333333333333334
边界问,0,0,0,0,0,1,0,1,0.24166666666666667
长度,0,0,0,0,0,1,0,1,0.24166666666666667
传输长度,0,0,0,0,0,1,0,1,0.24166666666666667
socket编码,0,0,0,0,0,1,0,1,0.24166666666666667
401unauthorized消息,0,0,0,0,0,1,0,1,0.24166666666666667
终端版本,0,0,0,0,0,1,0,1,0.24166666666666667
pdn请求,0,0,0,0,0,1,0,1,0.24166666666666667
承载,0,0,0,0,0,1,0,1,0.24166666666666667
终端调试,0,0,0,0,0,1,0,1,0.24166666666666667
底层开发,0,0,0,0,0,1,0,1,0.24166666666666667
驱动代码抓包,0,0,0,0,0,1,0,1,0.24166666666666667
a抓包,0,0,0,0,0,1,0,1,0.24166666666666667
ttcn代码,0,0,0,0,0,1,0,1,0.24166666666666667
初始,0,0,0,0,2,1,0,3,0.725
读取,0,0,0,0,0,1,0,1,0.24166666666666667
exe蹦框,0,0,0,0,0,1,0,1,0.24166666666666667
route管理,0,0,0,0,0,1,0,1,0.24166666666666667
socket管理,0,0,0,0,0,1,0,1,0.24166666666666667
编解码调试,0,0,0,0,0,1,0,1,0.24166666666666667
定位,0,0,0,0,0,1,0,1,0.24166666666666667
打断点,0,0,0,0,0,1,0,1,0.24166666666666667
工具软件,0,0,0,0,0,1,0,1,0.24166666666666667
边界,0,0,0,0,0,1,0,1,0.24166666666666667
底层参数,0,0,0,0,0,1,0,1,0.24166666666666667
调试过,0,0,0,0,0,1,0,1,0.24166666666666667
eutra注册,0,0,0,0,1,0,0,1,0.24166666666666667
接入层流程,0,0,0,0,1,0,0,1,0.24166666666666667
sdp邀请,0,0,0,0,6,0,0,6,1.45
sdp邀请测试点,0,0,0,0,2,0,0,2,0.48333333333333334
prack请,0,0,0,0,2,0,0,2,0.48333333333333334
ackue,0,0,0,0,1,0,0,1,0.24166666666666667
ringing测试点,0,0,0,0,1,0,0,1,0.24166666666666667
prackue,0,0,0,0,1,0,0,1,0.24166666666666667
女口果,0,0,0,0,1,0,0,1,0.24166666666666667
临时回复,0,0,0,0,1,0,0,1,0.24166666666666667
ims视频呼叫,0,0,0,0,1,0,0,1,0.24166666666666667
信令注释,0,0,0,0,4,0,0,4,0.9666666666666667
主叫测试,0,0,0,0,4,0,0,4,0.9666666666666667
ue发送,0,0,0,0,1,0,0,1,0.24166666666666667
183sessionprogresso,0,0,0,0,1,0,0,1,0.24166666666666667
ue请求,0,0,0,0,1,0,0,1,0.24166666666666667
拨号,0,0,0,0,1,0,0,1,0.24166666666666667
sip地址,0,0,0,0,1,0,0,1,0.24166666666666667
calleeuri分量,0,0,0,0,1,0,0,1,0.24166666666666667
px,0,0,0,0,1,0,0,1,0.24166666666666667
mocalls,0,0,0,0,3,0,0,3,0.725
mocallsetup,0,0,0,0,2,0,0,2,0.48333333333333334
通用流程函数,0,0,0,0,1,0,0,1,0.24166666666666667
callrelease,0,0,0,0,2,0,0,2,0.48333333333333334
消息参数,0,0,0,0,1,0,0,1,0.24166666666666667
inviterequest,0,0,0,0,2,0,0,2,0.48333333333333334
callreleasemo,0,0,0,0,1,0,0,1,0.24166666666666667
用承载,0,0,0,0,1,0,0,1,0.24166666666666667
pdp上下文,0,0,0,0,1,0,0,1,0.24166666666666667
beareract,0,0,0,0,1,0,0,1,0.24166666666666667
实参,0,0,0,0,1,0,0,1,0.24166666666666667
mocallset,0,0,0,0,1,0,0,1,0.24166666666666667
mt通话,0,0,0,0,1,0,0,1,0.24166666666666667
movideocall,0,0,0,0,1,0,0,1,0.24166666666666667
beareractivation,0,0,0,0,1,0,0,1,0.24166666666666667
triggerdedicated,0,0,0,0,1,0,0,1,0.24166666666666667
vlnvitereques,0,0,0,0,1,0,0,1,0.24166666666666667
mo_videocall,0,0,0,0,1,0,0,1,0.24166666666666667
专用承载,0,0,0,0,1,0,0,1,0.24166666666666667
内部流程,0,0,0,0,1,0,0,1,0.24166666666666667
imsptcv,0,0,0,0,2,0,0,2,0.48333333333333334
momtsivideo,0,0,0,0,1,0,0,1,0.24166666666666667
ose,0,0,0,0,2,0,0,2,0.48333333333333334
pu,0,0,0,0,2,0,0,2,0.48333333333333334
security-client,0,0,0,0,1,2,0,3,0.725
401unauthorize,0,0,0,0,0,2,0,2,0.48333333333333334
resister,0,0,0,0,0,1,0,1,0.24166666666666667
ipaec,0,0,0,0,0,1,0,1,0.24166666666666667
ipsee-ssppa,0,0,0,0,0,1,0,1,0.24166666666666667
prox,0,0,0,0,0,1,0,1,0.24166666666666667
authoriza,0,0,0,0,0,1,0,1,0.24166666666666667
fonrard,0,0,0,0,0,1,0,1,0.24166666666666667
atnc,0,0,0,0,0,1,0,1,0.24166666666666667
smessage,0,0,0,0,0,1,0,1,0.24166666666666667
ppntftwork,0,0,0,0,0,1,0,1,0.24166666666666667
oo,0,0,0,0,0,1,0,1,0.24166666666666667
coqub,0,0,0,0,0,1,0,1,0.24166666666666667
request-line,0,0,0,0,0,1,0,1,0.24166666666666667
tgs,0,0,0,0,0,1,0,1,0.24166666666666667
ent,0,0,0,0,0,1,0,1,0.24166666666666667
cp,0,0,0,0,0,1,0,1,0.24166666666666667
acxcu33,0,0,0,0,0,1,0,1,0.24166666666666667
sxpon,0,0,0,0,0,1,0,1,0.24166666666666667
srcpert,0,0,0,0,0,1,0,1,0.24166666666666667
ton,0,0,0,0,0,1,0,1,0.24166666666666667
tran,0,0,0,0,0,1,0,1,0.24166666666666667
internet,0,0,0,0,0,1,0,1,0.24166666666666667
鉴权,0,0,0,0,0,1,0,1,0.24166666666666667
security-server分量,0,0,0,0,0,1,0,1,0.24166666666666667
net,0,0,0,0,0,1,0,1,0.24166666666666667
98,0,0,0,0,0,1,0,1,0.24166666666666667
av1,0,0,0,0,0,1,0,1,0.24166666666666667
ce,0,0,0,0,0,1,0,1,0.24166666666666667
fi,0,0,0,0,0,1,0,1,0.24166666666666667
akavl,0,0,0,0,0,1,0,1,0.24166666666666667
iscriths,0,0,0,0,0,1,0,1,0.24166666666666667
authorixation,0,0,0,0,0,1,0,1,0.24166666666666667
via,0,0,0,0,0,1,0,1,0.24166666666666667
clearapply,0,0,0,0,0,1,0,1,0.24166666666666667
refinafyicstatistics,0,0,0,0,0,1,0,1,0.24166666666666667
401unauthorized,0,0,0,0,0,1,0,1,0.24166666666666667
mtmtsispeechc,0,0,0,0,1,0,0,1,0.24166666666666667
volte应用,0,0,0,0,1,0,0,1,0.24166666666666667
测试套,0,0,0,6,0,0,0,6,0.75
通信接口软件,0,0,0,2,0,0,0,2,0.25
socket通信,0,0,0,2,0,0,0,2,0.25
ttcn-,0,0,0,2,0,0,0,2,0.25
td-ltess软件,0,0,0,2,0,0,0,2,0.25
计算机,0,0,0,2,0,0,0,2,0.25
通信接口模块,0,0,0,1,0,0,0,1,0.125
频点,0,0,0,1,0,0,0,1,0.125
射频参数,0,0,0,1,0,0,0,1,0.125
通信软件模块,0,0,0,1,0,0,0,1,0.125
控制指令,0,0,0,1,0,0,0,1,0.125
接收控制计算机,0,0,0,1,0,0,0,1,0.125
systemsimulator,0,0,0,1,0,0,0,1,0.125
进程管理软件,0,0,0,1,0,0,0,1,0.125
操作系统,0,0,0,1,0,0,0,1,0.125
协议栈软件,0,0,0,1,0,0,0,1,0.125
终端协议分析仪,0,0,0,1,0,0,0,1,0.125
码流,0,0,0,1,0,0,0,1,0.125
比特流,0,0,0,1,0,0,0,1,0.125
控制信令,0,0,0,1,0,0,0,1,0.125
通信接口,0,0,0,1,0,0,0,1,0.125
日志信息,0,0,0,1,0,0,0,1,0.125
下行,0,0,0,1,0,0,0,1,0.125
上行,0,0,0,1,0,0,0,1,0.125
空口信令,0,0,0,1,0,0,0,1,0.125
本端参数,0,0,0,1,0,0,0,1,0.125
控制命令,0,0,0,1,0,0,0,1,0.125
交互信息,0,0,0,1,0,0,0,1,0.125
硬件自检,0,0,0,1,0,0,0,1,0.125
硬件管理,0,0,0,1,0,0,0,1,0.125
用户界面,0,0,0,2,0,0,0,2,0.25
互软件,0,0,0,1,0,0,0,1,0.125
log管理软件,0,0,0,1,0,0,0,1,0.125
log打印,0,0,0,1,0,0,0,1,0.125
log模块,0,0,0,1,0,0,0,1,0.125
外部函数,0,0,0,1,0,0,0,1,0.125
适配模块,0,0,0,1,0,0,0,1,0.125
imer,0,0,0,1,0,0,0,1,0.125
接收,0,0,0,1,0,0,0,1,0.125
接收模块,0,0,0,1,0,0,0,1,0.125
原语,0,0,0,1,0,0,0,1,0.125
原语发送模块,0,0,0,1,0,0,0,1,0.125
原语编解码模块,0,0,0,1,0,0,0,1,0.125
接口映射,0,0,0,1,0,0,0,1,0.125
适配层控制模块,0,0,0,1,0,0,0,1,0.125
可执行文件,0,0,0,3,0,0,0,3,0.375
链接,0,0,0,1,0,0,0,1,0.125
visiostudio,0,0,0,2,0,0,0,2,0.25
c文件,0,0,0,2,0,0,0,2,0.25
c语言文件,0,0,0,1,0,0,0,1,0.125
初始条件,0,0,0,1,0,0,0,1,0.125
pct测试套,0,0,0,1,0,0,0,1,0.125
td-lte业务测试系统,0,0,1,1,0,0,0,2,0.25
tsmanager,0,0,0,3,0,0,0,3,0.375
动态链接库,0,0,0,2,0,0,0,2,0.25
ni,0,0,0,1,0,0,0,1,0.125
dstport,0,0,0,1,0,0,0,1,0.125
controlp,0,0,0,1,0,0,0,1,0.125
tm,0,0,0,1,0,0,0,1,0.125
trassals,0,0,0,1,0,0,0,1,0.125
ina,0,0,0,1,0,0,0,1,0.125
wireshark软件,0,0,0,1,0,0,0,1,0.125
网络封包软件,0,0,0,1,0,0,0,1,0.125
解析软件,0,0,0,1,0,0,0,1,0.125
管理,0,0,0,1,0,0,0,1,0.125
窗口信息,0,0,0,1,0,0,0,1,0.125
messageinfo,0,0,0,1,0,0,0,1,0.125
output窗口,0,0,0,1,0,0,0,1,0.125
测试计划,0,0,0,1,0,0,0,1,0.125
编译链接,0,0,0,1,0,0,0,1,0.125
frameworki,0,0,0,1,0,0,0,1,0.125
ibmrationaltester,0,0,0,1,0,0,0,1,0.125
rl,0,0,0,1,0,0,0,1,0.125
un,0,0,0,1,0,0,0,1,0.125
adpctrl,0,0,0,1,0,0,0,1,0.125
编译,0,0,0,1,0,0,0,1,0.125
编译测试例,0,0,0,1,0,0,0,1,0.125
硬件平台,0,0,2,2,0,0,0,4,0.5
验证,0,0,0,1,0,0,0,1,0.125
验证环境,0,0,0,1,0,0,0,1,0.125
手动验证,1,0,0,1,0,0,0,2,1.125
造测试,0,0,0,1,0,0,0,1,0.125
消息传输路径,0,0,0,1,0,0,0,1,0.125
仪表软件模块,0,0,0,1,0,0,0,1,0.125
支撑技术,0,0,0,1,0,0,0,1,0.125
运行平台,0,0,1,1,0,0,0,2,0.25
prackss,0,0,0,0,3,0,0,3,0.725
180,0,0,0,0,2,0,0,2,0.48333333333333334
ackss,0,0,0,0,2,0,0,2,0.48333333333333334
invite测试点,0,0,0,0,1,0,0,1,0.24166666666666667
sdp测试点,0,0,0,0,1,0,0,1,0.24166666666666667
prack测试点,0,0,0,0,1,0,0,1,0.24166666666666667
100trying终端,0,0,0,0,1,0,0,1,0.24166666666666667
sionprogress,0,0,0,0,1,0,0,1,0.24166666666666667
sion,0,0,0,0,1,0,0,1,0.24166666666666667
tryingo,0,0,0,0,1,0,0,1,0.24166666666666667
ueo,0,0,0,0,1,0,0,1,0.24166666666666667
rrc连接,0,0,0,0,14,0,0,14,3.3833333333333333
srb端口,0,0,0,0,12,0,0,12,2.9
idle,0,0,0,0,7,0,0,7,1.6916666666666667
接入层安全模式,0,0,0,0,5,0,0,5,1.2083333333333333
安全模式,0,0,0,0,4,0,0,4,0.9666666666666667
ceutra,0,0,0,0,4,0,0,4,0.9666666666666667
rrcconnection,0,0,0,0,4,0,0,4,0.9666666666666667
接入层,0,0,1,0,4,0,0,5,1.0916666666666668
sys,0,0,0,0,4,0,0,4,0.9666666666666667
srb,0,0,0,0,4,0,0,4,0.9666666666666667
非接入层安全模式,0,0,0,0,3,0,0,3,0.725
本端,0,0,0,0,3,0,0,3,0.725
注册流程,0,0,0,0,3,0,0,3,0.725
ra,0,0,0,0,2,0,0,2,0.48333333333333334
le,0,0,0,0,2,0,0,2,0.48333333333333334
重配置,0,0,0,0,2,0,0,2,0.48333333333333334
configure,0,0,0,0,2,0,0,2,0.48333333333333334
数据无线承载,0,0,0,0,2,0,0,2,0.48333333333333334
emu,0,0,0,0,2,0,0,2,0.48333333333333334
非接入层消息,0,0,0,0,2,0,0,2,0.48333333333333334
非接入层,0,0,0,0,2,0,0,2,0.48333333333333334
ind,0,0,0,0,2,0,0,2,0.48333333333333334
信令无线承载,0,0,0,0,2,0,0,2,0.48333333333333334
配置端口,0,0,0,0,2,0,0,2,0.48333333333333334
空口,0,0,0,0,2,0,0,2,0.48333333333333334
空中信令端口,0,0,0,0,2,0,0,2,0.48333333333333334
终端注册函数,0,0,0,0,1,0,0,1,0.24166666666666667
重配置消息,0,0,0,0,1,0,0,1,0.24166666666666667
epsbearercontextaccept,0,0,0,0,1,0,0,1,0.24166666666666667
default,0,0,0,0,1,0,0,1,0.24166666666666667
eps承载上下文接受,0,0,0,0,1,0,0,1,0.24166666666666667
attachaccept,0,0,0,0,1,0,0,1,0.24166666666666667
附着接受,0,0,0,0,1,0,0,1,0.24166666666666667
emu_ptc模块,0,0,0,0,1,0,0,1,0.24166666666666667
nas,0,0,0,0,1,0,0,1,0.24166666666666667
终端附着,0,0,0,0,1,0,0,1,0.24166666666666667
安全模式命令,0,0,0,0,1,0,0,1,0.24166666666666667
l2pdcp层,0,0,0,0,1,0,0,1,0.24166666666666667
本端端口,0,0,0,0,1,0,0,1,0.24166666666666667
nas消息安全模式命令,0,0,0,0,1,0,0,1,0.24166666666666667
鉴权响应消息,0,0,0,0,1,0,0,1,0.24166666666666667
鉴权请,0,0,0,0,1,0,0,1,0.24166666666666667
鉴权过程,0,0,0,0,1,0,0,1,0.24166666666666667
da,0,0,0,0,1,0,0,1,0.24166666666666667
非接入层鉴权,0,0,0,0,1,0,0,1,0.24166666666666667
pdnconnectivityrequest,0,0,0,0,1,0,0,1,0.24166666666666667
attach顼equest,0,0,0,0,1,0,0,1,0.24166666666666667
rrcconnectionsetup,0,0,0,0,1,0,0,1,0.24166666666666667
rrcconnectionset,0,0,0,0,1,0,0,1,0.24166666666666667
ulgrant,0,0,0,0,1,0,0,1,0.24166666666666667
上行授权,0,0,0,0,1,0,0,1,0.24166666666666667
发送周期,0,0,0,0,1,0,0,1,0.24166666666666667
sys端口,0,0,0,0,1,0,0,1,0.24166666666666667
终端注册流程,0,0,0,0,1,0,0,1,0.24166666666666667
附着过程,0,0,0,0,1,0,0,1,0.24166666666666667
nas鉴权,0,0,0,0,1,0,0,1,0.24166666666666667
eutra注册流程,0,0,0,0,1,0,0,1,0.24166666666666667
过程函数,0,0,0,0,1,0,0,1,0.24166666666666667
可读性,0,0,0,0,1,0,0,1,0.24166666666666667
at+fun指令,0,0,0,0,1,0,0,1,0.24166666666666667
广播消息,0,0,0,0,1,0,0,1,0.24166666666666667
fig,0,0,0,0,1,0,0,1,0.24166666666666667
srb配置,0,0,0,0,1,0,0,1,0.24166666666666667
fc,0,0,0,0,1,0,0,1,0.24166666666666667
初始化配置,0,0,0,0,1,0,0,1,0.24166666666666667
leutra,0,0,0,0,1,0,0,1,0.24166666666666667
defc,0,0,0,0,1,0,0,1,0.24166666666666667
信道,0,0,0,0,1,0,0,1,0.24166666666666667
dataradiobearer,0,0,0,0,1,0,0,1,0.24166666666666667
fleutra,0,0,0,0,1,0,0,1,0.24166666666666667
ceutrajnit,0,0,0,0,1,0,0,1,0.24166666666666667
ttcn-3函数,0,0,0,0,1,0,0,1,0.24166666666666667
终端注册,0,0,0,0,1,0,0,1,0.24166666666666667
触发终端,0,0,0,0,1,0,0,1,0.24166666666666667
成终端,0,0,0,0,1,0,0,1,0.24166666666666667
附着,0,0,0,0,1,0,0,1,0.24166666666666667
ura,0,0,0,0,1,0,0,1,0.24166666666666667
configurations,0,0,0,0,1,0,0,1,0.24166666666666667
securitymodecomplete,0,0,0,0,1,0,0,1,0.24166666666666667
securitymodecommand,0,0,0,0,1,0,0,1,0.24166666666666667
authenticationresponse,0,0,0,0,1,0,0,1,0.24166666666666667
authenticationrequest,0,0,0,0,1,0,0,1,0.24166666666666667
pdn连接请求,0,0,0,0,1,0,0,1,0.24166666666666667
附着请求,0,0,0,0,1,0,0,1,0.24166666666666667
nas消息,0,0,0,0,1,0,0,1,0.24166666666666667
rrcconnectionrequest,0,0,0,0,1,0,0,1,0.24166666666666667
td-lte业务,1,0,0,0,1,0,0,2,1.2416666666666667
ttcn-3代码,0,0,0,0,1,0,0,1,0.24166666666666667
低层状态,0,0,0,0,1,0,0,1,0.24166666666666667
低层模块,0,0,0,0,1,0,0,1,0.24166666666666667
低层,0,0,0,0,1,0,0,1,0.24166666666666667
rc,0,0,0,0,1,0,0,1,0.24166666666666667
低层配置,0,0,0,0,1,0,0,1,0.24166666666666667
低层数据处理模块,0,0,0,0,1,0,0,1,0.24166666666666667
驱动端口,0,0,0,0,1,0,0,1,0.24166666666666667
drv,0,0,0,0,1,0,0,1,0.24166666666666667
sysind,0,0,0,0,1,0,0,1,0.24166666666666667
drv_a,0,0,0,0,1,0,0,1,0.24166666666666667
完整性,0,0,0,0,1,0,0,1,0.24166666666666667
req信令,0,0,0,0,1,0,0,1,0.24166666666666667
common,0,0,0,0,1,0,0,1,0.24166666666666667
commom,0,0,0,0,1,0,0,1,0.24166666666666667
接收终端,0,0,0,0,1,0,0,1,0.24166666666666667
are,0,0,0,0,1,0,0,1,0.24166666666666667
signalingradio,0,0,0,0,1,0,0,1,0.24166666666666667
空口端口,0,0,0,0,1,0,0,1,0.24166666666666667
本端配置端口,0,0,0,0,1,0,0,1,0.24166666666666667
lte接入层,0,0,0,0,1,0,0,1,0.24166666666666667
mac参数,0,0,0,0,2,0,0,2,0.48333333333333334
autn,0,0,0,0,2,0,0,2,0.48333333333333334
xmac,0,0,0,0,2,0,0,2,0.48333333333333334
质询,0,0,0,0,2,0,0,2,0.48333333333333334
安全关联,0,0,0,0,1,0,0,1,0.24166666666666667
ipsec算法,0,0,0,0,1,0,0,1,0.24166666666666667
安全机制,0,0,0,0,1,0,0,1,0.24166666666666667
头分量,0,0,0,0,1,0,0,1,0.24166666666666667
头分量参数,0,0,0,0,2,0,0,2,0.48333333333333334
abuts,0,0,0,0,2,0,0,2,0.48333333333333334
regiser请求,0,0,0,0,1,0,0,1,0.24166666666666667
gister,0,0,0,0,1,0,0,1,0.24166666666666667
身份验证,0,0,0,0,1,0,0,1,0.24166666666666667
im,0,0,0,0,2,0,0,2,0.48333333333333334
执行流程,0,0,0,0,1,0,0,1,0.24166666666666667
结束函数,0,0,0,0,1,0,0,1,0.24166666666666667
返回值,0,0,0,0,1,0,0,1,0.24166666666666667
url信息,0,0,0,0,1,0,0,1,0.24166666666666667
cal,0,0,0,0,1,0,0,1,0.24166666666666667
cahrelea,0,0,0,0,1,0,0,1,0.24166666666666667
messagestep,0,0,0,0,1,0,0,1,0.24166666666666667
rogress,0,0,0,0,1,0,0,1,0.24166666666666667
essionl,0,0,0,0,1,0,0,1,0.24166666666666667
fmtvide,0,0,0,0,1,0,0,1,0.24166666666666667
fmtaudio,0,0,0,0,1,0,0,1,0.24166666666666667
fmtvideo,0,0,0,0,1,0,0,1,0.24166666666666667
ud,0,0,0,0,1,0,0,1,0.24166666666666667
函数函数,0,0,0,0,1,0,0,1,0.24166666666666667
等待时间阈值,0,0,0,0,1,0,0,1,0.24166666666666667
t_guardtimer,0,0,0,0,1,0,0,1,0.24166666666666667
mtmtsivideocall,0,0,0,0,1,0,0,1,0.24166666666666667
401,0,0,0,0,4,0,0,4,0.9666666666666667
unauthorized,0,0,0,0,2,0,0,2,0.48333333333333334
authorized,0,0,0,0,2,0,0,2,0.48333333333333334
forbidden,0,0,0,0,1,0,0,1,0.24166666666666667
质询回复测试点,0,0,0,0,1,0,0,1,0.24166666666666667
ons,0,0,0,0,1,0,0,1,0.24166666666666667
身份质询,0,0,0,0,1,0,0,1,0.24166666666666667
mac值,0,0,0,0,1,0,0,1,0.24166666666666667
registerue,0,0,0,0,1,0,0,1,0.24166666666666667
dden,0,0,0,0,1,0,0,1,0.24166666666666667
403,0,0,0,0,1,0,0,1,0.24166666666666667
sdp内容,0,0,0,0,1,0,0,1,0.24166666666666667
备用资源,0,0,0,0,1,0,0,1,0.24166666666666667
语音会话,0,0,0,0,1,0,0,1,0.24166666666666667
语音呼叫,0,0,0,0,1,0,0,1,0.24166666666666667
ims多媒体通话,0,0,0,0,1,0,0,1,0.24166666666666667
过程,0,0,1,0,0,0,0,1,0.125
lte终端业务测试,0,0,1,0,0,0,0,1,0.125
接入层协议,0,0,1,0,0,0,0,1,0.125
通话测试点,0,0,0,0,1,0,0,1,0.24166666666666667
应测试点,0,0,0,0,1,0,0,1,0.24166666666666667
可选标签,0,0,0,0,1,0,0,1,0.24166666666666667
回复测试点,0,0,0,0,1,0,0,1,0.24166666666666667
回复测试,0,0,0,0,1,0,0,1,0.24166666666666667
ress,0,0,0,0,1,0,0,1,0.24166666666666667
pro,0,0,0,0,1,0,0,1,0.24166666666666667
invitess,0,0,0,0,1,0,0,1,0.24166666666666667
progresso,0,0,0,0,1,0,0,1,0.24166666666666667
VoLTE,0,1,0,0,0,0,0,1,2.0
业务测试仪,0,1,0,0,0,0,0,1,2.0
TTCN-3,0,1,0,0,0,0,0,1,2.0
td-lte业务测试,1,0,0,0,0,0,0,1,1.0
通信测试仪表产业,1,0,0,0,0,0,0,1,1.0
sip&sdp技术,1,0,0,0,0,0,0,1,1.0
ttcn终端协议,1,0,0,0,0,0,0,1,1.0
仿真测试仪,1,0,0,0,0,0,0,1,1.0
一致性测试理论,1,0,0,0,0,0,0,1,1.0
