,摘要,关键词,第一章,第二章,第三章,第四章,第五章,总词频,加权得分
数据,11,0,36,9,25,10,5,96,26.291666666666664
用户,4,0,20,18,2,40,2,86,19.383333333333333
跨模态检索,10,1,27,14,18,22,9,101,28.96666666666667
图像,1,0,12,14,49,14,0,90,19.475
跨模态数据,9,0,19,14,24,0,4,70,19.891666666666666
视频,1,0,9,5,1,0,0,16,2.9916666666666667
模态数据,0,0,6,5,8,8,0,27,5.241666666666667
多媒体数据,0,0,5,1,1,0,0,7,0.9916666666666667
模态,2,0,7,23,68,22,5,127,28.708333333333332
文本,1,0,5,12,25,11,0,54,11.825
音频,0,0,4,3,1,0,0,8,1.1166666666666667
内容,1,0,6,4,18,0,2,31,7.083333333333333
人工标注,0,0,4,1,0,0,0,5,0.625
多媒体,0,0,4,2,0,0,0,6,0.75
共存,0,0,4,1,0,0,0,5,0.625
图片,0,0,3,1,3,1,0,8,1.4666666666666668
信息,1,0,4,6,1,2,0,14,2.975
社交感知,1,0,6,1,3,0,1,12,2.841666666666667
异构鸿沟,2,0,8,3,5,0,1,19,4.825
计算机,0,0,2,0,0,0,0,2,0.25
关联表达,0,0,2,0,2,0,0,4,0.7333333333333334
媒体,0,0,3,1,0,0,0,4,0.5
跨模态,3,0,12,10,21,1,7,54,12.758333333333333
多媒体检索,0,0,2,1,0,0,0,3,0.375
社会交互,1,0,2,0,0,0,0,3,1.25
社交网站,0,0,2,0,0,0,0,2,0.25
信息技术,1,0,2,1,1,0,1,6,1.8583333333333334
个性化,1,1,6,6,0,19,0,33,9.091666666666667
多媒体内容,0,0,2,0,0,0,0,2,0.25
个性化用户,0,0,1,0,0,0,0,1,0.125
检索,0,0,1,10,3,0,0,14,2.1
跨媒体数据,1,0,1,0,0,0,0,2,1.125
研究生培养,0,0,1,0,0,0,0,1,0.125
噪声,0,0,1,1,0,5,1,8,1.7
异构,1,0,4,0,3,0,2,10,2.708333333333333
语义含义,0,0,1,0,0,0,0,1,0.125
冗余信息,0,0,1,0,0,0,0,1,0.125
语义特性,0,0,1,0,0,0,0,1,0.125
文本模态,0,0,1,0,0,1,0,2,0.3666666666666667
亮度,0,0,1,0,0,0,0,1,0.125
拍摄角度,0,0,1,0,0,0,0,1,0.125
数据质量,0,0,1,0,0,0,0,1,0.125
数据噪声,0,0,1,0,0,0,0,1,0.125
兴趣,1,0,4,3,0,12,2,22,5.258333333333333
异构模态,0,0,2,0,1,0,0,3,0.4916666666666667
相似性,0,0,2,3,15,0,1,21,4.491666666666667
异构空间,0,0,2,0,0,0,0,2,0.25
异构性,0,0,2,0,0,0,0,2,0.25
空间异构,1,0,1,0,1,0,1,4,1.6083333333333334
特征空间,0,0,1,0,1,0,0,2,0.3666666666666667
数据异构,0,0,1,0,0,0,0,1,0.125
关联关系,0,0,1,0,0,0,0,1,0.125
依赖共存关系,0,0,1,0,0,0,0,1,0.125
内容关系,0,0,1,0,1,0,0,2,0.3666666666666667
空间,0,0,1,0,2,0,0,3,0.6083333333333334
时间,0,0,1,0,0,0,0,1,0.125
好友,0,0,1,0,1,3,0,5,1.0916666666666668
分享,0,0,1,0,0,0,0,1,0.125
上传,0,0,1,0,2,0,0,3,0.6083333333333334
数据分析,0,0,1,0,0,0,0,1,0.125
长期兴趣,0,0,1,0,0,0,0,1,0.125
兴趣爱好,0,0,1,0,0,0,0,1,0.125
社交图谱,0,0,1,0,0,0,0,1,0.125
用户画像,0,0,1,0,0,0,0,1,0.125
行为信息,0,0,2,0,0,0,0,2,0.25
社交媒体,1,0,4,2,1,13,2,23,5.616666666666667
关联特征表,0,0,1,0,0,0,0,1,0.125
语义关联,3,0,3,6,22,0,3,37,10.166666666666668
社交关联,2,0,3,0,14,0,3,22,6.483333333333333
社交信息,2,0,4,3,14,2,3,28,7.466666666666667
关联特征,0,0,4,1,4,0,1,10,1.8333333333333333
本质结构,0,0,1,1,1,0,0,3,0.4916666666666667
互补,0,0,1,0,0,0,0,1,0.125
底层特征,0,0,2,1,2,0,0,5,0.8583333333333334
层语义,0,0,1,0,0,0,0,1,0.125
纹理,0,0,1,0,0,0,0,1,0.125
颜色,0,0,1,0,0,0,0,1,0.125
形状,0,0,1,0,0,0,0,1,0.125
语义鸿沟,0,0,3,0,0,1,0,4,0.6166666666666667
语义理解,0,0,1,0,0,0,0,1,0.125
互补特性,1,0,2,1,1,0,0,5,1.6166666666666667
娱乐,0,0,1,0,0,0,0,1,0.125
音乐,0,0,1,2,0,1,0,4,0.6166666666666667
模态信息,0,0,1,0,0,1,0,2,0.3666666666666667
文本描述,0,0,1,1,0,0,0,2,0.25
语义,2,0,7,6,13,2,0,30,7.25
人工,0,0,1,0,0,0,0,1,0.125
信息检索,0,0,3,19,1,3,0,26,3.716666666666667
工作效率,0,0,1,0,0,0,0,1,0.125
学习,0,0,1,1,0,0,0,2,0.25
声音信息,0,0,1,0,0,0,0,1,0.125
视频分享网站,0,0,1,0,0,0,0,1,0.125
图像分享网站,0,0,1,0,1,0,0,2,0.3666666666666667
社交化,2,0,1,0,0,0,1,4,2.3666666666666667
博文,0,0,1,0,0,0,0,1,0.125
tter,0,0,1,0,0,0,0,1,0.125
论坛,0,0,1,0,0,0,0,1,0.125
视频网站,0,0,1,0,0,0,0,1,0.125
购物网站,0,0,1,0,0,0,0,1,0.125
移动设备,0,0,1,0,0,0,0,1,0.125
相机,0,0,1,0,0,0,0,1,0.125
智能手机,0,0,1,0,0,0,0,1,0.125
多模态数据,1,0,4,2,0,13,2,22,5.375
语义概念,0,0,2,0,1,0,0,3,0.4916666666666667
哈士奇,0,0,2,0,0,0,0,2,0.25
用户建模,0,1,2,0,0,0,0,3,2.25
鸿沟,0,0,2,0,0,1,0,3,0.4916666666666667
跨模态异构鸿沟,0,0,2,2,0,0,1,5,0.7416666666666667
毛色,0,0,1,0,0,0,0,1,0.125
动物,0,0,1,0,0,2,0,3,0.6083333333333334
多模态语义特征,0,0,1,0,0,0,0,1,0.125
检索系统,0,0,2,2,0,5,0,9,1.7083333333333333
哈土奇,0,0,1,0,0,0,0,1,0.125
多模态,0,0,2,1,0,7,0,10,2.0666666666666664
隐私,0,0,1,0,0,0,0,1,0.125
用户数据,0,0,1,0,0,7,0,8,1.8166666666666667
检索场,0,0,1,0,0,0,0,1,0.125
单模态数据,1,0,2,1,0,1,0,5,1.6166666666666667
社交网络数据,0,0,1,0,0,1,0,2,0.3666666666666667
语境数据,0,0,1,0,0,0,0,1,0.125
时间空间,0,0,1,0,0,0,0,1,0.125
用户元数据,1,0,1,1,0,1,0,4,1.4916666666666667
日志,1,0,2,2,0,1,0,6,1.7416666666666667
信息需求,1,0,2,0,0,4,0,7,2.216666666666667
多媒体服务,0,0,1,0,0,0,0,1,0.125
用户需求,0,0,1,0,0,0,0,1,0.125
特征表达,0,0,1,0,0,0,0,1,0.125
用户意图,1,0,1,0,0,1,0,3,1.3666666666666667
相似度,0,0,1,0,0,0,0,1,0.125
语义关系,0,0,1,0,3,0,0,4,0.85
子空间,0,0,2,9,17,0,2,30,5.966666666666667
语义子空间,1,0,1,1,1,0,0,4,1.4916666666666667
非文本查询,0,0,1,1,0,0,0,2,0.25
检索性能,1,0,1,1,3,1,0,7,2.216666666666667
关键词,0,0,1,11,1,8,0,21,3.675
可比性,0,0,1,0,0,0,0,1,0.125
属性,0,0,1,0,0,0,0,1,0.125
维数,0,0,1,0,0,0,0,1,0.125
媒体数据,0,0,1,0,0,0,0,1,0.125
跨模态特征关联,0,0,1,0,0,0,0,1,0.125
性能,2,0,4,5,14,26,2,53,13.275
机器学习,0,0,1,1,0,0,0,2,0.25
模式识别,0,0,1,0,0,0,0,1,0.125
链接,1,0,5,0,41,2,3,52,12.741666666666667
距离,0,0,3,1,7,0,0,11,2.1916666666666664
用户兴趣建模,1,0,3,0,0,4,1,9,2.583333333333333
社交多模态主题模型,2,0,4,0,0,16,2,24,6.85
模型,0,0,2,1,0,6,0,9,1.825
映射矩阵,0,0,2,0,7,0,0,9,1.9416666666666667
语义链接,1,0,2,0,3,0,2,8,2.458333333333333
路径,0,0,2,0,8,0,0,10,2.1833333333333336
多模态行为数据,1,0,2,0,0,3,1,7,2.216666666666667
查询扩展技术,0,0,3,5,0,9,0,17,3.175
异构信息网络,1,0,3,0,23,0,1,28,7.175
关联,1,0,2,0,10,0,1,14,3.908333333333333
兴趣建模方法,0,0,1,0,0,0,0,1,0.125
个性化检索,0,0,2,4,0,2,1,9,1.475
近似,0,0,1,0,0,0,0,1,0.125
主题分布,0,0,1,6,0,2,0,9,1.3583333333333334
吉布斯采样,0,0,1,2,0,0,0,3,0.375
隐变量,0,0,1,2,0,2,0,5,0.8583333333333334
兴趣分布,0,0,1,0,0,12,0,13,3.025
kl散度,0,0,1,0,0,0,0,1,0.125
社交影响,1,0,1,0,0,3,0,5,1.85
用户好友,0,0,1,0,0,3,0,4,0.85
多模态主题模型,0,1,1,0,0,4,0,6,3.091666666666667
用户关键词,0,0,1,0,0,0,0,1,0.125
主题模型,0,0,1,10,0,14,0,25,4.758333333333333
基本信息,0,0,1,0,0,0,0,1,0.125
用户意图鸿沟,2,0,2,3,0,0,2,9,3.1083333333333334
nus-wide数据集,1,0,1,0,1,0,0,3,1.3666666666666667
近邻检索,0,0,1,0,0,0,0,1,0.125
优化,0,0,1,0,1,0,0,2,0.3666666666666667
语义关联学习,0,0,1,0,0,0,0,1,0.125
目标函数,0,0,1,0,13,0,0,14,3.2666666666666666
映射,0,0,1,2,2,0,0,5,0.8583333333333334
结构,0,0,1,0,0,0,0,1,0.125
映射机制,1,0,1,0,3,0,1,6,2.091666666666667
链接关联,1,0,1,0,1,0,0,3,1.3666666666666667
权重,0,0,1,9,3,7,1,21,3.908333333333333
回归模型,0,0,1,0,3,0,1,5,1.0916666666666668
度量,0,0,1,0,1,0,0,2,0.3666666666666667
元路径,0,0,1,0,28,0,0,29,6.891666666666667
异构数据,1,0,1,0,0,0,0,2,1.125
数据社交性,0,0,1,0,0,0,0,1,0.125
试号汽工,0,0,1,0,0,0,0,1,0.125
扩展技术,0,0,1,2,0,2,0,5,0.8583333333333334
个性化查询,0,0,1,0,0,1,0,2,0.3666666666666667
社交多模态主题,0,0,1,0,0,0,0,1,0.125
蹲二模态,0,0,1,0,0,0,0,1,0.125
检索服务,0,0,1,0,0,0,0,1,0.125
查询结果,0,0,1,0,0,0,0,1,0.125
特征,0,0,1,0,5,1,1,8,1.8166666666666667
子空间学,0,0,1,0,0,0,0,1,0.125
社交多媒体数据,0,0,1,0,0,0,0,1,0.125
意图鸿沟,0,0,1,1,0,2,1,5,0.975
实验,0,0,1,0,0,0,0,1,0.125
查询扩展技,0,0,1,0,0,3,1,5,1.0916666666666668
数据集,0,0,1,0,7,8,0,16,3.75
算法,0,0,1,0,8,0,0,9,2.0583333333333336
序技术,0,0,1,0,0,0,0,1,0.125
重排,0,0,1,1,0,0,0,2,0.25
兴趣建模,0,0,1,1,0,3,0,5,0.975
个性化信息检索,0,0,1,4,0,1,0,6,0.8666666666666667
概率图模型,0,0,1,6,0,1,0,8,1.1166666666666667
子空间学习,0,0,1,5,1,0,0,7,0.9916666666666667
跨模态信息检索,0,0,1,5,0,1,0,7,0.9916666666666667
查询,0,0,0,6,1,11,0,18,3.65
用户体验,0,0,0,1,0,0,0,1,0.125
检索结果,0,0,0,3,1,7,2,13,2.7916666666666665
模态检索,0,0,0,1,1,0,0,2,0.3666666666666667
视频视频,0,0,0,1,0,0,0,1,0.125
音乐音乐音乐,0,0,0,1,0,0,0,1,0.125
图像图像图像,0,0,0,1,0,0,0,1,0.125
个性化信息,0,0,0,1,0,0,0,1,0.125
检索结,0,0,0,2,0,0,0,2,0.25
信息检索系统,0,0,0,1,0,0,0,1,0.125
以图识图,0,0,0,1,0,0,0,1,0.125
搜索引擎,0,0,0,1,0,2,0,3,0.6083333333333334
媒体内容,0,0,0,1,0,0,0,1,0.125
多媒体信息检索,0,0,0,1,0,0,0,1,0.125
标注算法,0,0,0,1,0,0,0,1,0.125
多媒体数据处理,0,0,0,1,0,0,0,1,0.125
自然语言处理,0,0,0,2,0,0,0,2,0.25
数据库,0,0,0,1,0,0,0,1,0.125
承载,0,0,0,1,0,0,0,1,0.125
信息集合,0,0,0,1,0,0,0,1,0.125
cca,0,0,0,6,12,0,0,18,3.65
变量,0,0,0,5,3,2,0,10,1.8333333333333333
深度神经网络,0,0,0,4,0,0,0,4,0.5
非线性映射,0,0,0,4,0,0,0,4,0.5
样本,0,0,0,4,1,0,0,5,0.7416666666666667
哈希,0,0,0,3,0,0,0,3,0.375
正则化,0,0,0,3,2,0,0,5,0.8583333333333334
实体层,0,0,0,2,0,0,0,2,0.25
跨模态哈希,0,0,0,2,0,0,0,2,0.25
标签,0,0,0,2,2,0,0,4,0.7333333333333334
图正则化,0,0,0,2,0,0,0,2,0.25
kcca,0,0,0,2,0,0,0,2,0.25
核函数,0,0,0,2,0,0,0,2,0.25
转移矩阵,0,0,0,2,3,0,0,5,0.975
协方差矩阵,0,0,0,2,0,0,0,2,0.25
ation,0,0,0,2,0,0,0,2,0.25
rr,0,0,0,2,0,0,0,2,0.25
类别信息,0,0,0,2,4,0,0,6,1.2166666666666668
共同子空间,0,0,0,2,1,0,0,3,0.4916666666666667
原始空间,0,0,0,2,6,0,0,8,1.7
异构模态数据,0,0,0,2,0,0,0,2,0.25
语义概念层,0,0,0,1,0,0,0,1,0.125
语义提取,0,0,0,1,0,0,0,1,0.125
逻辑回归,0,0,0,1,0,0,0,1,0.125
底层内容,1,0,0,2,2,0,1,6,1.975
模态内容,0,0,0,1,2,0,0,3,0.6083333333333334
高层语义,0,0,0,1,0,0,0,1,0.125
关联表,0,0,0,1,1,0,0,2,0.3666666666666667
语义实体映射,0,0,0,1,0,0,0,1,0.125
细粒度,0,0,0,1,0,0,0,1,0.125
直接度量,0,0,0,1,0,0,0,1,0.125
深度嵌入函数,0,0,0,1,0,0,0,1,0.125
网络结构,0,0,0,1,0,0,0,1,0.125
异构网络,0,0,0,1,1,0,0,2,0.3666666666666667
多媒体处理,0,0,0,1,0,0,0,1,0.125
计算机视觉,0,0,0,1,0,0,0,1,0.125
深度学习,0,0,0,1,0,0,0,1,0.125
汉明距离,0,0,0,1,0,0,0,1,0.125
加权,0,0,0,1,1,0,0,2,0.3666666666666667
弱哈希函数,0,0,0,1,0,0,0,1,0.125
ing,0,0,0,1,0,0,0,1,0.125
多视图,0,0,0,1,0,0,0,1,0.125
口短,0,0,0,1,0,0,0,1,0.125
汉明空间,0,0,0,1,0,0,0,1,0.125
哈希编码,0,0,0,1,0,0,0,1,0.125
检索效率,0,0,0,1,0,0,0,1,0.125
快速索引技术,0,0,0,1,0,0,0,1,0.125
大规模数据,0,0,0,1,0,0,0,1,0.125
学习性能,0,0,0,1,0,0,0,1,0.125
训练数据,0,0,0,1,0,0,0,1,0.125
补丁,0,0,0,1,0,0,0,1,0.125
多媒体实例,0,0,0,1,0,0,0,1,0.125
正则化图,0,0,0,1,0,0,0,1,0.125
特征关联表达,0,0,0,1,0,0,0,1,0.125
jrl,0,0,0,1,0,0,0,1,0.125
未标签数据,0,0,0,1,0,0,0,1,0.125
关联学习,1,1,0,1,8,1,0,12,5.3
稀疏,0,0,0,1,0,4,1,6,1.3333333333333333
语义信息,0,0,0,1,0,0,0,1,0.125
相关性,0,0,0,1,2,1,0,4,0.85
异构度量学习,0,0,0,1,0,0,0,1,0.125
联合图,0,0,0,1,0,0,0,1,0.125
节点,0,0,0,4,10,0,0,14,2.9166666666666665
传播过程,0,0,0,1,0,0,0,1,0.125
扩散,0,0,0,1,0,0,0,1,0.125
半监督学习,0,0,0,1,0,0,0,1,0.125
跨模态图,0,0,0,1,0,0,0,1,0.125
超图建模,0,0,0,1,0,0,0,1,0.125
概率,0,0,0,4,1,6,0,11,2.1916666666666664
多标签逻辑回归,0,0,0,1,0,0,0,1,0.125
semanticcorrelationmatch,0,0,0,1,0,0,0,1,0.125
语义关联匹配,0,0,0,1,1,0,0,2,0.3666666666666667
dcca,0,0,0,1,0,0,0,1,0.125
deepcanonicalcorrelation,0,0,0,1,0,0,0,1,0.125
深度典型相关分析算法,0,0,0,1,0,0,0,1,0.125
kernelcanonical,0,0,0,1,0,0,0,1,0.125
核典型相关,0,0,0,1,0,0,0,1,0.125
maxp,0,0,0,1,0,0,0,1,0.125
子空间学习算法,0,0,0,1,0,0,0,1,0.125
canonical,0,0,0,1,0,0,0,1,0.125
子空间学习模型,0,0,0,1,0,0,0,1,0.125
共现性,0,0,0,1,3,0,0,4,0.85
邻接结构,0,0,0,1,0,0,0,1,0.125
模态间,0,0,0,1,6,0,0,7,1.575
模态子空间,0,0,0,1,0,0,0,1,0.125
原始数据,0,0,0,1,0,0,0,1,0.125
度量学,0,0,0,1,0,0,0,1,0.125
降维,0,0,0,1,0,0,0,1,0.125
跨模态子空间,0,0,0,1,0,0,0,1,0.125
文档层次,0,0,0,2,0,0,0,2,0.25
多粒度多尺度,0,0,0,1,0,0,0,1,0.125
真实数据,0,0,0,1,0,1,0,2,0.3666666666666667
类别关联,0,0,0,1,2,0,0,3,0.6083333333333334
无监督学习,0,0,0,3,0,1,0,4,0.6166666666666667
有监督学习,0,0,0,1,0,0,0,1,0.125
大规模数据集,0,0,0,1,0,0,0,1,0.125
语义主题,0,0,0,1,0,0,0,1,0.125
语义类别,0,0,0,1,0,0,0,1,0.125
mmmr,0,0,0,1,0,3,0,4,0.85
multi-modalmutualtopic,0,0,0,1,0,0,0,1,0.125
多模态主题,0,0,0,1,0,2,0,3,0.6083333333333334
文档,0,0,0,9,0,6,0,15,2.575
机场,0,0,0,1,0,0,0,1,0.125
科夫,0,0,0,1,0,0,0,1,0.125
马尔,0,0,0,1,0,0,0,1,0.125
随机场,0,0,0,1,0,0,0,1,0.125
马尔科夫,0,0,0,1,0,0,0,1,0.125
概率图,0,0,0,3,0,0,0,3,0.375
视觉表达,0,0,0,1,1,0,0,2,0.3666666666666667
主题,0,0,0,8,0,28,0,36,7.766666666666667
狄利克雷分布模型,0,0,0,2,0,0,0,2,0.25
文本主题,0,0,0,1,0,0,0,1,0.125
corr-lda模型,0,0,0,1,0,0,0,1,0.125
文本标注,0,0,0,1,0,0,0,1,0.125
图像区域,0,0,0,1,0,0,0,1,0.125
图像主题,0,0,0,1,0,0,0,1,0.125
-l,0,0,0,1,0,0,0,1,0.125
richl,0,0,0,1,0,0,0,1,0.125
nt,0,0,0,1,0,0,0,1,0.125
correspondence,0,0,0,1,0,0,0,1,0.125
狄利克雷分布,0,0,0,4,0,2,0,6,0.9833333333333334
概率化,0,0,0,1,0,0,0,1,0.125
跨模态概率图模型,0,0,0,1,0,0,0,1,0.125
用户兴趣模型,0,0,0,8,0,8,1,17,3.175
lda模型,0,0,0,7,0,3,0,10,1.6
词频分布,0,0,0,5,0,0,0,5,0.625
频率,0,0,0,6,0,0,0,6,0.75
词频,0,0,0,4,0,0,0,4,0.5
向量,0,0,0,4,1,0,0,5,0.7416666666666667
本体论,0,0,0,5,0,1,0,6,0.8666666666666667
马尔科夫链,0,0,0,3,0,0,0,3,0.375
tf-idf,0,0,0,3,0,1,0,4,0.6166666666666667
用户兴趣,0,0,0,3,0,2,0,5,0.8583333333333334
军事,0,0,0,2,0,1,0,3,0.4916666666666667
文学,0,0,0,2,0,0,0,2,0.25
贝叶斯法则,0,0,0,2,0,0,0,2,0.25
参数,0,0,0,2,0,4,0,6,1.2166666666666668
观测变量,0,0,0,2,0,0,0,2,0.25
图像数据,0,0,0,2,0,1,0,3,0.4916666666666667
lda,0,0,0,2,0,3,0,5,0.975
表达式,0,0,0,2,6,1,0,9,1.9416666666666667
idf,0,0,0,2,0,0,0,2,0.25
逆文件频率,0,0,0,2,0,0,0,2,0.25
建模,1,0,0,6,0,0,0,7,1.75
兴趣模型,1,0,0,2,0,12,1,16,4.391666666666667
社交行为数据,0,0,0,1,0,0,0,1,0.125
点击日志,0,0,0,1,0,0,0,1,0.125
社交行为,0,0,0,1,0,0,0,1,0.125
图像搜索,0,0,0,1,0,0,0,1,0.125
链接预测,0,0,0,1,0,0,0,1,0.125
个性化搜索,0,0,0,1,0,0,0,1,0.125
同义词,0,0,0,1,0,0,0,1,0.125
个性化排序,0,0,0,1,0,0,0,1,0.125
用户主题,0,0,0,1,0,0,0,1,0.125
多项式分布,0,0,0,1,0,3,0,4,0.85
贝叶斯理论,0,0,0,2,0,0,0,2,0.25
无监督,0,0,0,1,0,0,0,1,0.125
粗粒度话题,0,0,0,1,0,0,0,1,0.125
tf-idf算法,0,0,0,1,0,0,0,1,0.125
用户关键词提取算法,0,0,0,1,0,0,0,1,0.125
网页,0,0,0,1,0,0,0,1,0.125
文档结构,0,0,0,1,0,0,0,1,0.125
兴趣簇,0,0,0,1,0,0,0,1,0.125
个性化检索系统,0,0,0,1,0,0,0,1,0.125
收敛状态,0,0,0,1,0,0,0,1,0.125
状态,0,0,0,1,0,0,0,1,0.125
蒙特卡洛算法,0,0,0,1,0,0,0,1,0.125
标量,0,0,0,1,0,0,0,1,0.125
取向量,0,0,0,1,0,0,0,1,0.125
后验概率,0,0,0,1,0,0,0,1,0.125
隐变量句,0,0,0,1,0,0,0,1,0.125
合分布,0,0,0,1,0,0,0,1,0.125
化系数,0,0,0,1,0,0,0,1,0.125
dirichlet分布,0,0,0,1,0,0,0,1,0.125
delta函数,0,0,0,1,0,0,0,1,0.125
联合分布,0,0,0,1,0,1,0,2,0.3666666666666667
目标分布,0,0,0,1,0,0,0,1,0.125
collapsedgibbssampling,0,0,0,1,0,0,0,1,0.125
吉布斯采样过程,0,0,0,1,0,2,0,3,0.6083333333333334
吉布斯采样法,0,0,0,1,0,0,0,1,0.125
高维模型,0,0,0,1,0,0,0,1,0.125
蒙特卡洛模拟,0,0,0,1,0,0,0,1,0.125
变分法,0,0,0,1,0,0,0,1,0.125
pjpo,0,0,0,1,0,0,0,1,0.125
样本分布,0,0,0,1,0,0,0,1,0.125
si,0,0,0,1,0,0,0,1,0.125
边缘分布,0,0,0,1,0,0,0,1,0.125
积分,0,0,0,1,0,0,0,1,0.125
概率分布,0,0,0,1,0,0,0,1,0.125
随机采样,0,0,0,1,0,0,0,1,0.125
斗中词,0,0,0,1,0,0,0,1,0.125
图模型,0,0,0,1,3,0,0,4,0.85
生成过程,0,0,0,1,0,0,0,1,0.125
文本数据,0,0,0,1,1,1,0,3,0.6083333333333334
生成模型,0,0,0,1,0,0,0,1,0.125
dirichletallocation,0,0,0,1,0,0,0,1,0.125
latent,0,0,0,1,0,0,0,1,0.125
单模态主题模型,0,0,0,1,0,0,0,1,0.125
有向图模型,0,0,0,1,0,0,0,1,0.125
话题模型,0,0,0,1,0,0,0,1,0.125
调节因子,0,0,0,1,0,0,0,1,0.125
平均文档长度,0,0,0,1,0,0,0,1,0.125
文档长度,0,0,0,1,0,0,0,1,0.125
文档总数,0,0,0,1,0,0,0,1,0.125
avgal,0,0,0,1,0,0,0,1,0.125
bm25,0,0,0,1,0,0,0,1,0.125
表词,0,0,0,1,0,1,0,2,0.3666666666666667
序号,0,0,0,1,0,1,0,2,0.3666666666666667
文档数,0,0,0,1,0,1,0,2,0.3666666666666667
文档集合,0,0,0,1,0,1,0,2,0.3666666666666667
tfidf,0,0,0,1,0,0,0,1,0.125
计算表达式,0,0,0,1,0,0,0,1,0.125
m25124,0,0,0,1,0,0,0,1,0.125
inversedocumentfrequency,0,0,0,1,0,0,0,1,0.125
termfrequency,0,0,0,1,0,0,0,1,0.125
关键,0,0,0,1,0,0,0,1,0.125
摇滚,0,0,0,1,0,0,0,1,0.125
示法,0,0,0,2,0,0,0,2,0.25
主题表示法,0,0,0,2,0,0,0,2,0.25
表示法,0,0,0,2,0,0,0,2,0.25
社交媒体行为,0,0,0,1,0,0,0,1,0.125
社交网络,0,0,0,1,1,4,0,6,1.3333333333333333
元数据,0,0,0,1,0,1,0,2,0.3666666666666667
行为数据,0,0,0,1,0,2,0,3,0.6083333333333334
兴趣表达,1,0,0,4,0,7,1,13,3.4333333333333336
查询词,0,0,0,8,0,7,0,15,2.6916666666666664
知识库,0,0,0,3,0,0,0,3,0.375
外部词典,0,0,0,2,0,0,0,2,0.25
扩展,0,0,0,2,0,0,0,2,0.25
扩展词,0,0,0,2,0,3,0,5,0.975
查询扩展,0,0,0,2,0,1,0,3,0.4916666666666667
文本查询,0,0,0,1,0,0,0,1,0.125
潜在语义索引,0,0,0,1,0,0,0,1,0.125
关联规则,0,0,0,1,0,0,0,1,0.125
聚类分析,0,0,0,1,0,0,0,1,0.125
freebaseri,0,0,0,1,0,0,0,1,0.125
wordnet,0,0,0,1,0,0,0,1,0.125
词典,0,0,0,1,0,0,0,1,0.125
似然比,0,0,0,1,0,0,0,1,0.125
互信息,0,0,0,1,0,0,0,1,0.125
余弦相似性,0,0,0,1,0,0,0,1,0.125
相关性系数,0,0,0,1,0,0,0,1,0.125
条件概率,0,0,0,1,0,2,0,3,0.6083333333333334
文档词,0,0,0,1,0,0,0,1,0.125
扩展模型,0,0,0,1,0,0,0,1,0.125
统计查询,0,0,0,1,0,0,0,1,0.125
共现频率,0,0,0,1,0,0,0,1,0.125
反馈信息,0,0,0,1,0,0,0,1,0.125
反馈,0,0,0,1,0,0,0,1,0.125
反馈文档,0,0,0,1,0,0,0,1,0.125
查询扩展词,0,0,0,1,0,1,0,2,0.3666666666666667
排序算法,0,0,0,1,0,0,0,1,0.125
ia,0,0,0,1,0,0,0,1,0.125
th,0,0,0,1,0,0,0,1,0.125
检索文档,0,0,0,1,0,0,0,1,0.125
相关反馈,0,0,0,2,0,0,0,2,0.25
查准率,0,0,0,1,0,0,0,1,0.125
查全率,0,0,0,1,0,0,0,1,0.125
重排序,0,0,0,8,0,1,0,9,1.2416666666666667
排序分数,0,0,0,1,0,0,0,1,0.125
点击数,0,0,0,1,0,0,0,1,0.125
高斯回归过程,0,0,0,1,0,0,0,1,0.125
图像重排序算法,0,0,0,1,0,0,0,1,0.125
图像重排序,0,0,0,1,0,0,0,1,0.125
外部,0,0,0,1,0,0,0,1,0.125
flickr,0,0,0,1,1,0,0,2,0.3666666666666667
flickr内部,0,0,0,1,0,0,0,1,0.125
社交交互,0,0,0,1,0,0,0,1,0.125
图像排序性能,0,0,0,1,0,0,0,1,0.125
用户行为,0,0,0,1,1,0,0,2,0.3666666666666667
分类器,0,0,0,1,0,0,0,1,0.125
监督学习算法,0,0,0,1,0,0,0,1,0.125
优先级,0,0,0,1,0,0,0,1,0.125
元素,0,0,0,1,2,0,0,3,0.6083333333333334
密集元素,0,0,0,1,0,0,0,1,0.125
子集,0,0,0,1,0,0,0,1,0.125
视觉相似性,0,0,0,1,0,0,0,1,0.125
聚类,0,0,0,1,0,0,0,1,0.125
语境,0,0,0,1,0,0,0,1,0.125
等人网,0,0,0,1,0,0,0,1,0.125
监督学习,0,0,0,1,0,0,0,1,0.125
多媒体检索结果,0,0,0,1,0,0,0,1,0.125
重排序技术,0,0,0,5,0,1,0,6,0.8666666666666667
重排序技,0,0,0,1,0,0,0,1,0.125
个性化策略,0,0,0,2,0,1,0,3,0.4916666666666667
评估系统,0,0,0,1,0,0,0,1,0.125
数据采集,0,0,0,1,0,0,0,1,0.125
用户兴趣表达,0,0,0,1,0,0,0,1,0.125
意图,0,0,0,1,0,0,0,1,0.125
跨模态内容,0,0,0,0,2,0,0,2,0.48333333333333334
网络,0,0,0,0,5,0,0,5,1.2083333333333333
文字,0,0,0,0,2,0,0,2,0.48333333333333334
nus-wide,0,0,0,0,1,0,0,1,0.24166666666666667
特征选择,0,0,0,0,2,0,0,2,0.48333333333333334
语义一致性,0,0,0,0,1,0,0,1,0.24166666666666667
一致性约束,0,0,0,0,2,0,0,2,0.48333333333333334
联合优化语义,0,0,0,0,2,0,0,2,0.48333333333333334
跨模态底层内容,0,0,0,0,1,0,0,1,0.24166666666666667
原始语义关系,0,0,0,0,1,0,0,1,0.24166666666666667
损失函数,0,0,0,0,4,0,0,4,0.9666666666666667
图正则,0,0,0,0,2,0,0,2,0.48333333333333334
线性回归,0,0,0,0,1,0,0,1,0.24166666666666667
鲁棒,1,0,0,0,2,3,1,7,2.45
链接结构,0,0,0,0,1,0,0,1,0.24166666666666667
语义路径,0,0,0,0,2,0,0,2,0.48333333333333334
关系型数据,0,0,0,0,1,0,0,1,0.24166666666666667
关联表达性能,0,0,0,0,1,0,0,1,0.24166666666666667
复杂关联,0,0,0,0,1,0,0,1,0.24166666666666667
本质,0,0,0,0,1,0,0,1,0.24166666666666667
多尺度,0,0,0,0,1,0,0,1,0.24166666666666667
多粒度,0,0,0,0,1,0,0,1,0.24166666666666667
复杂关联关系,0,0,0,0,1,0,0,1,0.24166666666666667
地理位,0,0,0,0,1,0,0,1,0.24166666666666667
狗群组,0,0,0,0,1,0,0,1,0.24166666666666667
时空语境,0,0,0,0,1,0,0,1,0.24166666666666667
社交,0,0,0,0,1,1,0,2,0.48333333333333334
局部邻接结构,0,0,0,0,1,0,0,1,0.24166666666666667
语义间,0,0,0,0,1,0,0,1,0.24166666666666667
多媒体信息,0,0,0,0,1,0,0,1,0.24166666666666667
ybutube,0,0,0,0,1,0,0,1,0.24166666666666667
特征选,0,0,0,0,1,0,0,1,0.24166666666666667
学习框架,0,0,0,0,2,0,0,2,0.48333333333333334
对分网络,0,0,0,0,2,0,0,2,0.48333333333333334
同构网络,0,0,0,0,1,0,0,1,0.24166666666666667
加权整合,0,0,0,0,1,0,0,1,0.24166666666666667
语义关,0,0,0,0,2,0,0,2,0.48333333333333334
过程,0,0,0,0,1,0,0,1,0.24166666666666667
信息网络,0,0,0,0,5,0,0,5,1.2083333333333333
链接类型,0,0,0,0,3,0,0,3,0.725
网络模式,0,0,0,0,2,0,0,2,0.48333333333333334
映射函数,0,0,0,0,2,0,0,2,0.48333333333333334
flickr信息网络,0,0,0,0,1,0,0,1,0.24166666666666667
群组,0,0,0,0,1,0,0,1,0.24166666666666667
对称,0,0,0,0,1,0,0,1,0.24166666666666667
逆元路径,0,0,0,0,1,0,0,1,0.24166666666666667
对称元路径,0,0,0,0,1,0,0,1,0.24166666666666667
合成算子,0,0,0,0,1,0,0,1,0.24166666666666667
网络模式图,0,0,0,0,1,0,0,1,0.24166666666666667
path,0,0,0,0,1,0,0,1,0.24166666666666667
元模板,0,0,0,0,1,0,0,1,0.24166666666666667
networkschema,0,0,0,0,1,0,0,1,0.24166666666666667
二分网络,0,0,0,0,1,0,0,1,0.24166666666666667
同构信息网络,0,0,0,0,1,0,0,1,0.24166666666666667
传统网络,0,0,0,0,1,0,0,1,0.24166666666666667
终止节点,0,0,0,0,1,0,0,1,0.24166666666666667
起始节点,0,0,0,0,1,0,0,1,0.24166666666666667
有向图,0,0,0,0,1,0,0,1,0.24166666666666667
informationnetwork,0,0,0,0,1,0,0,1,0.24166666666666667
书目引用网络,0,0,0,0,1,0,0,1,0.24166666666666667
蛋白质分子网络,0,0,0,0,1,0,0,1,0.24166666666666667
生物学,0,0,0,0,1,0,0,1,0.24166666666666667
复杂网络,0,0,0,0,1,0,0,1,0.24166666666666667
hetesim,0,0,0,0,3,0,0,3,0.725
似性,0,0,0,0,2,0,0,2,0.48333333333333334
pathsim算法,0,0,0,0,2,0,0,2,0.48333333333333334
学习模态,0,0,0,0,1,0,0,1,0.24166666666666667
类别,0,0,0,0,1,0,0,1,0.24166666666666667
约束,0,0,0,0,1,0,0,1,0.24166666666666667
类标签,0,0,0,0,1,0,0,1,0.24166666666666667
牛顿法,0,0,0,0,1,0,0,1,0.24166666666666667
随机梯度下降法,0,0,0,0,1,0,0,1,0.24166666666666667
平滑因子,0,0,0,0,1,0,0,1,0.24166666666666667
平滑项,0,0,0,0,2,0,0,2,0.48333333333333334
专巴,0,0,0,0,1,0,0,1,0.24166666666666667
欧式距离,0,0,0,0,2,0,0,2,0.48333333333333334
元路径集合,0,0,0,0,1,0,0,1,0.24166666666666667
线性回归算法,0,0,0,0,1,0,0,1,0.24166666666666667
评价链接,0,0,0,0,1,0,0,1,0.24166666666666667
跨模态语义,0,0,0,0,2,0,0,2,0.48333333333333334
内容特征,0,0,0,0,1,0,0,1,0.24166666666666667
邻居节点,0,0,0,0,1,1,0,2,0.48333333333333334
tes,0,0,0,0,1,0,0,1,0.24166666666666667
e2,0,0,0,0,1,0,0,1,0.24166666666666667
hetesim算法,0,0,0,0,1,0,0,1,0.24166666666666667
可见距离,0,0,0,0,1,0,0,1,0.24166666666666667
平衡,0,0,0,0,1,0,0,1,0.24166666666666667
无间路径,0,0,0,0,1,0,0,1,0.24166666666666667
元路径度量,0,0,0,0,1,0,0,1,0.24166666666666667
对称性,0,0,0,0,1,0,0,1,0.24166666666666667
hetesim网算法,0,0,0,0,1,0,0,1,0.24166666666666667
pathsim,0,0,0,0,1,0,0,1,0.24166666666666667
链接关系,0,0,0,0,2,0,0,2,0.48333333333333334
模态内部,0,0,0,0,1,0,0,1,0.24166666666666667
梯度,0,0,0,0,4,0,0,4,0.9666666666666667
对角矩阵,0,0,0,0,4,0,0,4,0.9666666666666667
亲和矩阵,0,0,0,0,4,0,0,4,0.9666666666666667
对角元素,0,0,0,0,3,0,0,3,0.725
拉普拉斯矩阵,0,0,0,0,3,0,0,3,0.725
辅助矩阵,0,0,0,0,2,0,0,2,0.48333333333333334
分母,0,0,0,0,2,0,0,2,0.48333333333333334
超参数,0,0,0,0,2,6,0,8,1.9333333333333333
边集,0,0,0,0,2,1,0,3,0.725
节点集,0,0,0,0,2,1,0,3,0.725
多模态图,0,0,0,0,3,0,0,3,0.725
迭代次数,0,0,0,0,2,1,0,3,0.725
随机初始化,0,0,0,0,1,0,0,1,0.24166666666666667
七肽,0,0,0,0,1,0,0,1,0.24166666666666667
ermxn,0,0,0,0,1,0,0,1,0.24166666666666667
标签矩阵,0,0,0,0,1,0,0,1,0.24166666666666667
特征矩阵,0,0,0,0,2,0,0,2,0.48333333333333334
迭代,0,0,0,0,1,0,0,1,0.24166666666666667
迭代过程,0,0,0,0,1,0,0,1,0.24166666666666667
迭代过,0,0,0,0,1,0,0,1,0.24166666666666667
收敛,0,0,0,0,1,0,0,1,0.24166666666666667
迭代算法,0,0,0,0,2,0,0,2,0.48333333333333334
固定匕,0,0,0,0,1,0,0,1,0.24166666666666667
岭回归问题,0,0,0,0,2,0,0,2,0.48333333333333334
求解算法,0,0,0,0,1,0,0,1,0.24166666666666667
子空,0,0,0,0,1,0,0,1,0.24166666666666667
矩阵,0,0,0,0,5,6,0,11,2.658333333333333
炉工,0,0,0,0,1,0,0,1,0.24166666666666667
拉普拉斯算子,0,0,0,0,1,0,0,1,0.24166666666666667
实值函数,0,0,0,0,1,0,0,1,0.24166666666666667
传统图,0,0,0,0,1,0,0,1,0.24166666666666667
平衡参数,0,0,0,0,1,1,0,2,0.48333333333333334
范数,0,0,0,0,4,0,0,4,0.9666666666666667
类标签矩阵,0,0,0,0,1,0,0,1,0.24166666666666667
ijexarz,0,0,0,0,1,0,0,1,0.24166666666666667
一致性约束项,0,0,0,0,1,0,0,1,0.24166666666666667
动机,0,0,0,0,1,0,0,1,0.24166666666666667
指导信息,0,0,0,0,1,0,0,1,0.24166666666666667
类关联,0,0,0,0,1,0,0,1,0.24166666666666667
模态内,0,0,0,0,2,0,0,2,0.48333333333333334
平衡模态,0,0,0,0,1,0,0,1,0.24166666666666667
or,0,0,0,0,1,0,0,1,0.24166666666666667
图正则损失函数,0,0,0,0,1,0,0,1,0.24166666666666667
阈值,0,0,0,0,1,1,0,2,0.48333333333333334
印丁,0,0,0,0,1,0,0,1,0.24166666666666667
otherwise,0,0,0,0,1,0,0,1,0.24166666666666667
ra,0,0,0,0,1,0,0,1,0.24166666666666667
多模态融合,0,0,0,0,1,0,0,1,0.24166666666666667
10otherwise,0,0,0,0,1,0,0,1,0.24166666666666667
vimer,0,0,0,0,1,0,0,1,0.24166666666666667
图谱理论,0,0,0,0,1,0,0,1,0.24166666666666667
结构信息,0,0,0,0,1,0,0,1,0.24166666666666667
wirdw,0,0,0,0,1,0,0,1,0.24166666666666667
映射对象,0,0,0,0,1,0,0,1,0.24166666666666667
ug肽,0,0,0,0,1,0,0,1,0.24166666666666667
特征维度,0,0,0,0,1,0,0,1,0.24166666666666667
训练集,0,0,0,0,1,0,0,1,0.24166666666666667
文本数据集,0,0,0,0,1,0,0,1,0.24166666666666667
图像数据集,0,0,0,0,1,0,0,1,0.24166666666666667
跨模态数据集,0,0,0,0,1,0,0,1,0.24166666666666667
xhsmoa,0,0,0,0,1,0,0,1,0.24166666666666667
frobenius,0,0,0,0,1,0,0,1,0.24166666666666667
列元素,0,0,0,0,1,0,0,1,0.24166666666666667
行向量,0,0,0,0,1,0,0,1,0.24166666666666667
符号,0,0,0,0,1,3,0,4,0.9666666666666667
学习算法,0,0,0,0,1,0,0,1,0.24166666666666667
距离公,0,0,0,0,1,0,0,1,0.24166666666666667
潜在,0,0,0,0,1,0,0,1,0.24166666666666667
比较,0,0,0,0,1,0,0,1,0.24166666666666667
文本特征,0,0,0,0,1,1,0,2,0.48333333333333334
标签向量,0,0,0,0,1,0,0,1,0.24166666666666667
1000维,0,0,0,0,1,0,0,1,0.24166666666666667
sift特征,0,0,0,0,1,1,0,2,0.48333333333333334
数量,0,0,0,0,1,0,0,1,0.24166666666666667
好友关系,0,0,0,0,1,0,0,1,0.24166666666666667
群组信息,0,0,0,0,1,0,0,1,0.24166666666666667
用户id,0,0,0,0,1,0,0,1,0.24166666666666667
喜欢,0,0,0,0,1,0,0,1,0.24166666666666667
上传用户,0,0,0,0,1,0,0,1,0.24166666666666667
api接口,0,0,0,0,1,2,0,3,0.725
图像共享网站,0,0,0,0,1,0,0,1,0.24166666666666667
pr曲线,0,0,0,0,6,0,0,6,1.45
clcc算法,0,0,0,0,5,0,0,5,1.2083333333333333
检索任务,0,0,0,0,5,4,0,9,2.175
召回率,0,0,0,0,5,0,0,5,1.2083333333333333
scm,0,0,0,0,5,0,0,5,1.2083333333333333
map性能,0,0,0,0,4,0,0,4,0.9666666666666667
语义匹配,0,0,0,0,4,0,0,4,0.9666666666666667
clcc,0,0,0,0,3,0,0,3,0.725
sm,0,0,0,0,4,0,0,4,0.9666666666666667
准确率,0,0,0,0,3,0,0,3,0.725
图像检索文本,0,0,0,0,3,5,0,8,1.9333333333333333
animal,0,0,0,0,2,0,0,2,0.48333333333333334
收敛曲线,0,0,0,0,2,0,0,2,0.48333333333333334
图像检索,0,0,0,0,2,1,0,3,0.725
map平均值,0,0,0,0,2,0,0,2,0.48333333333333334
scm算法,0,0,0,0,2,0,0,2,0.48333333333333334
文本检索图像,0,0,0,0,2,5,0,7,1.6916666666666667
个数,0,0,0,0,2,2,0,4,0.9666666666666667
文本检索,0,0,0,0,2,1,0,3,0.725
粗粒度,0,0,0,0,2,0,0,2,0.48333333333333334
ro,0,0,0,0,1,0,0,1,0.24166666666666667
oz,0,0,0,0,1,0,0,1,0.24166666666666667
eg,0,0,0,0,1,0,0,1,0.24166666666666667
soldier,0,0,0,0,1,0,0,1,0.24166666666666667
foodwork,0,0,0,0,1,0,0,1,0.24166666666666667
sp,0,0,0,0,1,0,0,1,0.24166666666666667
side,0,0,0,0,1,0,0,1,0.24166666666666667
out,0,0,0,0,1,0,0,1,0.24166666666666667
luere,0,0,0,0,1,0,0,1,0.24166666666666667
oodwork,0,0,0,0,1,0,0,1,0.24166666666666667
cut,0,0,0,0,1,0,0,1,0.24166666666666667
co,0,0,0,0,1,0,0,1,0.24166666666666667
pink,0,0,0,0,1,0,0,1,0.24166666666666667
uality,0,0,0,0,1,0,0,1,0.24166666666666667
av,0,0,0,0,1,0,0,1,0.24166666666666667
ute,0,0,0,0,1,0,0,1,0.24166666666666667
tics,0,0,0,0,1,0,0,1,0.24166666666666667
ps,0,0,0,0,1,0,0,1,0.24166666666666667
up,0,0,0,0,1,0,0,1,0.24166666666666667
dog,0,0,0,0,1,0,0,1,0.24166666666666667
yellowd,0,0,0,0,1,0,0,1,0.24166666666666667
ber,0,0,0,0,1,0,0,1,0.24166666666666667
itreationn,0,0,0,0,1,0,0,1,0.24166666666666667
复杂语义,0,0,0,1,1,0,0,2,0.3666666666666667
返回结,0,0,0,0,1,0,0,1,0.24166666666666667
快速收敛性,0,0,0,0,1,0,0,1,0.24166666666666667
目标函数值,0,0,0,0,1,0,0,1,0.24166666666666667
优化算,0,0,0,0,1,0,0,1,0.24166666666666667
底型,0,0,0,0,1,0,0,1,0.24166666666666667
松剪,0,0,0,0,1,0,0,1,0.24166666666666667
oi,0,0,0,0,1,0,0,1,0.24166666666666667
特征表,0,0,0,0,1,0,0,1,0.24166666666666667
不均衡性,0,0,0,0,1,0,0,1,0.24166666666666667
检索任务算法,0,0,0,0,1,0,0,1,0.24166666666666667
图像平均值,0,0,0,0,1,0,0,1,0.24166666666666667
平均值,0,0,0,0,1,0,0,1,0.24166666666666667
社交链接,0,0,0,0,1,2,0,3,0.725
关联匹配,0,0,0,0,1,0,0,1,0.24166666666666667
数据结构,0,0,0,0,1,0,0,1,0.24166666666666667
义信息,0,0,0,0,1,0,0,1,0.24166666666666667
索图像,0,0,0,0,1,0,0,1,0.24166666666666667
toypersoncloud,0,0,0,0,1,0,0,1,0.24166666666666667
foodflowers,0,0,0,0,1,0,0,1,0.24166666666666667
water,0,0,0,0,1,0,0,1,0.24166666666666667
grassanimals,0,0,0,0,1,0,0,1,0.24166666666666667
window,0,0,0,0,1,0,0,1,0.24166666666666667
cc,0,0,0,0,1,0,0,1,0.24166666666666667
曲线,0,0,0,0,1,0,0,1,0.24166666666666667
recall,0,0,0,0,1,0,0,1,0.24166666666666667
测试数据,0,0,0,0,1,1,0,2,0.48333333333333334
索集合,0,0,0,0,1,1,0,2,0.48333333333333334
apw,0,0,0,0,1,0,0,1,0.24166666666666667
指标,0,0,0,0,1,1,0,2,0.48333333333333334
测试,0,0,0,0,1,0,0,1,0.24166666666666667
排序,0,0,0,0,1,0,0,1,0.24166666666666667
meanaverage,0,0,0,0,1,0,0,1,0.24166666666666667
平均准确率,0,0,0,0,1,0,0,1,0.24166666666666667
多标签逻辑,0,0,0,0,1,0,0,1,0.24166666666666667
异构特征,0,0,0,0,1,0,0,1,0.24166666666666667
典型关联分析,0,0,0,0,1,0,0,1,0.24166666666666667
联学习算法,0,0,0,0,1,0,0,1,0.24166666666666667
跨模态检索性能,0,0,0,0,1,0,0,1,0.24166666666666667
传统算法,0,0,0,0,1,0,0,1,0.24166666666666667
关联学习性,0,0,0,0,1,0,0,1,0.24166666666666667
始数据模态,0,0,0,0,1,0,0,1,0.24166666666666667
图正则框架,0,0,0,0,1,0,1,2,0.48333333333333334
网络链接,0,0,0,0,1,0,1,2,0.48333333333333334
社交关,0,0,0,0,1,0,0,1,0.24166666666666667
社交信,0,0,0,0,1,0,0,1,0.24166666666666667
关联学习算法,0,0,0,0,1,0,0,1,0.24166666666666667
跨模态关联学习算法,0,0,0,0,1,0,0,1,0.24166666666666667
跨模态检索系统,0,0,0,0,0,4,1,5,1.2083333333333333
天空,0,0,0,0,0,3,0,3,0.725
长城,0,0,0,0,0,3,0,3,0.725
社交关系,0,0,0,0,0,9,0,9,2.175
鲁棒性,0,0,0,0,0,3,0,3,0.725
用户数据噪声,0,0,0,0,0,2,0,2,0.48333333333333334
社交媒体平台,0,0,0,0,0,2,0,2,0.48333333333333334
索结果,0,0,0,0,0,2,0,2,0.48333333333333334
跨模态检索评估,0,0,0,0,0,1,0,1,0.24166666666666667
跨模态检索框架,0,0,0,0,0,1,0,1,0.24166666666666667
用户多模态数据,0,0,0,0,0,1,0,1,0.24166666666666667
个性化结果,0,0,0,0,0,2,0,2,0.48333333333333334
检索速度,0,0,0,0,0,1,0,1,0.24166666666666667
风景,0,0,0,0,0,1,0,1,0.24166666666666667
美食,0,0,0,0,0,1,0,1,0.24166666666666667
mmlda,0,0,0,0,0,3,0,3,0.725
用户行为数据,0,0,0,0,0,1,0,1,0.24166666666666667
稀疏性,1,0,0,0,0,2,0,3,1.4833333333333334
mmlda模型,0,0,0,0,0,2,0,2,0.48333333333333334
因子,0,0,0,0,0,1,0,1,0.24166666666666667
corr-lda,0,0,0,0,0,1,0,1,0.24166666666666667
一致性狄利克雷分布,0,0,0,0,0,1,0,1,0.24166666666666667
ld,0,0,0,0,0,1,0,1,0.24166666666666667
在狄利克雷模型,0,0,0,0,0,1,0,1,0.24166666666666667
多模态数据建模,0,0,0,0,0,2,0,2,0.48333333333333334
多模态性,1,0,0,0,0,2,1,4,1.725
群组数据,0,0,0,0,0,1,0,1,0.24166666666666667
社交好友数据,0,0,0,0,0,1,0,1,0.24166666666666667
上传分享数据,0,0,0,0,0,1,0,1,0.24166666666666667
多媒体行为数据,0,0,0,0,0,1,0,1,0.24166666666666667
单模态,0,0,0,0,0,2,0,2,0.48333333333333334
点击日志数据,0,0,0,0,0,1,0,1,0.24166666666666667
历史搜索,0,0,0,0,0,1,0,1,0.24166666666666667
查询意图,0,0,0,0,0,1,0,1,0.24166666666666667
ick,0,0,0,0,0,1,0,1,0.24166666666666667
行为语义,0,0,0,0,0,1,0,1,0.24166666666666667
情感语义,0,0,0,0,0,1,0,1,0.24166666666666667
场景语义,0,0,0,0,0,1,0,1,0.24166666666666667
图片资源,0,0,0,0,0,1,0,1,0.24166666666666667
文本查询词,0,0,0,0,0,1,0,1,0.24166666666666667
色彩,0,0,0,0,0,1,0,1,0.24166666666666667
视觉风格,0,0,0,0,0,1,0,1,0.24166666666666667
暴风雨,0,0,0,0,0,1,0,1,0.24166666666666667
返回结果,0,0,0,0,0,1,0,1,0.24166666666666667
长城汽车,0,0,0,0,0,1,0,1,0.24166666666666667
军事建筑,0,0,0,0,0,1,0,1,0.24166666666666667
na,0,0,0,0,0,1,0,1,0.24166666666666667
all,0,0,0,0,0,1,0,1,0.24166666666666667
rea,0,0,0,0,0,1,0,1,0.24166666666666667
概念,0,0,0,0,0,2,0,2,0.48333333333333334
风景图,0,0,0,0,0,1,0,1,0.24166666666666667
大海,0,0,0,0,0,1,0,1,0.24166666666666667
多模态文档,0,0,0,0,0,13,0,13,3.1416666666666666
分布,0,0,0,0,0,7,0,7,1.6916666666666667
采样,0,0,0,0,0,4,0,4,0.9666666666666667
according,0,0,0,0,0,2,0,2,0.48333333333333334
采样词,0,0,0,0,0,2,0,2,0.48333333333333334
ii采样,0,0,0,0,0,2,0,2,0.48333333333333334
m模态文档,0,0,0,0,0,2,0,2,0.48333333333333334
生成词,0,0,0,0,0,2,0,2,0.48333333333333334
联合分布采样,0,0,0,0,0,2,0,2,0.48333333333333334
模态文档,0,0,0,0,0,2,0,2,0.48333333333333334
狄利克雷先验因子,0,0,0,0,0,2,0,2,0.48333333333333334
gamma函数,0,0,0,0,0,1,0,1,0.24166666666666667
斗摩,0,0,0,0,0,1,0,1,0.24166666666666667
超参数风,0,0,0,0,0,1,0,1,0.24166666666666667
return仇内备,0,0,0,0,0,1,0,1,0.24166666666666667
ula,0,0,0,0,0,1,0,1,0.24166666666666667
ca,0,0,0,0,0,1,0,1,0.24166666666666667
ite,0,0,0,0,0,1,0,1,0.24166666666666667
im,0,0,0,0,0,1,0,1,0.24166666666666667
ver,0,0,0,0,0,1,0,1,0.24166666666666667
sampleatopick,0,0,0,0,0,1,0,1,0.24166666666666667
cord,0,0,0,0,0,1,0,1,0.24166666666666667
calculatep,0,0,0,0,0,1,0,1,0.24166666666666667
calculate力,0,0,0,0,0,1,0,1,0.24166666666666667
initializetopic,0,0,0,0,0,1,0,1,0.24166666666666667
九夕,0,0,0,0,0,1,0,1,0.24166666666666667
落and,0,0,0,0,0,1,0,1,0.24166666666666667
d1mmd,0,0,0,0,0,1,0,1,0.24166666666666667
multimodaldocument,0,0,0,0,0,1,0,1,0.24166666666666667
socialnetwork,0,0,0,0,0,1,0,1,0.24166666666666667
达式,0,0,0,0,0,1,0,1,0.24166666666666667
经验,0,0,0,0,0,1,0,1,0.24166666666666667
当前采样,0,0,0,0,0,1,0,1,0.24166666666666667
词叱,0,0,0,0,0,1,0,1,0.24166666666666667
m模态,0,0,0,0,0,1,0,1,0.24166666666666667
iiexp,0,0,0,0,0,1,0,1,0.24166666666666667
平疝,0,0,0,0,0,1,0,1,0.24166666666666667
仁加,0,0,0,0,0,1,0,1,0.24166666666666667
条件概率表达式,0,0,0,0,0,1,0,1,0.24166666666666667
耦合,0,0,0,0,0,1,0,1,0.24166666666666667
条件概率采样,0,0,0,0,0,1,0,1,0.24166666666666667
分布服,0,0,0,0,0,1,0,1,0.24166666666666667
mp,0,0,0,0,0,1,0,1,0.24166666666666667
edgibbs,0,0,0,0,0,1,0,1,0.24166666666666667
lla,0,0,0,0,0,1,0,1,0.24166666666666667
omzumn,0,0,0,0,0,1,0,1,0.24166666666666667
zamn,0,0,0,0,0,1,0,1,0.24166666666666667
i采样,0,0,0,0,0,1,0,1,0.24166666666666667
归一化常数,0,0,0,0,0,1,0,1,0.24166666666666667
多项式,0,0,0,0,0,1,0,1,0.24166666666666667
对租'模态,0,0,0,0,0,1,0,1,0.24166666666666667
th模态,0,0,0,0,0,1,0,1,0.24166666666666667
模型生成过程,0,0,0,0,0,1,0,1,0.24166666666666667
模态社,0,0,0,0,0,1,0,1,0.24166666666666667
对称kl散度,0,0,0,0,0,1,0,1,0.24166666666666667
优兴趣分布,0,0,0,0,0,1,0,1,0.24166666666666667
集合元素,0,0,0,0,0,1,0,1,0.24166666666666667
邻居节点集合,0,0,0,0,0,1,0,1,0.24166666666666667
兴趣表,0,0,0,0,0,2,0,2,0.48333333333333334
生成,0,0,0,0,0,1,0,1,0.24166666666666667
模态词,0,0,0,0,0,1,0,1,0.24166666666666667
有效信息,0,0,0,0,0,1,0,1,0.24166666666666667
单模态模型,0,0,0,0,0,1,0,1,0.24166666666666667
数据建模,0,0,0,0,0,1,0,1,0.24166666666666667
右肽,0,0,0,0,0,1,0,1,0.24166666666666667
小模态,0,0,0,0,0,1,0,1,0.24166666666666667
右股,0,0,0,0,0,1,0,1,0.24166666666666667
加模态,0,0,0,0,0,1,0,1,0.24166666666666667
分布矩阵,0,0,0,0,0,1,0,1,0.24166666666666667
图像模态,0,0,0,0,0,1,0,1,0.24166666666666667
主题个数,0,0,0,0,0,1,0,1,0.24166666666666667
模态主题,0,0,0,0,0,1,0,1,0.24166666666666667
umn5um,0,0,0,0,0,1,0,1,0.24166666666666667
用户模态文档,0,0,0,0,0,1,0,1,0.24166666666666667
心力,0,0,0,0,0,1,0,1,0.24166666666666667
9m,0,0,0,0,0,1,0,1,0.24166666666666667
体育,0,0,0,0,0,1,0,1,0.24166666666666667
图像文档,0,0,0,0,0,1,0,1,0.24166666666666667
文本文档,0,0,0,0,0,1,0,1,0.24166666666666667
文本数据集合,0,0,0,0,0,1,0,1,0.24166666666666667
用户个数,0,0,0,0,0,1,0,1,0.24166666666666667
文档个数,0,0,0,0,0,1,0,1,0.24166666666666667
数据对象,0,0,0,0,0,1,0,1,0.24166666666666667
图像建模,0,0,0,0,0,1,0,1,0.24166666666666667
传统文本建模,0,0,0,0,0,1,0,1,0.24166666666666667
月值,0,0,0,0,0,1,0,1,0.24166666666666667
冗余,0,0,0,0,0,1,0,1,0.24166666666666667
兴趣词,0,0,0,0,0,1,0,1,0.24166666666666667
wqe,0,0,0,0,0,1,0,1,0.24166666666666667
权重因子,0,0,0,0,0,1,0,1,0.24166666666666667
queryexpansion,0,0,0,0,0,1,0,1,0.24166666666666667
个性化跨模态检索,0,0,0,0,0,1,0,1,0.24166666666666667
过拟合,0,0,0,0,0,1,0,1,0.24166666666666667
图像特征,0,0,0,0,0,1,0,1,0.24166666666666667
标签特征,0,0,0,0,0,1,0,1,0.24166666666666667
词袋,0,0,0,0,0,1,0,1,0.24166666666666667
络链接,0,0,0,0,0,1,0,1,0.24166666666666667
实验数据,0,0,0,0,0,1,0,1,0.24166666666666667
多模态个数,0,0,0,0,0,1,0,1,0.24166666666666667
评价,0,0,0,0,0,2,0,2,0.48333333333333334
评价指标,0,0,0,0,0,3,0,3,0.725
测试集,0,0,0,0,0,1,0,1,0.24166666666666667
增强模型,0,0,0,0,0,1,0,1,0.24166666666666667
social-mmlda,0,0,0,0,0,2,0,2,0.48333333333333334
跨模态主题模型网,0,0,0,0,0,1,0,1,0.24166666666666667
狄利克雷分布模型网,0,0,0,0,0,1,0,1,0.24166666666666667
非个性化结果,0,0,0,0,0,1,0,1,0.24166666666666667
查询结,0,0,0,0,0,1,0,1,0.24166666666666667
个性化建模,0,0,0,0,0,1,0,1,0.24166666666666667
跨模态检索结果,0,0,0,0,0,2,0,2,0.48333333333333334
personalized,0,0,0,0,0,1,0,1,0.24166666666666667
非个性化,0,0,0,0,0,2,0,2,0.48333333333333334
top,0,0,0,0,0,1,0,1,0.24166666666666667
poisson分布,0,0,0,0,0,1,0,1,0.24166666666666667
服从参数,0,0,0,0,0,1,0,1,0.24166666666666667
模拟用户,0,0,0,0,0,1,0,1,0.24166666666666667
跨模态语料,0,0,0,0,0,1,0,1,0.24166666666666667
数据语料,0,0,0,0,0,1,0,1,0.24166666666666667
模型性能,0,0,0,0,0,1,0,1,0.24166666666666667
评价数据语料,0,0,0,0,0,1,0,1,0.24166666666666667
评估框架,0,0,0,0,0,1,0,1,0.24166666666666667
询扩展,0,0,0,0,0,8,0,8,1.9333333333333333
map指标,0,0,0,0,0,2,0,2,0.48333333333333334
主题数,0,0,0,0,0,1,0,1,0.24166666666666667
文本空间,0,0,0,0,0,1,0,1,0.24166666666666667
图像视觉空间,0,0,0,0,0,1,0,1,0.24166666666666667
多模态模型,0,0,0,0,0,1,0,1,0.24166666666666667
相关,0,0,0,0,0,1,0,1,0.24166666666666667
性能评估,0,0,0,0,0,1,0,1,0.24166666666666667
个性化需求,1,0,0,0,0,1,0,2,1.2416666666666667
一致性,0,0,0,0,0,0,3,3,0.725
跨模态间,0,0,0,0,0,0,1,1,0.24166666666666667
语义一致性约束,0,0,0,0,0,0,1,1,0.24166666666666667
异质数据,0,0,0,0,0,0,1,1,0.24166666666666667
社交性,1,0,0,0,0,0,1,2,1.2416666666666667
社交多模态数据,0,0,0,0,0,0,1,1,0.24166666666666667
contentcorrelation,0,0,0,0,1,0,0,1,0.24166666666666667
link,0,0,0,0,1,0,0,1,0.24166666666666667
跨模态关联学习,0,0,0,0,1,0,0,1,0.24166666666666667
跨模态关联,0,0,0,0,1,0,0,1,0.24166666666666667
个性化查询扩展,0,0,0,1,0,1,0,2,0.3666666666666667
社交多模态,0,0,0,0,0,1,0,1,0.24166666666666667
数据异构鸿沟,1,0,0,0,0,0,0,1,1.0
研究生,1,0,0,0,0,0,0,1,1.0
