,摘要,关键词,第一章,第二章,第三章,第四章,第五章,总词频,加权得分
数据,0,0,4,0,0,5,0,9,1.7083333333333333
主用户,1,0,10,6,0,7,2,26,5.175
频段,0,0,3,0,0,10,1,14,3.033333333333333
数据预测,1,0,0,0,0,3,0,4,1.725
频谱空洞,0,0,0,4,0,3,2,9,1.7083333333333333
预测,0,0,1,0,0,8,0,9,2.0583333333333336
速度,0,0,0,0,0,2,0,2,0.48333333333333334
数据预测技术,0,0,2,0,0,2,0,4,0.7333333333333334
认知基站,0,0,1,0,0,25,0,26,6.166666666666667
时间,0,0,2,0,0,9,0,11,2.425
频谱数据,1,0,3,0,0,9,0,13,3.55
网络结构,0,0,0,0,0,1,0,1,0.24166666666666667
自组织能力,0,0,0,0,0,1,0,1,0.24166666666666667
自学习,0,0,0,0,0,1,0,1,0.24166666666666667
神经网络,0,0,3,0,0,2,0,5,0.8583333333333334
内存空间,0,0,0,0,0,1,0,1,0.24166666666666667
模数据,0,0,0,0,0,1,0,1,0.24166666666666667
非线性,0,0,2,0,0,1,0,3,0.4916666666666667
高维,0,0,1,0,0,1,0,2,0.3666666666666667
数据挖掘,0,0,6,0,0,1,0,7,0.9916666666666667
支持向量机,0,0,3,0,0,2,0,5,0.8583333333333334
维数,0,0,0,0,0,1,0,1,0.24166666666666667
时间序列分析,0,0,0,0,0,1,0,1,0.24166666666666667
人工神经网络,0,0,3,0,0,1,0,4,0.6166666666666667
向量机,0,0,4,0,0,1,0,5,0.7416666666666667
存储,0,0,0,0,0,1,0,1,0.24166666666666667
数据库技术,0,0,1,0,0,1,0,2,0.3666666666666667
计算机,0,0,2,0,0,1,0,3,0.4916666666666667
干扰值,0,0,1,0,0,1,0,2,0.3666666666666667
切换率,0,0,2,0,0,1,0,3,0.4916666666666667
空闲,0,0,0,0,0,1,0,1,0.24166666666666667
干扰,0,0,0,1,0,5,1,7,1.575
时长,0,0,3,0,1,1,2,7,1.3416666666666668
感知,0,0,1,2,0,7,0,10,2.0666666666666664
频谱环境,0,0,0,0,0,1,1,2,0.48333333333333334
频谱感知技术,1,0,5,0,0,1,0,7,1.8666666666666667
可用频谱,0,0,1,0,0,1,0,2,0.3666666666666667
认知无线电,1,1,12,2,0,3,1,20,5.716666666666667
频谱感知数据,2,0,1,0,0,5,0,8,3.333333333333333
信号,1,0,9,48,66,6,1,131,25.766666666666666
门限,0,0,1,20,10,1,0,32,5.283333333333333
噪声功率,4,0,5,14,63,0,3,89,22.325
信噪比,1,0,2,45,35,0,3,86,16.058333333333334
判决门限,0,0,3,10,1,0,0,14,1.8666666666666667
频点,1,0,3,13,42,0,0,59,13.15
平均信噪比,0,0,0,5,1,0,0,6,0.8666666666666667
迭代终止条件,0,0,0,2,0,0,0,2,0.25
阈值,0,0,0,2,0,0,0,2,0.25
门限值,0,0,0,4,4,0,1,9,1.7083333333333333
功率,0,0,0,4,8,0,0,12,2.4333333333333336
功率值,0,0,0,2,13,0,0,15,3.3916666666666666
迭代模型,0,0,0,8,0,0,0,8,1.0
宽带能量检测算法,0,0,0,1,0,0,0,1,0.125
迭代精度,0,0,0,1,6,0,0,7,1.575
收敛阈值,0,0,0,1,0,0,0,1,0.125
相对,0,0,0,1,0,0,0,1,0.125
迭代过程,0,0,0,1,0,0,0,1,0.125
迭代流程,0,0,0,1,2,0,0,3,0.6083333333333334
判决模块,0,0,0,1,0,0,0,1,0.125
占用率,0,0,0,13,20,0,0,33,6.458333333333333
检测信噪比,0,0,0,4,1,0,0,5,0.7416666666666667
错判率门限,0,0,0,2,1,0,0,3,0.4916666666666667
恒检测率门限,0,0,0,1,0,0,0,1,0.125
宽带内信号,0,0,0,12,3,0,0,15,2.225
宽带,0,0,0,3,3,1,0,7,1.3416666666666668
宽带频谱感知,0,0,0,1,0,0,0,1,0.125
可得信噪比,0,0,0,1,0,0,0,1,0.125
频点功率,0,0,0,1,2,0,0,3,0.6083333333333334
噪声频点功率,0,0,0,1,0,0,0,1,0.125
噪声,1,0,1,4,12,0,1,19,4.766666666666667
取值,0,0,0,1,0,0,0,1,0.125
非负系数,0,0,0,1,0,0,0,1,0.125
平均功率,0,0,0,5,2,0,0,7,1.1083333333333334
流程,0,0,0,1,1,0,0,2,0.3666666666666667
迭代算法,1,0,1,6,4,0,0,12,2.841666666666667
能量检测,4,1,10,23,31,0,2,71,18.1
噪声估计,0,0,0,11,3,0,0,14,2.1
全盲,2,0,1,2,0,0,0,5,2.375
先验信息,3,0,8,11,4,0,2,28,6.825
匕响站,0,0,0,1,0,0,0,1,0.125
联合迭代模型,0,0,0,1,0,0,0,1,0.125
信道,2,0,22,0,0,19,6,49,10.791666666666668
授权频段,0,0,8,0,0,0,3,11,1.725
频谱资源,3,0,6,0,0,0,3,12,4.475
功率谱线,1,0,1,0,41,0,2,45,11.516666666666667
低信噪比环境,1,0,1,0,0,0,2,4,1.6083333333333334
性能,2,0,5,7,13,1,2,30,7.366666666666667
能量检测算法,1,0,9,8,21,0,2,41,8.683333333333334
检测性能,0,0,3,15,15,0,2,35,6.358333333333333
动态频谱接入,2,0,1,1,0,2,2,8,3.216666666666667
频谱感知,1,0,5,5,1,3,2,17,3.7
认知无线电技术,1,0,4,0,0,2,2,9,2.466666666666667
跳变开,0,0,0,0,0,0,1,1,0.24166666666666667
跳变率,1,0,1,0,0,0,1,3,1.3666666666666667
平均信道,0,0,2,0,0,0,1,3,0.4916666666666667
即时感知结,1,0,0,0,0,0,1,2,1.2416666666666667
认知中心,0,0,0,0,0,0,1,1,0.24166666666666667
频谱干扰,0,0,0,0,0,0,1,1,0.24166666666666667
测算,0,0,0,0,0,0,1,1,0.24166666666666667
时间序列,0,0,6,0,0,34,1,41,9.208333333333334
信道选择机制,0,0,0,0,0,0,1,1,0.24166666666666667
跳变,0,0,0,0,0,0,1,1,0.24166666666666667
即时感知,0,0,0,0,0,2,1,3,0.725
复杂度,1,0,2,1,2,0,1,7,2.1
虚警率,1,0,2,17,25,0,1,46,9.658333333333333
漏检率,0,0,0,18,14,0,1,33,5.875
算法,0,0,4,0,3,0,1,8,1.4666666666666668
低信噪比信号,1,0,0,3,19,0,1,24,6.208333333333333
能量检测算,1,0,0,0,2,0,1,4,1.725
循环平稳特征检测,0,0,3,2,1,0,1,7,1.1083333333333334
频谱感知算法,0,0,1,0,0,0,1,2,0.3666666666666667
信噪,0,0,1,7,1,0,1,10,1.4833333333333334
收敛性,0,0,0,0,0,0,1,1,0.24166666666666667
仿真,0,0,3,3,10,1,1,18,3.65
能量检测门限,0,0,0,3,1,0,1,5,0.8583333333333334
宽带频谱感知算法,0,0,0,0,0,0,1,1,0.24166666666666667
噪声功率估计,1,0,2,1,0,0,1,5,1.6166666666666667
频谱数据预测技术,0,0,0,0,0,0,1,1,0.24166666666666667
宽带频谱感知技术,0,0,0,0,0,0,1,1,0.24166666666666667
干扰水平,0,0,4,0,0,4,1,9,1.7083333333333333
可用时长,0,0,2,0,0,1,1,4,0.7333333333333334
授权频谱,0,0,2,0,0,0,1,3,0.4916666666666667
已授权频段,0,0,0,0,0,0,1,1,0.24166666666666667
利用率,0,0,3,0,0,0,1,4,0.6166666666666667
通信业务,0,0,2,0,0,0,1,3,0.4916666666666667
无线频谱资源,0,0,1,0,0,0,1,2,0.3666666666666667
无线通信技术,1,0,1,0,0,0,1,3,1.3666666666666667
自相关函数,0,0,0,2,0,24,0,26,6.05
残差序列,0,0,0,0,0,4,0,4,0.9666666666666667
样本,0,0,2,0,0,3,0,5,0.975
拟合序列,0,0,0,0,0,4,0,4,0.9666666666666667
arimac,0,0,0,0,0,1,0,1,0.24166666666666667
信源数据,1,0,2,0,0,17,0,20,5.358333333333333
阶差分,0,0,0,0,0,2,0,2,0.48333333333333334
阶数,0,0,0,0,0,9,0,9,2.175
arma模型,0,0,0,0,0,5,0,5,1.2083333333333333
震荡,0,0,0,0,0,2,0,2,0.48333333333333334
截尾,0,0,0,0,0,2,0,2,0.48333333333333334
截尾特性,0,0,0,0,0,3,0,3,0.725
平稳性时间序列,0,0,0,0,0,2,0,2,0.48333333333333334
模型阶数,0,0,1,0,0,3,0,4,0.85
方差,0,0,0,4,3,0,0,7,1.225
概率,0,0,0,2,8,0,0,10,2.1833333333333336
均值,0,0,0,3,3,6,0,12,2.55
指数分布,0,0,0,2,0,0,0,2,0.25
参数,0,0,1,4,2,0,0,7,1.1083333333333334
高斯分布,0,0,0,4,0,0,0,4,0.5
fft,0,0,0,2,0,0,0,2,0.25
错判率,0,0,0,11,4,0,0,15,2.341666666666667
检测率,1,0,2,4,18,0,0,25,6.1
性能指标,0,0,0,1,0,0,0,1,0.125
rc,0,0,0,1,0,0,0,1,0.125
no,0,0,0,1,0,0,0,1,0.125
中心极限定理,0,0,0,1,1,0,0,2,0.3666666666666667
统计量,0,0,1,2,1,0,0,4,0.6166666666666667
耶服从参数,0,0,0,1,0,0,0,1,0.125
瑞利分布,0,0,0,1,0,0,0,1,0.125
上均,0,0,0,1,0,0,0,1,0.125
概率论,0,0,0,1,0,1,0,2,0.3666666666666667
响号,0,0,0,1,0,0,0,1,0.125
fastfouriertransformation,0,0,0,1,0,0,0,1,0.125
快速傅里叶变换,0,0,0,1,0,0,0,1,0.125
时域采样,0,0,0,2,0,0,0,2,0.25
时域采样值,0,0,0,1,0,0,0,1,0.125
模型参数,0,0,0,1,0,0,0,1,0.125
可用信道,0,0,3,0,0,0,0,3,0.375
干扰预测模型,0,0,3,0,0,0,0,3,0.375
时间序列预测算法,0,0,5,0,0,4,0,9,1.5916666666666668
即时频谱感知,0,0,2,0,0,0,0,2,0.25
幅值,1,0,2,0,4,1,0,8,2.458333333333333
功率谱密度,1,0,2,0,12,0,0,15,4.15
用户,0,0,4,1,0,7,0,12,2.3166666666666664
宽带频谱,0,0,2,0,0,0,0,2,0.25
通信,0,0,4,0,0,3,0,7,1.225
即时频谱,0,0,3,0,0,0,0,3,0.375
预测模型,1,0,3,0,0,23,0,27,6.933333333333334
低信噪比,1,1,3,1,5,0,0,11,4.708333333333333
碰撞频率,0,0,1,0,0,1,0,2,0.3666666666666667
变量,0,0,1,0,0,5,0,6,1.3333333333333333
突发干扰,0,0,1,0,0,0,0,1,0.125
动态频谱接入模型,1,0,2,0,0,4,0,7,2.216666666666667
频谱预测数据,1,0,1,0,0,0,0,2,1.125
即时频谱感知结果,1,0,1,0,0,0,0,2,1.125
预测精度,1,0,1,0,0,1,0,3,1.3666666666666667
在线预测,1,0,1,0,0,4,0,6,2.091666666666667
用户业务模型,1,0,1,0,0,3,0,5,1.85
传播模型,1,0,1,0,0,4,0,6,2.091666666666667
地理模型,1,0,1,0,0,3,0,5,1.85
无线电应用,0,0,1,0,0,0,0,1,0.125
频谱数据预测,0,0,1,0,0,0,0,1,0.125
预测性能,0,0,1,0,0,0,0,1,0.125
预测结果,0,0,1,0,0,0,0,1,0.125
预测时间,0,0,1,0,0,1,0,2,0.3666666666666667
认知无线电系统,0,0,1,0,0,1,0,2,0.3666666666666667
切换,0,0,1,0,0,1,0,2,0.3666666666666667
内干扰水平,1,0,1,0,0,0,0,2,1.125
时间序列预测算,0,0,1,0,0,0,0,1,0.125
噪声频点,1,0,1,0,12,0,0,14,4.025
高斯白噪声,0,0,1,1,0,0,0,2,0.25
频率分辨率,0,0,1,2,5,0,0,8,1.5833333333333333
带宽,0,0,1,1,38,0,0,40,9.433333333333334
频带内信号,0,0,1,0,0,0,0,1,0.125
干扰水平值,0,0,1,0,0,0,0,1,0.125
时间序列预测,1,1,4,0,0,4,0,10,4.466666666666667
认知无线电网络,0,0,1,0,0,0,0,1,0.125
检测时间,0,0,2,1,0,0,0,3,0.375
低信噪比环,0,0,1,0,0,0,0,1,0.125
接收信号,0,0,1,0,0,0,0,1,0.125
衰落,0,0,1,0,0,0,0,1,0.125
信号衰减,0,0,1,0,0,0,0,1,0.125
距离,0,0,1,0,0,2,0,3,0.6083333333333334
通信环境,0,0,2,0,0,0,0,2,0.25
感知性能,0,0,1,0,0,0,0,1,0.125
计算量,0,0,1,0,0,0,0,1,0.125
匹配滤波检测,0,0,3,3,0,0,0,6,0.75
最优判决门限,0,0,0,2,0,0,0,2,0.25
周期性,0,0,0,2,0,12,0,14,3.15
频谱,1,0,1,2,0,0,0,4,1.375
迭代检测算法,0,0,0,1,0,0,0,1,0.125
概率密度分布,0,0,1,1,0,0,0,2,0.25
能量检测检验,0,0,0,1,0,0,0,1,0.125
能量累积,0,0,1,2,0,0,0,3,0.375
频域,0,0,0,3,0,2,0,5,0.8583333333333334
采样,0,0,0,1,0,0,0,1,0.125
时域信号,0,0,0,1,0,0,0,1,0.125
采样频率,0,0,0,1,0,0,0,1,0.125
奈奎斯特,0,0,0,1,0,0,0,1,0.125
噪声估计过程,0,0,0,1,0,0,0,1,0.125
能量检测过程,1,0,0,1,0,0,0,2,1.125
位置信息,0,0,0,1,0,0,0,1,0.125
噪声水平,0,0,0,1,0,0,0,1,0.125
空洞,0,0,0,1,0,0,0,1,0.125
频带,0,0,0,1,4,4,0,9,2.0583333333333336
信息,0,0,4,1,0,0,0,5,0.625
错判损失,0,0,0,1,0,0,0,1,0.125
虚警,0,0,0,5,1,0,0,6,0.8666666666666667
漏检,0,0,0,5,1,0,0,6,0.8666666666666667
最小错判率准则,0,0,0,2,1,0,0,3,0.4916666666666667
cdr,0,0,0,4,0,0,0,4,0.5
constdetectionratecrite,0,0,0,1,0,0,0,1,0.125
恒检测率准则,0,0,0,2,1,0,0,3,0.4916666666666667
cfar,0,0,0,3,2,0,0,5,0.8583333333333334
ra,0,0,0,1,0,0,0,1,0.125
恒虚警率准则,0,0,0,2,2,0,0,4,0.7333333333333334
调制信号,0,0,2,1,0,0,0,3,0.375
能量值,0,0,0,1,0,0,0,1,0.125
累积,0,0,0,1,0,0,0,1,0.125
检测准则,0,0,0,1,0,0,0,1,0.125
能量,0,0,0,1,4,0,0,5,1.0916666666666668
抗噪声能力,0,0,0,1,0,0,0,1,0.125
周期性特征,0,0,0,1,0,0,0,1,0.125
内在周期性,0,0,0,1,0,0,0,1,0.125
循环平稳特征,0,0,0,1,1,0,0,2,0.3666666666666667
静态随机,0,0,0,1,0,0,0,1,0.125
信号数据,0,0,0,1,0,0,0,1,0.125
数字调制,0,0,0,1,0,0,0,1,0.125
接收器,0,0,0,1,0,0,0,1,0.125
抵抗力,0,0,0,1,0,0,0,1,0.125
干扰信号,0,0,1,1,1,0,0,3,0.4916666666666667
脉冲波形,0,0,0,1,0,0,0,1,0.125
调制,0,0,3,1,0,0,0,4,0.5
信号检测技,0,0,0,1,0,0,0,1,0.125
传统通信系统,0,0,0,1,0,0,0,1,0.125
无线电系统,0,0,0,1,0,0,0,1,0.125
资源分配,0,0,0,1,0,0,0,1,0.125
无线电,1,0,3,1,0,0,0,5,1.5
周围通信环境,0,0,1,1,0,0,0,2,0.25
效率,0,0,1,1,0,2,0,4,0.7333333333333334
次用户,0,0,2,1,0,0,0,3,0.375
授权用户,0,0,2,0,0,0,0,2,0.25
软件处理速度,0,0,2,0,0,0,0,2,0.25
存储能力,0,0,1,0,0,0,0,1,0.125
硬件,0,0,1,0,0,1,0,2,0.3666666666666667
数据预测算法,0,0,1,0,0,0,0,1,0.125
历史数据,0,0,1,0,0,0,0,1,0.125
人工智能,0,0,1,0,0,0,0,1,0.125
空闲频段,1,0,1,0,0,3,0,5,1.85
认知无线电能,0,0,1,0,0,0,0,1,0.125
频谱空穴,0,0,1,0,0,0,0,1,0.125
已授权频谱,0,0,1,0,0,0,0,1,0.125
无线电功能,0,0,1,0,0,0,0,1,0.125
自适应频谱分配技术,0,0,1,0,0,0,0,1,0.125
非授权用户,0,0,2,0,0,0,0,2,0.25
授权,0,0,1,0,0,0,0,1,0.125
传输参数,0,0,1,0,0,0,0,1,0.125
载频,0,0,1,0,0,0,0,1,0.125
传输功率,0,0,1,0,0,0,0,1,0.125
智能无线通信系统,0,0,1,0,0,0,0,1,0.125
频谱感知认知无线电,0,0,1,0,0,0,0,1,0.125
软件无线电,0,0,1,0,0,0,0,1,0.125
全认知无线电,0,0,1,0,0,0,0,1,0.125
li,0,0,1,0,0,0,0,1,0.125
无线电概念,0,0,1,0,0,0,0,1,0.125
cognitiveradio,0,0,1,0,0,0,0,1,0.125
利用,0,0,1,0,0,0,0,1,0.125
非授权频段,0,0,1,0,0,0,0,1,0.125
业务,0,0,1,0,0,0,0,1,0.125
频率管理,0,0,1,0,0,0,0,1,0.125
频谱效率,0,0,1,0,0,0,0,1,0.125
多天线技术,0,0,1,0,0,0,0,1,0.125
链路自适应技术,0,0,1,0,0,0,0,1,0.125
无线通信理论,0,0,1,0,0,0,0,1,0.125
通信技术,0,0,1,0,0,0,0,1,0.125
超高频频段,0,0,1,0,0,0,0,1,0.125
超低频,0,0,1,0,0,0,0,1,0.125
回归,0,0,3,0,0,0,0,3,0.375
arma,0,0,2,0,0,2,0,4,0.7333333333333334
线性预测模型,0,0,2,0,0,0,0,2,0.25
序列,0,0,2,0,3,16,0,21,4.841666666666667
分类技术,0,0,2,0,0,0,0,2,0.25
分类,0,0,2,0,0,0,0,2,0.25
预测性任务,0,0,2,0,0,0,0,2,0.25
自回归滑动平均模型,0,0,2,0,0,0,0,2,0.25
工程技术,0,0,1,0,0,0,0,1,0.125
社会学,0,0,1,0,0,0,0,1,0.125
经济学,0,0,1,0,0,0,0,1,0.125
时序模型,0,0,1,0,0,0,0,1,0.125
过去,0,0,1,0,0,0,0,1,0.125
数列,0,0,1,0,0,0,0,1,0.125
数值,0,0,1,0,0,3,0,4,0.85
统计指标,0,0,1,0,0,0,0,1,0.125
动态数列,0,0,1,0,0,0,0,1,0.125
自适应性,0,0,1,0,0,0,0,1,0.125
自组织,0,0,1,0,0,0,0,1,0.125
分布式信息存储,0,0,1,0,0,0,0,1,0.125
并行处理,0,0,1,0,0,0,0,1,0.125
神经元节点,0,0,1,0,0,0,0,1,0.125
工作机制,0,0,1,0,0,0,0,1,0.125
机器,0,0,1,0,0,0,0,1,0.125
计算时间,0,0,1,0,0,0,0,1,0.125
机器内存,0,0,1,0,0,0,0,1,0.125
矩阵运算,0,0,1,0,0,0,0,1,0.125
矩阵,0,0,1,0,0,0,0,1,0.125
寻优,0,0,1,0,0,0,0,1,0.125
二次,0,0,1,0,0,0,0,1,0.125
维数灾难,0,0,1,0,0,0,0,1,0.125
低维空间,0,0,1,0,0,0,0,1,0.125
核映射,0,0,1,0,0,0,0,1,0.125
二次型寻优,0,0,1,0,0,0,0,1,0.125
vc维理论,0,0,1,0,0,0,0,1,0.125
结构化,0,0,1,0,0,0,0,1,0.125
arima模型,1,0,1,0,0,16,0,18,4.991666666666667
树回归,0,0,1,0,0,0,0,1,0.125
线性回归,0,0,1,0,0,0,0,1,0.125
回归挖掘算法,0,0,1,0,0,0,0,1,0.125
定量,0,0,1,0,0,0,0,1,0.125
预测值,0,0,1,0,0,4,0,5,1.0916666666666668
定性输出,0,0,1,0,0,0,0,1,0.125
垃圾邮件,0,0,1,0,0,0,0,1,0.125
待分类数据,0,0,1,0,0,0,0,1,0.125
分类函数,0,0,1,0,0,0,0,1,0.125
数据项,0,0,1,0,0,0,0,1,0.125
历史信息,0,0,1,0,0,0,0,1,0.125
异常检测,0,0,1,0,0,0,0,1,0.125
关联分析,0,0,1,0,0,0,0,1,0.125
聚类,0,0,1,0,0,0,0,1,0.125
规则,0,0,1,0,0,0,0,1,0.125
特性,0,0,1,0,0,2,0,3,0.6083333333333334
描述性,0,0,1,0,0,0,0,1,0.125
描述性任务,0,0,1,0,0,0,0,1,0.125
分支学科,0,0,1,0,0,0,0,1,0.125
知识,0,0,1,0,0,0,0,1,0.125
提取,0,0,1,0,0,0,0,1,0.125
频带内干扰值,0,0,1,0,0,0,0,1,0.125
信道状态,0,0,1,0,0,0,0,1,0.125
空闲信道,0,0,1,0,0,0,0,1,0.125
状态信息,0,0,1,0,0,0,0,1,0.125
空闲时长,0,0,1,0,0,0,0,1,0.125
数据挖据技术,0,0,1,0,0,0,0,1,0.125
数据挖掘技术,0,0,2,0,0,0,0,2,0.25
无用功,0,0,1,0,0,0,0,1,0.125
决策,0,0,1,0,0,0,0,1,0.125
有用信息,0,0,1,0,0,0,0,1,0.125
数据量,0,0,1,0,0,0,0,1,0.125
査询,0,0,1,0,0,0,0,1,0.125
数据存储,0,0,1,0,0,0,0,1,0.125
硬件存储能力,0,0,1,0,0,0,0,1,0.125
计算机技术,0,0,1,0,0,0,0,1,0.125
感知结,0,0,2,1,0,0,0,3,0.375
即时频谱感知技术,0,0,1,0,0,0,0,1,0.125
数据预测技,0,0,1,0,0,0,0,1,0.125
噪声门限,0,0,0,0,2,0,0,2,0.48333333333333334
连续频点,0,0,0,0,3,0,0,3,0.725
sdb,0,0,0,0,1,0,0,1,0.24166666666666667
用频点,0,0,0,0,2,0,0,2,0.48333333333333334
非占用频点功率,0,0,0,0,1,0,0,1,0.24166666666666667
分布函数,0,0,0,0,2,0,0,2,0.48333333333333334
频点幅值,0,0,0,0,4,0,0,4,0.9666666666666667
概率知识,0,0,0,0,1,0,0,1,0.24166666666666667
代价损失系数,0,0,0,1,1,0,0,2,0.3666666666666667
icfar,0,0,0,9,4,0,0,13,2.091666666666667
检测,0,0,0,1,6,0,0,7,1.575
rbed,0,0,0,0,2,0,0,2,0.48333333333333334
迭代,0,0,0,0,1,0,0,1,0.24166666666666667
固定低信噪比宽带信号,0,0,0,0,3,0,0,3,0.725
强度,0,0,0,0,0,7,0,7,1.6916666666666667
用户接入强度,0,0,0,0,0,5,0,5,1.2083333333333333
通话时长,0,0,0,0,0,3,0,3,0.725
用户数,0,0,0,0,0,3,0,3,0.725
移动干扰,0,0,0,0,0,3,0,3,0.725
固定干扰,0,0,0,0,0,2,0,2,0.48333333333333334
感知间隔,0,0,0,0,0,3,0,3,0.725
泊松分布,0,0,0,0,0,2,0,2,0.48333333333333334
接入数,0,0,0,0,0,2,0,2,0.48333333333333334
地理,0,0,0,0,0,8,0,8,1.9333333333333333
人口密度,0,0,0,0,0,4,0,4,0.9666666666666667
干扰随机性,0,0,0,0,0,1,0,1,0.24166666666666667
信源数,0,0,0,0,0,1,0,1,0.24166666666666667
感知信号,0,0,0,0,0,1,0,1,0.24166666666666667
仿真条,0,0,0,0,1,1,0,2,0.48333333333333334
接入强度,0,0,0,0,0,1,0,1,0.24166666666666667
海洋,0,0,0,0,0,4,0,4,0.9666666666666667
基站,0,0,0,0,0,3,0,3,0.725
地理格内信号,0,0,0,0,0,1,0,1,0.24166666666666667
单用户信号,0,0,0,0,0,1,0,1,0.24166666666666667
地理格内用户,0,0,0,0,0,1,0,1,0.24166666666666667
感知基站,0,0,0,0,0,1,0,1,0.24166666666666667
感知区,0,0,0,0,0,1,0,1,0.24166666666666667
黑夜,0,0,0,0,0,1,0,1,0.24166666666666667
分布参数,0,0,0,0,0,1,0,1,0.24166666666666667
退出,0,0,0,0,0,1,0,1,0.24166666666666667
负指数分布,0,0,0,0,0,1,0,1,0.24166666666666667
负指数模型,0,0,0,0,0,1,0,1,0.24166666666666667
退出数,0,0,0,0,0,1,0,1,0.24166666666666667
接入用户数,0,0,0,0,0,1,0,1,0.24166666666666667
用户总数,0,0,0,0,0,1,0,1,0.24166666666666667
地理格,0,0,0,0,0,17,0,17,4.108333333333333
地理类型,0,0,0,0,0,1,0,1,0.24166666666666667
干扰接入,0,0,0,0,0,1,0,1,0.24166666666666667
icdr,0,0,0,12,2,0,0,14,1.9833333333333334
迭代次数,0,0,0,6,9,0,0,15,2.925
mine,0,0,0,10,0,0,0,10,1.25
仿真参数,0,0,0,4,2,0,0,6,0.9833333333333334
ic,0,0,0,1,0,0,0,1,0.125
mine算法,0,0,0,3,0,0,0,3,0.375
总错判率,0,0,0,1,0,0,0,1,0.125
代价系数,0,0,0,1,0,0,0,1,0.125
目标检测信噪比,0,0,0,2,1,0,0,3,0.4916666666666667
目标检测率,0,0,0,3,1,0,0,4,0.6166666666666667
时域观测时长,0,0,0,3,1,0,0,4,0.6166666666666667
样点数,0,0,0,1,0,0,0,1,0.125
总带宽,0,0,0,2,1,0,0,3,0.4916666666666667
minerror,0,0,0,1,0,0,0,1,0.125
cdr能量检测,0,0,0,1,0,0,0,1,0.125
待检测频点,0,0,0,1,0,0,0,1,0.125
fft变换,0,0,0,1,0,0,0,1,0.125
宽频带信号,0,0,0,1,0,0,0,1,0.125
sampleautocorrelationfunction,0,0,0,0,0,2,0,2,0.48333333333333334
平稳性,0,0,0,0,0,8,0,8,1.9333333333333333
漏检信号,0,0,0,0,29,0,0,29,7.008333333333334
滑动平均窗,0,0,0,0,14,0,0,14,3.3833333333333333
低通滤波,0,0,0,0,6,0,0,6,1.45
窗口,0,0,0,0,4,0,0,4,0.9666666666666667
滑动窗口,0,0,0,0,5,0,0,5,1.2083333333333333
待检测信号,0,0,0,0,8,0,0,8,1.9333333333333333
相关性,0,0,0,0,8,2,0,10,2.4166666666666665
平均功率值,0,0,0,1,2,0,0,3,0.6083333333333334
噪声功率值,0,0,0,0,2,0,0,2,0.48333333333333334
最小带宽,0,0,0,0,1,0,0,1,0.24166666666666667
仿真分,0,0,0,0,1,0,0,1,0.24166666666666667
初始序列,0,0,0,0,1,0,0,1,0.24166666666666667
信号频点,0,0,0,0,2,0,0,2,0.48333333333333334
未知信号,0,0,0,0,1,0,0,1,0.24166666666666667
记se务,0,0,0,0,1,0,0,1,0.24166666666666667
处频点,0,0,0,0,1,0,0,1,0.24166666666666667
s级,0,0,0,0,1,0,0,1,0.24166666666666667
平均窗,0,0,0,0,1,0,0,1,0.24166666666666667
滑动,0,0,0,0,1,0,0,1,0.24166666666666667
nomaigm,0,0,0,0,1,0,0,1,0.24166666666666667
中心极限,0,0,0,0,1,0,0,1,0.24166666666666667
频点序列,0,0,0,0,1,0,0,1,0.24166666666666667
正态分布,0,0,0,0,1,0,0,1,0.24166666666666667
实数,0,0,0,0,1,0,0,1,0.24166666666666667
随机变量,0,0,0,0,1,1,0,2,0.48333333333333334
同分布,0,0,0,0,1,0,0,1,0.24166666666666667
独立,0,0,0,0,1,0,0,1,0.24166666666666667
随机变量序列,0,0,0,0,1,0,0,1,0.24166666666666667
频点功率值,0,0,0,0,3,0,0,3,0.725
宽带信号,0,0,0,3,2,0,0,5,0.8583333333333334
平滑,0,0,0,0,1,0,0,1,0.24166666666666667
观测,0,0,0,0,1,0,0,1,0.24166666666666667
感知时间,0,0,2,0,1,1,0,4,0.7333333333333334
观测时长,0,0,0,0,10,0,0,10,2.4166666666666665
宽带能量检测,0,0,0,0,2,0,0,2,0.48333333333333334
最低检测信噪比门限,0,0,0,0,1,0,0,1,0.24166666666666667
检测能力,0,0,0,0,1,0,0,1,0.24166666666666667
观测时间,0,0,0,0,1,0,0,1,0.24166666666666667
低信噪比能量检测,0,0,0,0,1,0,0,1,0.24166666666666667
mape,0,0,0,0,0,4,0,4,0.9666666666666667
预测误差,0,0,0,0,0,2,0,2,0.48333333333333334
mape值,0,0,0,0,0,2,0,2,0.48333333333333334
tic,0,0,0,0,0,1,0,1,0.24166666666666667
希尔不等系数,0,0,0,0,0,1,0,1,0.24166666666666667
平均绝对百分误差,0,0,0,0,0,1,0,1,0.24166666666666667
mae,0,0,0,0,0,1,0,1,0.24166666666666667
平均绝对误差,0,0,0,0,0,1,0,1,0.24166666666666667
rmse,0,0,0,0,0,1,0,1,0.24166666666666667
均方根误差,0,0,0,0,0,1,0,1,0.24166666666666667
评价指标,0,0,0,0,0,1,0,1,0.24166666666666667
检验过程,0,0,0,0,0,1,0,1,0.24166666666666667
总频点,0,0,0,0,3,0,0,3,0.725
时信号,0,0,0,0,2,0,0,2,0.48333333333333334
带宽占用率,0,0,0,0,2,0,0,2,0.48333333333333334
待检信号,0,0,0,0,2,0,0,2,0.48333333333333334
占用,0,0,0,0,1,0,0,1,0.24166666666666667
横坐标,0,0,0,0,1,0,0,1,0.24166666666666667
功率谱,0,0,0,0,1,0,0,1,0.24166666666666667
rjpm冲反,0,0,0,0,1,0,0,1,0.24166666666666667
总频带,0,0,0,0,1,0,0,1,0.24166666666666667
记信号,0,0,0,0,1,0,0,1,0.24166666666666667
lqg,0,0,0,0,1,0,0,1,0.24166666666666667
初始值,0,0,0,0,1,0,0,1,0.24166666666666667
迭代法,0,0,0,0,2,0,0,2,0.48333333333333334
测性能,0,0,0,0,1,0,0,1,0.24166666666666667
关性,0,0,0,0,1,0,0,1,0.24166666666666667
固定宽带信号,0,0,0,0,1,0,0,1,0.24166666666666667
信号带宽,0,0,1,0,1,0,0,2,0.3666666666666667
差分,0,0,0,0,0,14,0,14,3.3833333333333333
偏自相关函数,0,0,0,0,0,4,0,4,0.9666666666666667
指数衰减,0,0,0,0,0,4,0,4,0.9666666666666667
自回归移动平均模型,0,0,0,0,0,5,0,5,1.2083333333333333
正弦震荡衰减,0,0,0,0,0,3,0,3,0.725
移动平均模型,0,0,0,0,0,4,0,4,0.9666666666666667
自回归模型,0,0,0,0,0,5,0,5,1.2083333333333333
次数,0,0,0,0,0,2,0,2,0.48333333333333334
非平稳性,0,0,0,0,0,21,0,21,5.075
偏相关函数,0,0,0,0,0,8,0,8,1.9333333333333333
系数,0,0,0,1,0,2,0,3,0.6083333333333334
衰减,0,0,0,0,0,2,0,2,0.48333333333333334
滞后算子,0,0,0,0,0,2,0,2,0.48333333333333334
p阶自回归过程,0,0,0,0,0,2,0,2,0.48333333333333334
协方差,0,0,0,0,0,2,0,2,0.48333333333333334
白噪声,0,0,0,0,0,4,0,4,0.9666666666666667
arma过程,0,0,0,0,0,1,0,1,0.24166666666666667
平均混合过程,0,0,0,0,0,1,0,1,0.24166666666666667
自回归,0,0,0,0,0,1,0,1,0.24166666666666667
平稳时间序列,0,0,0,0,0,5,0,5,1.2083333333333333
ar1ma模型,0,0,0,0,0,1,0,1,0.24166666666666667
自回归移动平均混合模型,0,0,0,0,0,1,0,1,0.24166666666666667
差分算子,0,0,0,0,0,1,0,1,0.24166666666666667
单位圆,0,0,0,0,0,1,0,1,0.24166666666666667
零点,0,0,0,0,0,1,0,1,0.24166666666666667
q阶算式,0,0,0,0,0,1,0,1,0.24166666666666667
p阶,0,0,0,0,0,2,0,2,0.48333333333333334
arima过程,0,0,0,0,0,1,0,1,0.24166666666666667
平稳化,0,0,0,0,0,1,0,1,0.24166666666666667
记差分,0,0,0,0,0,1,0,1,0.24166666666666667
随时间,0,0,0,0,0,1,0,1,0.24166666666666667
非平稳性时间序列,0,0,0,0,0,1,0,1,0.24166666666666667
阶自回归移动平均混合模型,0,0,0,0,0,1,0,1,0.24166666666666667
服从,0,0,0,0,0,1,0,1,0.24166666666666667
arima,1,0,1,0,0,2,0,4,1.6083333333333334
截尾性,0,0,0,0,0,2,0,2,0.48333333333333334
ar过程,0,0,0,0,0,1,0,1,0.24166666666666667
ma过程,0,0,0,0,0,1,0,1,0.24166666666666667
阶自回归过程,0,0,0,0,0,1,0,1,0.24166666666666667
达式,0,0,0,0,0,1,0,1,0.24166666666666667
记力阶,0,0,0,0,0,1,0,1,0.24166666666666667
非零函数,0,0,0,0,0,1,0,1,0.24166666666666667
自回归过程,0,0,0,0,0,1,0,1,0.24166666666666667
平稳自回归过程,0,0,0,0,0,1,0,1,0.24166666666666667
正弦震荡,0,0,0,0,0,1,0,1,0.24166666666666667
共斩复根,0,0,0,0,0,1,0,1,0.24166666666666667
通解,0,0,0,0,0,1,0,1,0.24166666666666667
特征方程,0,0,0,0,0,1,0,1,0.24166666666666667
arima模型阶数,0,0,0,0,0,1,0,1,0.24166666666666667
自相关系数,0,0,0,0,0,1,0,1,0.24166666666666667
高斯,0,0,0,0,0,1,0,1,0.24166666666666667
幻凡,0,0,0,0,0,1,0,1,0.24166666666666667
旦诙,0,0,0,0,0,1,0,1,0.24166666666666667
辭耳,0,0,0,0,0,1,0,1,0.24166666666666667
自协方差,0,0,0,0,0,1,0,1,0.24166666666666667
丿阶,0,0,0,0,0,1,0,1,0.24166666666666667
数字特征,0,0,0,0,0,1,0,1,0.24166666666666667
常数,0,0,0,0,0,1,0,1,0.24166666666666667
g阶移动平均过程,0,0,0,0,0,1,0,1,0.24166666666666667
ma模型,0,0,0,0,0,1,0,1,0.24166666666666667
ar模型,0,0,0,0,0,1,0,1,0.24166666666666667
rima模型,0,0,0,0,0,2,0,2,0.48333333333333334
1a,0,0,0,0,0,1,0,1,0.24166666666666667
感知区域,0,0,0,0,0,4,0,4,0.9666666666666667
地理区域,0,0,0,0,0,4,0,4,0.9666666666666667
海边,0,0,0,0,0,2,0,2,0.48333333333333334
陆地,0,0,0,0,0,2,0,2,0.48333333333333334
感知模型,0,0,0,0,0,2,0,2,0.48333333333333334
覆盖区域,0,0,0,0,0,2,0,2,0.48333333333333334
感知覆盖区域,0,0,0,0,0,2,0,2,0.48333333333333334
地球表面,0,0,0,0,0,2,0,2,0.48333333333333334
海边海洋,0,0,0,0,0,1,0,1,0.24166666666666667
地理格分配,0,0,0,0,0,1,0,1,0.24166666666666667
感知时间间隔,0,0,0,0,0,1,0,1,0.24166666666666667
条形,0,0,0,0,0,1,0,1,0.24166666666666667
环形,0,0,0,0,0,1,0,1,0.24166666666666667
地面,0,0,0,0,0,1,0,1,0.24166666666666667
边长,0,0,0,0,0,2,0,2,0.48333333333333334
面积,0,0,0,0,0,1,0,1,0.24166666666666667
干扰接入强,0,0,0,0,0,1,0,1,0.24166666666666667
认知基,0,0,0,0,0,1,0,1,0.24166666666666667
干扰接入强度,0,0,0,0,0,1,0,1,0.24166666666666667
条形区域,0,0,0,0,0,1,0,1,0.24166666666666667
地球,0,0,0,0,0,2,0,2,0.48333333333333334
纬度线,0,0,0,0,0,1,0,1,0.24166666666666667
地理位置,0,0,0,0,0,1,0,1,0.24166666666666667
纬度,0,0,0,0,0,1,0,1,0.24166666666666667
经度,0,0,0,0,0,1,0,1,0.24166666666666667
预测速度,0,0,0,0,0,5,0,5,1.2083333333333333
干扰预测,0,0,0,0,0,2,0,2,0.48333333333333334
即时感知结果,0,0,0,0,0,3,0,3,0.725
频谱预测,0,0,0,0,0,1,0,1,0.24166666666666667
时间序列预测模型,0,0,0,0,0,2,0,2,0.48333333333333334
时间周期,0,0,0,0,0,1,0,1,0.24166666666666667
像线性回归,0,0,0,0,0,1,0,1,0.24166666666666667
数据集,0,0,0,0,0,1,0,1,0.24166666666666667
特征值,0,0,0,0,0,1,0,1,0.24166666666666667
精度,0,0,0,0,1,1,0,2,0.48333333333333334
感知结果,0,0,0,1,1,1,0,3,0.6083333333333334
频带内干扰预测模型,0,0,0,0,0,1,0,1,0.24166666666666667
全频段,0,0,0,0,0,1,0,1,0.24166666666666667
频带内干扰,0,0,0,0,0,1,0,1,0.24166666666666667
海量性,0,0,0,0,0,1,0,1,0.24166666666666667
宽带内频点,0,0,0,0,0,1,0,1,0.24166666666666667
时间间隔,0,0,0,0,0,1,0,1,0.24166666666666667
周期,0,0,0,0,0,4,0,4,0.9666666666666667
干扰强度,0,0,0,0,0,1,0,1,0.24166666666666667
连续性,0,0,0,0,0,1,0,1,0.24166666666666667
数字,0,0,0,0,0,1,0,1,0.24166666666666667
感知数据,0,0,0,0,0,1,0,1,0.24166666666666667
间隔性,0,0,0,0,0,1,0,1,0.24166666666666667
普通预测,0,0,0,0,0,2,0,2,0.48333333333333334
普通预测模型,0,0,0,0,0,2,0,2,0.48333333333333334
测试数据,0,0,0,0,0,2,0,2,0.48333333333333334
训练数据,0,0,1,0,0,3,0,4,0.85
权重,0,0,1,0,0,3,0,4,0.85
事件,0,0,0,0,0,1,0,1,0.24166666666666667
感知过程,0,0,0,0,0,1,0,1,0.24166666666666667
arima预测模型,0,0,0,0,0,1,0,1,0.24166666666666667
测试集,0,0,0,0,0,1,0,1,0.24166666666666667
预测信源,0,0,0,0,0,1,0,1,0.24166666666666667
4arima模型,0,0,0,0,0,1,0,1,0.24166666666666667
傅里叶变换,0,0,0,0,0,3,0,3,0.725
频率,0,0,0,1,0,5,0,6,1.3333333333333333
间隔,0,0,0,0,0,2,0,2,0.48333333333333334
拖尾性,0,0,0,0,0,2,0,2,0.48333333333333334
差分后时间序列,0,0,0,0,0,1,0,1,0.24166666666666667
差分序列,0,0,0,0,0,1,0,1,0.24166666666666667
差分时间序列,0,0,0,0,0,1,0,1,0.24166666666666667
初始时间序列,0,0,0,0,0,1,0,1,0.24166666666666667
频谱分,0,0,0,0,0,1,0,1,0.24166666666666667
样频率,0,0,0,0,0,1,0,1,0.24166666666666667
记时间序列,0,0,0,0,0,1,0,1,0.24166666666666667
正半轴,0,0,0,0,0,1,0,1,0.24166666666666667
能量谱,0,0,0,0,0,1,0,1,0.24166666666666667
傅里叶变化,0,0,0,0,0,1,0,1,0.24166666666666667
直流分量,0,0,0,0,0,1,0,1,0.24166666666666667
分量,0,0,0,0,0,1,0,1,0.24166666666666667
频率信号,0,0,0,0,0,1,0,1,0.24166666666666667
频率分量,0,0,0,0,0,1,0,1,0.24166666666666667
频率正弦波信号,0,0,0,0,0,1,0,1,0.24166666666666667
周期特性,0,0,0,0,0,1,0,1,0.24166666666666667
认知无线电应用,0,0,1,0,0,0,0,1,0.125
信源,0,0,1,0,0,2,0,3,0.6083333333333334
局限性,0,0,1,0,0,0,0,1,0.125
模型,0,0,1,0,0,4,0,5,1.0916666666666668
宽带能量检测模型,0,0,1,0,0,0,0,1,0.125
协作频谱感知,0,0,4,0,0,0,0,4,0.5
认知用户,0,0,2,0,0,0,0,2,0.25
循环谱,0,0,2,0,0,0,0,2,0.25
频谱相关性函数,0,0,2,0,0,0,0,2,0.25
感知精度,0,0,1,0,0,0,0,1,0.125
资源消耗,0,0,1,0,0,0,0,1,0.125
感知节点,0,0,1,0,0,0,0,1,0.125
协作策略,0,0,1,0,0,0,0,1,0.125
认知,0,0,1,0,0,0,0,1,0.125
阴影衰落,0,0,1,0,0,0,0,1,0.125
无线环境,0,0,1,0,0,0,0,1,0.125
频谱感知功能,0,0,1,0,0,0,0,1,0.125
导频检测,0,0,1,0,0,0,0,1,0.125
解调,0,0,1,0,0,0,0,1,0.125
授权信号,0,0,1,0,0,0,0,1,0.125
输出信噪比,0,0,1,0,0,0,0,1,0.125
用户信号,0,0,1,0,0,2,0,3,0.6083333333333334
二维变换,0,0,1,0,0,0,0,1,0.125
频谱冗余性,0,0,1,0,0,0,0,1,0.125
循环平稳信号,0,0,1,0,0,0,0,1,0.125
信号检测率,0,0,1,0,0,0,0,1,0.125
循环频率,0,0,1,0,0,0,0,1,0.125
循环平稳性,0,0,1,0,0,0,0,1,0.125
检测信噪比门限,0,0,1,0,0,0,0,1,0.125
复杂率,0,0,1,0,0,0,0,1,0.125
累积能量值,0,0,1,0,0,0,0,1,0.125
循环平稳检测,0,0,1,0,0,0,0,1,0.125
检测过程,0,0,0,0,1,0,0,1,0.24166666666666667
信道内干扰水平,0,0,0,0,0,3,0,3,0.725
频谱感知结,0,0,0,0,0,1,0,1,0.24166666666666667
通信时长,0,0,0,0,0,1,0,1,0.24166666666666667
候选信道,0,0,0,0,0,1,0,1,0.24166666666666667
频谱感知过程,0,0,0,0,0,1,0,1,0.24166666666666667
干扰水平预测模型,0,0,0,0,0,1,0,1,0.24166666666666667
窄带感知,0,0,0,0,0,1,0,1,0.24166666666666667
宽带感知,0,0,0,0,0,1,0,1,0.24166666666666667
碰撞,0,0,0,0,0,1,0,1,0.24166666666666667
吞吐量,0,0,0,0,0,1,0,1,0.24166666666666667
网络,0,0,0,0,0,1,0,1,0.24166666666666667
动态频谱接入技术,0,0,0,0,0,1,0,1,0.24166666666666667
信号模型,0,0,0,1,0,0,0,1,0.125
二元假设模型,0,0,0,1,0,0,0,1,0.125
认知系统,0,0,0,1,0,0,0,1,0.125
总采样时长,0,0,0,1,0,0,0,1,0.125
采样点数,0,0,0,2,1,0,0,3,0.4916666666666667
时域,0,0,0,1,0,0,0,1,0.125
奈奎斯特频率,0,0,0,1,0,0,0,1,0.125
频带内噪声,0,0,0,1,0,0,0,1,0.125
宽频带时域信号,0,0,0,1,0,0,0,1,0.125
能量检测模,0,0,0,1,0,0,0,1,0.125
时域样,0,0,0,1,0,0,0,1,0.125
心10,0,0,0,0,1,0,0,1,0.24166666666666667
改进算法,0,0,0,0,1,0,0,1,0.24166666666666667
bandwidth,0,0,0,0,2,0,0,2,0.48333333333333334
总迭代次数,0,0,0,0,1,0,0,1,0.24166666666666667
sopi,0,0,0,0,1,0,0,1,0.24166666666666667
迭代终止,0,0,0,0,1,0,0,1,0.24166666666666667
seg,0,0,0,0,2,0,0,2,0.48333333333333334
低通滤波后,0,0,0,0,1,0,0,1,0.24166666666666667
噪声功紊,0,0,0,0,1,0,0,1,0.24166666666666667
初次,0,0,0,0,1,0,0,1,0.24166666666666667
估计噪声功率,0,0,0,0,1,0,0,1,0.24166666666666667
相对阈,0,0,0,0,1,0,0,1,0.24166666666666667
噪声功率差,0,0,0,0,1,0,0,1,0.24166666666666667
非占用序列,0,0,0,0,1,0,0,1,0.24166666666666667
联合迭代算法,0,0,0,0,1,0,0,1,0.24166666666666667
代价门限,0,0,0,2,0,0,0,2,0.25
损失系数,0,0,0,2,0,0,0,2,0.25
损失,0,0,0,2,0,0,0,2,0.25
服从均值,0,0,0,2,0,0,0,2,0.25
代价损失函数,0,0,0,1,0,0,0,1,0.125
错判指标,0,0,0,1,0,0,0,1,0.125
错判概率,0,0,0,1,0,0,0,1,0.125
匝告马,0,0,0,1,0,0,0,1,0.125
损失函数,0,0,0,1,0,0,0,1,0.125
系统,0,0,0,1,0,0,0,1,0.125
决门限,0,0,0,1,0,0,0,1,0.125
hcpm,0,0,0,1,0,0,0,1,0.125
normal,0,0,0,1,0,0,0,1,0.125
检验统计量,0,0,0,2,0,0,0,2,0.25
门限设,0,0,0,1,0,0,0,1,0.125
接入机会,0,0,0,1,0,0,0,1,0.125
噪声虚警,0,0,0,1,0,0,0,1,0.125
cdro,0,0,0,1,0,0,0,1,0.125
信噪比信号,0,0,0,1,1,0,0,2,0.3666666666666667
宽带内,0,0,0,3,0,0,0,3,0.375
能量检测模型,0,0,0,1,0,0,0,1,0.125
采样信号,0,0,0,1,0,0,0,1,0.125
时域信号采样模型,0,0,0,1,0,0,0,1,0.125
信源仿真结,0,0,0,0,0,1,0,1,0.24166666666666667
信源仿真模型,0,0,0,0,0,1,0,1,0.24166666666666667
循环感知,0,0,0,0,0,1,0,1,0.24166666666666667
信号干扰,0,0,0,0,0,1,0,1,0.24166666666666667
模拟认知基站,0,0,0,0,0,1,0,1,0.24166666666666667
频谱图,0,0,0,0,0,1,0,1,0.24166666666666667
时间序列预测技术,0,0,0,0,0,1,0,1,0.24166666666666667
移动平均法,0,0,0,0,0,3,0,3,0.725
数学模型,0,0,0,0,0,1,0,1,0.24166666666666667
随机序列,0,0,0,0,0,1,0,1,0.24166666666666667
预测对,0,0,0,0,0,1,0,1,0.24166666666666667
时序短期预测模型,0,0,0,0,0,1,0,1,0.24166666666666667
差分次数,0,0,0,0,0,1,0,1,0.24166666666666667
q阶移动平均模型,0,0,0,0,0,1,0,1,0.24166666666666667
averagemodel,0,0,0,0,0,1,0,1,0.24166666666666667
moving,0,0,0,0,0,1,0,1,0.24166666666666667
autoregressiveintegrated,0,0,0,0,0,1,0,1,0.24166666666666667
指数,0,0,0,0,0,1,0,1,0.24166666666666667
加权平均法,0,0,0,0,0,1,0,1,0.24166666666666667
指数平滑法,0,0,0,0,0,1,0,1,0.24166666666666667
指数平滑,0,0,0,0,0,1,0,1,0.24166666666666667
循环因子,0,0,0,0,0,1,0,1,0.24166666666666667
趋势因子,0,0,0,0,0,1,0,1,0.24166666666666667
季节因子,0,0,0,0,0,1,0,1,0.24166666666666667
分解方法,0,0,0,0,0,1,0,1,0.24166666666666667
随机波动,0,0,0,0,0,1,0,1,0.24166666666666667
movingaverage,0,0,0,0,0,1,0,1,0.24166666666666667
滑动平均法,0,0,0,0,0,1,0,1,0.24166666666666667
频谱感知数据序列,0,0,0,0,0,1,0,1,0.24166666666666667
预测算法,0,0,0,0,0,1,0,1,0.24166666666666667
预测手,0,0,0,0,0,1,0,1,0.24166666666666667
统计学,0,0,0,0,0,1,0,1,0.24166666666666667
自变量,0,0,0,0,0,1,0,1,0.24166666666666667
历史序列,0,0,0,0,0,1,0,1,0.24166666666666667
定量预测,0,0,0,0,0,1,0,1,0.24166666666666667
间隔时间,0,0,0,0,0,1,0,1,0.24166666666666667
指标,0,0,0,0,0,1,0,1,0.24166666666666667
窄带信号,0,0,0,3,4,0,0,7,1.3416666666666668
icdr算法,0,0,0,2,0,0,0,2,0.25
icdro,0,0,0,1,0,0,0,1,0.125
信号漏检,0,0,0,1,0,0,0,1,0.125
snr,0,0,0,1,0,0,0,1,0.125
检测门限,0,0,0,1,0,0,0,1,0.125
窄带能量检测,0,0,0,1,0,0,0,1,0.125
可变可变,0,0,0,1,1,0,0,2,0.3666666666666667
带宽信噪比,0,0,0,1,1,0,0,2,0.3666666666666667
序号信号,0,0,0,1,1,0,0,2,0.3666666666666667
50m带宽,0,0,0,1,0,0,0,1,0.125
宽带感知场景,0,0,0,1,0,0,0,1,0.125
息全盲,0,0,0,1,0,0,0,1,0.125
先验信,0,0,0,1,0,0,0,1,0.125
仿真环境,0,0,0,1,0,0,0,1,0.125
宽带内存,0,0,0,1,0,0,0,1,0.125
差分法,0,0,0,0,0,6,0,6,1.45
自相关,0,0,0,0,0,4,0,4,0.9666666666666667
试验法,0,0,0,0,0,2,0,2,0.48333333333333334
相关函数,0,0,0,0,0,2,0,2,0.48333333333333334
二次差分,0,0,0,0,0,2,0,2,0.48333333333333334
非平稳时间序列,0,0,0,0,0,2,0,2,0.48333333333333334
小波分析法,0,0,0,0,0,2,0,2,0.48333333333333334
函数图,0,0,0,0,0,2,0,2,0.48333333333333334
零均值序列,0,0,0,0,0,2,0,2,0.48333333333333334
平稳,0,0,0,0,0,2,0,2,0.48333333333333334
预测流程,0,0,0,0,0,1,0,1,0.24166666666666667
模型训练,0,0,0,0,0,1,0,1,0.24166666666666667
反差,0,0,0,0,0,1,0,1,0.24166666666666667
p值,0,0,0,0,0,1,0,1,0.24166666666666667
截尾阶数,0,0,0,0,0,1,0,1,0.24166666666666667
差值,0,0,0,0,0,1,0,1,0.24166666666666667
arma混合模型,0,0,0,0,0,1,0,1,0.24166666666666667
原序列,0,0,0,0,0,1,0,1,0.24166666666666667
分解法,0,0,0,0,0,1,0,1,0.24166666666666667
非平稳,0,0,0,0,0,1,0,1,0.24166666666666667
非线性组合,0,0,0,0,0,1,0,1,0.24166666666666667
小波分析,0,0,0,0,0,1,0,1,0.24166666666666667
图像处理,0,0,0,0,0,1,0,1,0.24166666666666667
信号分析,0,0,0,0,0,1,0,1,0.24166666666666667
平稳性数据,0,0,0,0,0,1,0,1,0.24166666666666667
平稳性判断,0,0,0,0,0,1,0,1,0.24166666666666667
平稳序列,0,0,0,0,0,1,0,1,0.24166666666666667
偏相关检验法,0,0,0,0,0,1,0,1,0.24166666666666667
特征根检验法,0,0,0,0,0,1,0,1,0.24166666666666667
偏相关,0,0,0,0,0,1,0,1,0.24166666666666667
直接检验,0,0,0,0,0,1,0,1,0.24166666666666667
数据图,0,0,0,0,0,1,0,1,0.24166666666666667
计量经济学,0,0,0,0,0,1,0,1,0.24166666666666667
里奇,0,0,0,0,0,1,0,1,0.24166666666666667
2arima模型,0,0,0,0,0,1,0,1,0.24166666666666667
损耗,0,0,0,0,0,6,0,6,1.45
地理格中心,0,0,0,0,0,2,0,2,0.48333333333333334
电磁波,0,0,0,0,0,2,0,2,0.48333333333333334
自由空间损耗模型,0,0,0,0,0,2,0,2,0.48333333333333334
传播距离,0,0,0,0,0,2,0,2,0.48333333333333334
自由空间传播模型,0,0,0,0,0,2,0,2,0.48333333333333334
感知覆盖,0,0,0,0,0,2,0,2,0.48333333333333334
格编,0,0,0,0,0,1,0,1,0.24166666666666667
覆盖区域损耗,0,0,0,0,0,1,0,1,0.24166666666666667
感知覆盖区,0,0,0,0,0,1,0,1,0.24166666666666667
自由空间损耗,0,0,0,0,0,1,0,1,0.24166666666666667
波长,0,0,0,0,0,1,0,1,0.24166666666666667
能量损耗,0,0,0,0,0,1,0,1,0.24166666666666667
电波频率,0,0,0,0,0,1,0,1,0.24166666666666667
无线电波,0,0,0,0,0,1,0,1,0.24166666666666667
无线电波传输,0,0,0,0,0,1,0,1,0.24166666666666667
传播,0,0,0,0,0,1,0,1,0.24166666666666667
最低检测信噪比,0,0,0,0,3,0,0,3,0.725
恒虚警率门限,0,0,0,0,2,0,0,2,0.48333333333333334
宽频带,0,0,0,0,1,0,0,1,0.24166666666666667
谱线,0,0,0,0,1,0,0,1,0.24166666666666667
初次能量检测算法,0,0,0,0,1,0,0,1,0.24166666666666667
宽带低信噪比信号,0,0,0,0,1,0,0,1,0.24166666666666667
宽带内仿真,0,0,0,0,1,0,0,1,0.24166666666666667
性能仿真,0,0,0,0,1,0,0,1,0.24166666666666667
cdr准则,0,0,0,0,1,0,0,1,0.24166666666666667
icfa,0,0,0,0,1,0,0,1,0.24166666666666667
cfar准则,0,0,0,0,1,0,0,1,0.24166666666666667
检测概率,0,0,0,0,5,0,0,5,1.2083333333333333
目标,0,0,0,0,1,0,0,1,0.24166666666666667
信号信噪比,0,0,0,0,1,0,0,1,0.24166666666666667
在线预测模型,0,0,0,0,0,4,0,4,0.9666666666666667
时刻,0,0,0,0,0,2,0,2,0.48333333333333334
预测集,0,0,0,0,0,2,0,2,0.48333333333333334
训练集,0,0,0,0,0,2,0,2,0.48333333333333334
资源,0,0,0,0,0,1,0,1,0.24166666666666667
硬件设备,0,0,0,0,0,1,0,1,0.24166666666666667
预测系统,0,0,0,0,0,1,0,1,0.24166666666666667
随机干扰,0,0,0,0,0,1,0,1,0.24166666666666667
预测点,0,0,0,0,0,1,0,1,0.24166666666666667
参量,1,0,0,0,0,0,0,1,1.0
噪声功率估计过程,1,0,0,0,0,0,0,1,1.0
动态频谱接入算法,1,0,0,0,0,0,0,1,1.0
频谱分配,1,0,0,0,0,0,0,1,1.0
可用频段,1,0,0,0,0,0,0,1,1.0
