,摘要,关键词,第一章,第二章,第三章,第四章,第五章,总词频,加权得分
无线资源,0,0,1,11,12,2,0,26,4.883333333333333
d2d通信,1,0,2,19,28,13,0,63,13.533333333333333
正交控制,0,0,0,0,2,0,0,2,0.48333333333333334
基站辅助,0,0,0,0,2,0,0,2,0.48333333333333334
d2d,6,0,13,9,28,25,0,81,21.558333333333334
异构网络,1,0,10,23,20,15,0,69,13.583333333333334
资源分段过程,0,0,0,0,1,0,0,1,0.24166666666666667
d2d终端资源,0,0,0,0,1,0,0,1,0.24166666666666667
d2d吞吐,1,0,2,0,6,0,0,9,2.7
harq机制,0,0,0,0,1,1,0,2,0.48333333333333334
lteharq,0,0,0,0,4,0,0,4,0.9666666666666667
自适应调制编码控制,0,0,0,0,1,0,0,1,0.24166666666666667
amc,0,0,0,0,13,8,0,21,5.075
开闭环,0,0,0,0,1,0,0,1,0.24166666666666667
sinr预估,0,0,0,0,1,0,0,1,0.24166666666666667
干扰共享,0,0,0,0,1,0,0,1,0.24166666666666667
qos,0,0,0,1,2,0,0,3,0.6083333333333334
认知协调,1,0,0,0,1,0,0,2,1.2416666666666667
干扰控制机制,0,0,0,0,5,1,0,6,1.45
干扰测量,1,0,0,0,1,1,0,3,1.4833333333333334
c2d干扰,0,0,0,1,3,8,0,12,2.783333333333333
d2c干扰控制机制,0,0,0,0,3,0,0,3,0.725
分布式干扰跟踪,0,0,0,0,1,0,0,1,0.24166666666666667
蜂窝业务损失率,1,0,0,0,2,0,0,3,1.4833333333333334
开环工作点,0,0,0,0,1,2,0,3,0.725
ltepusch,0,0,0,0,3,1,0,4,0.9666666666666667
集中式干扰控制机制,0,0,0,0,1,0,0,1,0.24166666666666667
通信质量,0,0,1,4,3,1,0,9,1.5916666666666668
蜂窝链路,0,0,0,0,2,0,0,2,0.48333333333333334
重用干扰机制,0,0,0,0,1,0,0,1,0.24166666666666667
d2d开环工作点,0,0,0,0,1,0,0,1,0.24166666666666667
基站,1,0,9,35,32,17,0,94,18.34166666666667
无基站辅助,0,0,0,0,1,0,0,1,0.24166666666666667
重用干扰控制机制,0,0,0,0,3,1,0,4,0.9666666666666667
正交干扰控制,0,0,0,0,2,0,0,2,0.48333333333333334
d2c干扰,0,0,0,1,2,4,0,7,1.575
系统间干扰认知协调,0,0,0,0,1,0,0,1,0.24166666666666667
蜂窝资源调度图,0,0,0,0,1,0,0,1,0.24166666666666667
pdcch,0,0,4,1,2,4,0,11,2.075
d2d监听,0,0,0,0,1,0,0,1,0.24166666666666667
ssca机制,0,0,0,0,2,1,0,3,0.725
初传非退避beb,0,0,0,0,3,2,0,5,1.2083333333333333
多进程rts,0,0,0,0,1,2,0,3,0.725
公共控制信道,1,0,0,0,4,2,0,7,2.45
内部干扰协调,0,0,0,0,1,0,0,1,0.24166666666666667
d2d网络,0,0,2,5,2,7,0,16,3.05
rrm,1,0,1,0,3,10,0,15,4.266666666666667
分布式d2drrm,1,0,0,0,3,0,0,4,1.725
lte/d2d异构网络,0,0,0,0,1,1,0,2,0.48333333333333334
资源,2,0,4,10,42,19,0,77,18.491666666666667
蜂窝网络,4,0,16,37,28,22,0,107,22.708333333333336
干扰认知,1,0,0,0,4,0,0,5,1.9666666666666668
发送功率,0,0,0,5,25,12,0,42,9.566666666666666
干扰认知协同机制,0,0,0,0,3,0,0,3,0.725
干扰图谱,0,0,0,0,3,0,0,3,0.725
mcs,0,0,0,0,31,9,0,40,9.666666666666666
d2drrm,2,0,2,0,3,2,0,9,3.458333333333333
无线资源管理,1,0,0,3,4,4,0,12,3.3083333333333336
链路自适应机制,1,0,2,0,2,1,0,6,1.975
干扰控制,0,0,4,2,5,3,0,14,2.6833333333333336
功率,0,0,0,1,7,5,0,13,3.025
时域资源,0,0,0,0,2,0,0,2,0.48333333333333334
无蜂窝网络,1,0,3,2,2,6,0,14,3.5583333333333336
干扰,4,0,9,17,17,21,0,68,16.433333333333334
频域资源,0,0,0,0,3,1,0,4,0.9666666666666667
通信,0,0,4,5,5,8,0,22,4.266666666666667
分布式,1,0,1,2,6,1,0,11,3.0666666666666664
d2d通信资源,0,0,0,0,3,1,0,4,0.9666666666666667
蜂窝用户,0,0,4,5,11,8,0,28,5.716666666666667
频谱,0,0,1,0,3,1,0,5,1.0916666666666668
rrm模块,0,0,0,0,1,10,0,11,2.658333333333333
认知协同,0,0,0,0,1,0,0,1,0.24166666666666667
分布式rrm框架,0,0,0,0,1,0,0,1,0.24166666666666667
数据平面,0,0,0,0,1,0,0,1,0.24166666666666667
控制平面,0,0,0,0,1,0,0,1,0.24166666666666667
息传递,0,0,0,0,1,0,0,1,0.24166666666666667
控制信,0,0,0,0,1,0,0,1,0.24166666666666667
竞争信道接入,0,0,0,0,1,0,0,1,0.24166666666666667
自适应mls,0,0,0,0,1,0,0,1,0.24166666666666667
功率选择链路,0,0,0,0,1,0,0,1,0.24166666666666667
开环amc,0,0,0,0,3,3,0,6,1.45
干扰认知干扰控制,0,0,0,0,1,0,0,1,0.24166666666666667
干扰认知协同球,0,0,0,0,1,0,0,1,0.24166666666666667
决策机制,0,0,0,0,1,0,0,1,0.24166666666666667
d2d资源,0,0,0,0,3,0,0,3,0.725
信道接入机制,0,0,0,0,1,0,0,1,0.24166666666666667
参数,0,0,0,0,2,9,0,11,2.658333333333333
资源段,0,0,1,0,29,8,0,38,9.066666666666666
待发数据缓冲区,0,0,0,0,1,0,0,1,0.24166666666666667
码率信息,0,0,0,0,1,0,0,1,0.24166666666666667
功率信息,0,0,0,0,1,0,0,1,0.24166666666666667
干扰信息,0,0,0,1,1,0,0,2,0.3666666666666667
d2d资源决策机制,0,0,0,0,1,0,0,1,0.24166666666666667
高效性,0,0,0,0,1,1,0,2,0.48333333333333334
可靠性,0,0,0,0,3,0,0,3,0.725
传输,0,0,0,0,10,7,0,17,4.108333333333333
d2dqos保证,0,0,0,0,1,0,0,1,0.24166666666666667
码率,0,0,0,0,5,2,0,7,1.6916666666666667
sinr,0,0,1,0,18,6,0,25,5.925
amc机制,0,0,0,0,1,0,0,1,0.24166666666666667
复用功率,0,0,0,0,4,0,0,4,0.9666666666666667
干扰值,0,0,0,0,6,6,0,12,2.9
干扰协同,0,0,1,1,1,0,0,3,0.4916666666666667
mcso,0,0,0,0,2,0,0,2,0.48333333333333334
d2d复用,0,0,0,0,1,1,0,2,0.48333333333333334
性能,0,0,1,0,7,8,0,16,3.75
蜂窝通信,1,0,2,10,3,2,0,18,3.708333333333333
d2d复用功率,0,0,0,0,1,0,0,1,0.24166666666666667
干扰感知功率信息,0,0,0,0,1,0,0,1,0.24166666666666667
资源调度信息,0,0,0,0,1,0,0,1,0.24166666666666667
动态调度,0,0,1,0,1,3,0,5,1.0916666666666668
授权频段,0,0,0,0,1,0,0,1,0.24166666666666667
d2d频域资源,0,0,0,0,1,0,0,1,0.24166666666666667
数据信道,0,0,0,2,6,0,0,8,1.7
基站接收,0,0,0,0,3,0,0,3,0.725
d2d用户,0,0,3,2,3,1,0,9,1.5916666666666668
信道,0,0,0,6,26,7,0,39,8.725
时域信道接入机,0,0,0,0,1,0,0,1,0.24166666666666667
辅助信息,0,0,0,0,2,1,0,3,0.725
pubse场景,0,0,1,0,1,0,0,2,0.3666666666666667
公共安全场景,0,0,0,0,1,0,0,1,0.24166666666666667
rrm功能,0,0,0,0,1,0,0,1,0.24166666666666667
网络,1,0,1,8,2,6,0,18,4.058333333333334
调制编码,0,0,0,0,3,1,0,4,0.9666666666666667
时域,0,0,0,0,2,0,0,2,0.48333333333333334
异构网络架构,0,0,1,0,1,0,0,2,0.3666666666666667
主次用户,0,0,0,0,1,0,0,1,0.24166666666666667
数据缓冲区,0,0,0,0,1,1,0,2,0.48333333333333334
due,0,0,0,20,30,17,0,67,13.858333333333334
d2d干扰协同,0,0,0,0,1,0,0,1,0.24166666666666667
网络测量,0,0,0,0,1,0,0,1,0.24166666666666667
d2dharq反馈,0,0,0,0,1,0,0,1,0.24166666666666667
qos参数,0,0,0,0,1,0,0,1,0.24166666666666667
d2d业务,0,0,0,0,1,1,0,2,0.48333333333333334
主用户,0,0,0,1,1,0,0,2,0.3666666666666667
资源分配关系,0,0,0,0,1,0,0,1,0.24166666666666667
次用户,0,0,0,2,2,0,0,4,0.7333333333333334
分布式d2d网络,0,0,0,0,2,0,0,2,0.48333333333333334
授权,0,0,0,0,1,0,0,1,0.24166666666666667
lte蜂窝网络,0,0,0,0,3,4,0,7,1.6916666666666667
频谱资源,0,0,0,0,1,0,0,1,0.24166666666666667
物理层多址技术,0,0,0,0,1,0,0,1,0.24166666666666667
lte/d2d,0,0,0,0,1,0,0,1,0.24166666666666667
共享授权频谱,0,0,0,0,1,0,0,1,0.24166666666666667
干扰广播消息格式,0,0,0,0,0,2,0,2,0.48333333333333334
ise,0,0,0,0,1,2,0,3,0.725
压缩率,0,0,0,0,0,1,0,1,0.24166666666666667
传输偏移量,0,0,0,0,0,1,0,1,0.24166666666666667
变量,0,0,0,0,0,2,0,2,0.48333333333333334
干扰广播消息数据,0,0,0,0,0,1,0,1,0.24166666666666667
质量量化间隔,0,0,0,0,0,1,0,1,0.24166666666666667
cue通信,0,0,0,0,0,2,0,2,0.48333333333333334
噪声量化间隔,0,0,0,0,0,1,0,1,0.24166666666666667
动态范,0,0,0,0,0,1,0,1,0.24166666666666667
ibyte,0,0,0,0,0,1,0,1,0.24166666666666667
定界时,0,0,0,0,0,1,0,1,0.24166666666666667
有符号数,0,0,0,0,0,1,0,1,0.24166666666666667
测量值,0,0,0,0,1,1,0,2,0.48333333333333334
消息长度,0,0,0,0,0,2,0,2,0.48333333333333334
送缓冲区,0,0,0,0,0,1,0,1,0.24166666666666667
rlc广播,0,0,0,0,0,1,0,1,0.24166666666666667
消息,0,0,0,0,0,3,0,3,0.725
dps,0,0,0,0,0,3,0,3,0.725
干扰广播,0,0,0,0,0,1,0,1,0.24166666666666667
干扰广播消息,0,0,0,0,0,1,0,1,0.24166666666666667
干扰控制模块,0,0,0,0,0,17,0,17,4.108333333333333
上行子帧数,0,0,0,0,7,1,0,8,1.9333333333333333
待发送缓冲区,0,0,0,0,6,0,0,6,1.45
txdue,0,0,0,0,21,7,0,28,6.766666666666667
rts,0,0,0,0,29,17,0,46,11.116666666666667
sd2d,0,0,0,0,3,0,0,3,0.725
rxdue,0,0,0,0,15,9,0,24,5.8
数据,1,0,2,2,19,14,0,38,9.475
数据传输,0,0,0,0,9,8,0,17,4.108333333333333
rts-cts过程,0,0,0,0,4,0,0,4,0.9666666666666667
负载,0,0,0,1,4,2,0,7,1.575
平均链路速率,0,0,0,0,2,0,0,2,0.48333333333333334
rts进程,0,0,0,0,2,0,0,2,0.48333333333333334
无线帧,0,0,0,0,7,14,0,21,5.075
rts信道,0,0,0,0,5,0,0,5,1.2083333333333333
多进程rts触发机制,0,0,0,0,2,0,0,2,0.48333333333333334
d2d链路速率,0,0,0,0,2,1,0,3,0.725
cts接收,0,0,0,0,1,0,0,1,0.24166666666666667
rts碰撞,0,0,0,0,1,0,0,1,0.24166666666666667
闭环控制,0,0,0,0,2,1,0,3,0.725
rts发送,0,0,0,0,4,2,0,6,1.45
冲时,0,0,0,0,1,0,0,1,0.24166666666666667
ltb,0,0,0,0,1,0,0,1,0.24166666666666667
非退避期,0,0,0,0,1,0,0,1,0.24166666666666667
信道竞争接入,0,0,0,0,1,0,0,1,0.24166666666666667
cts,0,0,0,0,11,11,0,22,5.316666666666666
数据子帧,0,0,0,0,1,0,0,1,0.24166666666666667
碰撞,0,0,0,0,9,0,0,9,2.175
rts触发流程,0,0,0,0,1,0,0,1,0.24166666666666667
平均速率,0,0,0,0,1,0,0,1,0.24166666666666667
链路,0,0,0,0,4,2,0,6,1.45
-rts触发,0,0,0,0,1,0,0,1,0.24166666666666667
子帧数,0,0,0,0,1,9,0,10,2.4166666666666665
待发送缓冲区状态,0,0,0,0,1,0,0,1,0.24166666666666667
历史岛,0,0,0,0,1,0,0,1,0.24166666666666667
信道环境,0,0,0,0,1,1,0,2,0.48333333333333334
静止,0,0,0,0,1,0,0,1,0.24166666666666667
低速,0,0,0,0,1,0,0,1,0.24166666666666667
链路质量,0,0,0,2,5,4,0,11,2.425
深度,0,0,0,0,1,0,0,1,0.24166666666666667
队列,0,0,0,0,1,0,0,1,0.24166666666666667
传输次数,0,0,0,0,1,0,0,1,0.24166666666666667
传输块,0,0,0,0,4,0,0,4,0.9666666666666667
nnminwsmax,0,0,0,0,1,0,0,1,0.24166666666666667
平均通信速率,0,0,0,0,1,0,0,1,0.24166666666666667
d2d-psch,0,0,0,0,1,0,0,1,0.24166666666666667
上行共享物理信道,0,0,0,0,1,0,0,1,0.24166666666666667
新传输资源,0,0,0,0,1,0,0,1,0.24166666666666667
rts接入,0,0,0,0,1,0,0,1,0.24166666666666667
上行传输资源,0,0,0,0,1,0,0,1,0.24166666666666667
d2d发送链路,0,0,0,0,1,0,0,1,0.24166666666666667
数据传输过程,0,0,0,1,1,0,0,2,0.3666666666666667
harq,0,0,0,0,14,5,0,19,4.591666666666667
多进程,0,0,0,0,1,0,0,1,0.24166666666666667
传输能力,0,0,0,0,1,0,0,1,0.24166666666666667
通信速率,0,0,0,0,2,1,0,3,0.725
单向d2d通信,0,0,1,0,1,0,0,2,0.3666666666666667
接入信道,0,0,0,1,2,2,0,5,1.0916666666666668
通信流程,0,0,0,0,1,0,0,1,0.24166666666666667
tddconfig,0,0,0,0,3,0,0,3,0.725
d2d数据,0,0,0,0,5,0,0,5,1.2083333333333333
往返时延,0,0,0,0,1,0,0,1,0.24166666666666667
cts应答,0,0,0,0,1,0,0,1,0.24166666666666667
rts申请,0,0,0,0,1,0,0,1,0.24166666666666667
csma/ca,0,0,0,0,4,0,0,4,0.9666666666666667
due接收,0,0,0,0,1,0,0,1,0.24166666666666667
网络间干扰,0,0,0,1,1,0,0,2,0.3666666666666667
上行资源,0,0,0,5,2,0,0,7,1.1083333333333334
复用蜂窝,0,0,0,1,1,0,0,2,0.3666666666666667
间干扰认知协调机制,0,0,0,0,2,0,0,2,0.48333333333333334
dccch,0,0,0,0,6,9,0,15,3.625
蜂窝上行资源,0,0,0,1,2,0,0,3,0.6083333333333334
lte,1,0,4,0,10,2,0,17,4.4
分配,0,0,0,1,2,1,0,4,0.85
dccc,0,0,0,0,1,1,0,2,0.48333333333333334
终端发现,0,0,0,0,1,0,0,1,0.24166666666666667
自主资源竞争,0,0,0,0,1,0,0,1,0.24166666666666667
控制信令,0,0,0,1,2,0,0,3,0.6083333333333334
上行dccch,0,0,0,0,1,0,0,1,0.24166666666666667
随路控制信息,0,0,0,0,1,0,0,1,0.24166666666666667
数据发送,0,0,0,0,4,1,0,5,1.2083333333333333
d2d数据接收端,0,0,0,0,1,0,0,1,0.24166666666666667
动态调度机制,0,0,0,0,2,0,0,2,0.48333333333333334
共享信道,0,0,1,0,3,0,0,4,0.85
调度,1,0,0,3,9,9,0,22,5.725
用户,0,0,1,6,5,0,0,12,2.083333333333333
d2d数据通信,0,0,0,0,2,0,0,2,0.48333333333333334
dccch控制信道,0,0,0,0,1,0,0,1,0.24166666666666667
上行信道,0,0,0,0,3,0,0,3,0.725
d2d异构网络,0,0,0,1,2,1,0,4,0.85
frenquency,0,0,0,0,1,1,0,2,0.48333333333333334
lteallocation,0,0,0,0,1,1,0,2,0.48333333333333334
spucchh,0,0,0,0,1,0,0,1,0.24166666666666667
cc,0,0,0,0,1,1,0,2,0.48333333333333334
sd,0,0,0,0,1,0,0,1,0.24166666666666667
ps,0,0,0,0,2,0,0,2,0.48333333333333334
us,0,0,0,0,1,0,0,1,0.24166666666666667
ce,0,0,0,0,1,0,0,1,0.24166666666666667
pucchshared,0,0,0,0,1,0,0,1,0.24166666666666667
d2dfrenquency,0,0,0,0,1,0,0,1,0.24166666666666667
lte网络,1,0,7,1,5,1,0,15,3.45
sib,0,0,0,0,1,0,0,1,0.24166666666666667
系统信息块,0,0,0,0,1,0,0,1,0.24166666666666667
pdsch,0,0,0,0,1,0,0,1,0.24166666666666667
下行共享信道,0,0,1,0,1,0,0,2,0.3666666666666667
pbch,0,0,0,0,1,0,0,1,0.24166666666666667
广播信道,0,0,0,1,1,0,0,2,0.3666666666666667
用控制信道,0,0,0,0,1,0,0,1,0.24166666666666667
授权频谱,0,0,1,1,1,0,0,3,0.4916666666666667
信令交互,0,0,0,0,1,1,0,2,0.48333333333333334
rm,0,0,0,0,1,0,0,1,0.24166666666666667
d2d公共信道,0,0,0,0,1,0,0,1,0.24166666666666667
ssca,1,0,0,0,16,15,0,32,8.491666666666667
2d,0,0,0,0,1,1,0,2,0.48333333333333334
3g,0,0,3,0,0,0,0,3,0.375
移动通信,0,0,3,0,0,0,0,3,0.375
移动互联网,0,0,3,0,0,0,0,3,0.375
移动通信系统,0,0,2,0,0,0,0,2,0.25
标准化进程,0,0,1,0,0,0,0,1,0.125
mimo,0,0,1,0,0,0,0,1,0.125
多天线传输,0,0,1,0,0,0,0,1,0.125
device,0,0,1,0,0,0,0,1,0.125
device-to-,0,0,1,0,0,0,0,1,0.125
终端直通,1,0,1,0,0,0,0,2,1.125
relay,0,0,1,0,0,0,0,1,0.125
中继,0,0,1,1,0,0,0,2,0.25
comp,0,0,4,0,0,0,0,4,0.5
多点传输,0,0,1,0,0,0,0,1,0.125
lte-a,0,0,4,0,2,0,0,6,0.9833333333333334
lte-advanced,0,0,1,0,0,0,0,1,0.125
无线蜂窝通信网络,0,0,1,0,0,0,0,1,0.125
用户体验,0,0,1,0,0,0,0,1,0.125
通信流量,0,0,1,0,0,0,0,1,0.125
通信服务,0,0,2,0,0,1,0,3,0.4916666666666667
资源利用率,1,0,1,3,2,0,0,7,1.9833333333333334
速率,0,0,1,0,3,3,0,7,1.575
正交频分,0,0,1,0,1,0,0,2,0.3666666666666667
宽带通信,0,0,1,0,0,0,0,1,0.125
长期演进,0,0,1,0,0,0,0,1,0.125
longtermevolution,0,0,1,0,0,0,0,1,0.125
hsupa,0,0,1,0,0,0,0,1,0.125
上行链路,0,0,1,0,1,0,0,2,0.3666666666666667
增强型,0,0,1,0,0,0,0,1,0.125
hsdpa,0,0,1,0,0,0,0,1,0.125
分组接入,0,0,1,0,0,0,0,1,0.125
高速下行链路,0,0,1,0,0,0,0,1,0.125
3gpp,1,0,1,0,0,0,0,2,1.125
峰值传输速率,0,0,1,0,0,0,0,1,0.125
通信体验,0,0,2,0,0,0,0,2,0.25
宽带化,0,0,1,0,0,0,0,1,0.125
业务承载,0,0,1,0,0,0,0,1,0.125
通信系统,0,0,1,0,1,0,0,2,0.3666666666666667
gprs/edge,0,0,1,0,0,0,0,1,0.125
个人数据通信,0,0,1,0,0,0,0,1,0.125
漫游,0,0,1,0,0,0,0,1,0.125
gsm,0,0,1,1,0,0,0,2,0.25
全球移动通信系统,0,0,1,0,0,0,0,1,0.125
数字技术,0,0,1,0,0,0,0,1,0.125
模拟技术,0,0,1,0,0,0,0,1,0.125
蜂窝小区,0,0,1,0,1,1,0,3,0.6083333333333334
陆地移动通信,0,0,1,0,0,0,0,1,0.125
无线网络,0,0,1,0,1,0,0,2,0.3666666666666667
公共安全服务,0,0,1,0,0,1,0,2,0.3666666666666667
临近服务,0,0,0,0,0,1,0,1,0.24166666666666667
候选资源段,0,0,0,0,5,0,0,5,1.2083333333333333
待发送数据,0,0,0,0,2,0,0,2,0.48333333333333334
tbsize,0,0,0,0,16,4,0,20,4.833333333333333
长度,0,0,0,0,4,2,0,6,1.45
rlc,0,0,0,0,3,2,0,5,1.2083333333333333
gma,0,0,0,0,1,0,0,1,0.24166666666666667
资源段信道质量,0,0,0,0,1,0,0,1,0.24166666666666667
干扰用户数,0,0,0,0,1,0,0,1,0.24166666666666667
最佳信道质量准则,0,0,0,0,1,0,0,1,0.24166666666666667
nmderlay,0,0,0,0,1,0,0,1,0.24166666666666667
复用cue数量,0,0,0,0,1,0,0,1,0.24166666666666667
d2d干扰,0,0,0,0,1,0,0,1,0.24166666666666667
蜂窝网络干扰,0,0,0,0,1,0,0,1,0.24166666666666667
复用cue,0,0,0,0,1,0,0,1,0.24166666666666667
最小干扰用户数准则,0,0,0,0,1,0,0,1,0.24166666666666667
最大吞吐准则,0,0,0,0,1,0,0,1,0.24166666666666667
优先级,0,0,0,1,1,0,0,2,0.3666666666666667
蜂窝通信干扰,0,0,0,0,2,0,0,2,0.48333333333333334
最长空闲资源,0,0,0,0,1,0,0,1,0.24166666666666667
反馈,0,0,0,0,4,2,0,6,1.45
最长空闲资源段,0,0,0,0,1,0,0,1,0.24166666666666667
数据发送模块,0,0,0,0,1,0,0,1,0.24166666666666667
qm,0,0,0,0,1,0,0,1,0.24166666666666667
调制,0,0,0,0,5,1,0,6,1.45
bstart,0,0,0,0,1,0,0,1,0.24166666666666667
候选资源,0,0,0,0,3,1,0,4,0.9666666666666667
上行链路质量,0,0,0,0,7,0,0,7,1.6916666666666667
ue,0,0,1,6,8,3,0,18,3.533333333333333
totallnterference,0,0,0,0,2,0,0,2,0.48333333333333334
可容忍干扰值,0,0,0,0,3,0,0,3,0.725
torinterference,0,0,0,0,2,0,0,2,0.48333333333333334
噪声,0,0,0,0,2,0,0,2,0.48333333333333334
底噪,0,0,0,0,5,2,0,7,1.6916666666666667
总体干扰值,0,0,0,0,2,0,0,2,0.48333333333333334
发送功率裕量,0,0,0,0,2,0,0,2,0.48333333333333334
cue,0,0,0,4,11,7,0,22,4.85
rbmax,0,0,0,0,2,0,0,2,0.48333333333333334
to,0,0,0,0,3,1,0,4,0.9666666666666667
dbm,0,0,0,0,2,0,0,2,0.48333333333333334
功能模块,0,0,1,0,1,1,0,3,0.6083333333333334
基站控制器,0,0,0,0,1,0,0,1,0.24166666666666667
干扰裕量因子,0,0,0,0,1,0,0,1,0.24166666666666667
预留,0,0,0,0,1,0,0,1,0.24166666666666667
累积干扰,0,0,1,1,3,0,0,5,0.975
多d2d通信,0,0,0,0,1,0,0,1,0.24166666666666667
通信干扰,0,0,0,0,1,0,0,1,0.24166666666666667
干扰控制策略,0,0,0,0,1,0,0,1,0.24166666666666667
分布式d2c,0,0,0,0,1,0,0,1,0.24166666666666667
的累积干扰控,0,0,0,0,1,0,0,1,0.24166666666666667
32,0,0,0,0,1,0,0,1,0.24166666666666667
集中式d2c干扰控制策略,0,0,0,0,1,0,0,1,0.24166666666666667
控制,0,0,1,4,2,2,0,9,1.5916666666666668
干扰控制策,0,0,0,0,1,0,0,1,0.24166666666666667
d2c,1,0,0,0,2,4,0,7,2.45
资源块,0,0,0,0,4,2,0,6,1.45
d2c共用干扰约束,0,0,0,0,1,0,0,1,0.24166666666666667
路损,0,0,0,0,2,3,0,5,1.2083333333333333
辅助控制信息,0,0,0,0,1,0,0,1,0.24166666666666667
igned,0,0,0,0,1,0,0,1,0.24166666666666667
nt,0,0,0,0,1,0,0,1,0.24166666666666667
广播,0,0,1,0,1,5,0,7,1.575
可容忍干扰,0,0,0,0,1,0,0,1,0.24166666666666667
io,0,0,0,0,1,0,0,1,0.24166666666666667
d2d通信干扰,0,0,0,0,1,0,0,1,0.24166666666666667
totalinference,0,0,0,0,1,0,0,1,0.24166666666666667
可容忍总干扰,0,0,0,0,1,0,0,1,0.24166666666666667
可容忍干扰调整机制,0,0,0,0,1,0,0,1,0.24166666666666667
自由度,0,0,1,0,1,0,0,2,0.3666666666666667
系统,0,0,1,3,2,0,0,6,0.9833333333333334
闭环增量,0,0,0,0,1,0,0,1,0.24166666666666667
三段增量,0,0,0,0,1,0,0,1,0.24166666666666667
调整机制,0,0,0,0,1,0,0,1,0.24166666666666667
总干扰,0,0,0,0,1,0,0,1,0.24166666666666667
平均,0,0,0,0,2,0,0,2,0.48333333333333334
qos等级,0,0,0,0,1,0,0,1,0.24166666666666667
容忍,0,0,0,0,1,0,0,1,0.24166666666666667
闭环功控,0,0,0,0,3,0,0,3,0.725
pdcchformat3a,0,0,0,0,1,0,0,1,0.24166666666666667
txpowermargin,0,0,0,0,1,0,0,1,0.24166666666666667
识别码,0,0,0,0,1,0,0,1,0.24166666666666667
蜂窝无线网络,0,0,0,0,1,0,0,1,0.24166666666666667
rnti,0,0,0,0,1,0,0,1,0.24166666666666667
uec,0,0,0,0,1,0,0,1,0.24166666666666667
tal,0,0,0,0,1,0,0,1,0.24166666666666667
ass,0,0,0,0,1,0,0,1,0.24166666666666667
txpower,0,0,0,0,1,0,0,1,0.24166666666666667
c-rnti,0,0,0,0,1,1,0,2,0.48333333333333334
ference,0,0,0,0,1,0,0,1,0.24166666666666667
max,0,0,0,0,1,1,0,2,0.48333333333333334
torlnter,0,0,0,0,1,0,0,1,0.24166666666666667
rbi,0,0,0,0,1,0,0,1,0.24166666666666667
able,0,0,0,0,1,2,0,3,0.725
torlnt,0,0,0,0,1,0,0,1,0.24166666666666667
可容忍干扰辅助信息结构表,0,0,0,0,1,0,0,1,0.24166666666666667
消息结构,0,0,0,0,1,0,0,1,0.24166666666666667
rb,0,0,0,0,6,0,0,6,1.45
上行子帧,0,0,0,0,7,5,0,12,2.9
基站端,0,0,0,0,1,0,0,1,0.24166666666666667
集中式,0,0,0,2,1,1,0,4,0.7333333333333334
干扰容限,0,0,0,0,1,0,0,1,0.24166666666666667
共用干扰控制,0,0,0,0,1,0,0,1,0.24166666666666667
辅助控制,0,0,0,4,1,1,0,6,0.9833333333333334
基站监控,0,0,0,0,1,0,0,1,0.24166666666666667
处理压力,0,0,0,0,1,0,0,1,0.24166666666666667
due终端,0,0,0,0,1,0,0,1,0.24166666666666667
ndl,0,0,0,0,1,0,0,1,0.24166666666666667
hi,0,0,0,0,1,1,0,2,0.48333333333333334
质量损失率,0,0,0,0,1,0,0,1,0.24166666666666667
蜂窝通信链路,0,0,0,0,1,0,0,1,0.24166666666666667
nack,0,0,0,0,4,7,0,11,2.658333333333333
重传,0,0,0,0,13,5,0,18,4.35
进程,0,0,0,0,2,4,0,6,1.45
ack,0,0,0,0,11,7,0,18,4.35
trigger,0,0,0,0,0,6,0,6,1.45
子帧,0,0,0,0,2,14,0,16,3.8666666666666667
process,0,0,0,0,0,3,0,3,0.725
进程号,0,0,0,0,0,3,0,3,0.725
dueid,0,0,0,0,0,4,0,4,0.9666666666666667
ces,0,0,0,0,0,3,0,3,0.725
确认,0,0,0,0,0,3,0,3,0.725
rxueid,0,0,0,0,0,2,0,2,0.48333333333333334
ack-ccch,0,0,0,0,0,6,0,6,1.45
重复编码,0,0,0,0,0,2,0,2,0.48333333333333334
消息格式,0,0,0,0,0,5,0,5,1.2083333333333333
ack-msg,0,0,0,0,0,5,0,5,1.2083333333333333
crc,0,0,0,0,0,3,0,3,0.725
数据接收端,0,0,0,0,1,2,0,3,0.725
ack消息,0,0,0,0,0,2,0,2,0.48333333333333334
kmsg,0,0,0,0,0,2,0,2,0.48333333333333334
retransprocidx,0,0,0,0,0,2,0,2,0.48333333333333334
av,0,0,0,0,0,2,0,2,0.48333333333333334
retransnum,0,0,0,0,0,2,0,2,0.48333333333333334
ck,0,0,0,0,1,3,0,4,0.9666666666666667
hand,0,0,0,0,0,7,0,7,1.6916666666666667
harq模块,0,0,0,0,0,8,0,8,1.9333333333333333
模块接口,0,0,0,0,0,7,0,7,1.6916666666666667
比特,0,0,0,0,0,3,0,3,0.725
bit,0,0,0,0,0,1,0,1,0.24166666666666667
译码,0,0,0,0,0,1,0,1,0.24166666666666667
非上行子帧,0,0,0,0,0,1,0,1,0.24166666666666667
at,0,0,0,0,0,1,0,1,0.24166666666666667
indicator,0,0,0,0,0,1,0,1,0.24166666666666667
数据传输帧号,0,0,0,0,0,1,0,1,0.24166666666666667
radioframenum,0,0,0,0,0,1,0,1,0.24166666666666667
txueido,0,0,0,0,0,1,0,1,0.24166666666666667
数据发送端,0,0,0,0,0,1,0,1,0.24166666666666667
txueid,0,0,0,0,0,1,0,1,0.24166666666666667
字段比特,0,0,0,0,0,3,0,3,0.725
ack消息格式,0,0,0,0,0,1,0,1,0.24166666666666667
tddformato,0,0,0,0,0,1,0,1,0.24166666666666667
ack信道,0,0,0,0,0,1,0,1,0.24166666666666667
ackbundling技术,0,0,0,0,0,1,0,1,0.24166666666666667
有效数据,0,0,0,0,0,1,0,1,0.24166666666666667
校验,0,0,0,0,0,1,0,1,0.24166666666666667
crc-24,0,0,0,0,0,1,0,1,0.24166666666666667
ltehi,0,0,0,0,0,1,0,1,0.24166666666666667
d2d系统,0,0,1,0,2,1,0,4,0.85
编码,0,0,0,0,2,1,0,3,0.725
等层ack-msg,0,0,0,0,0,1,0,1,0.24166666666666667
模块,0,0,0,1,1,9,0,11,2.5416666666666665
harq模块结构,0,0,0,0,0,1,0,1,0.24166666666666667
接收模块,0,0,0,0,0,1,0,1,0.24166666666666667
d2d-hi传输,0,0,0,0,0,1,0,1,0.24166666666666667
网络监控模块,0,0,0,0,0,10,0,10,2.4166666666666665
trans,0,0,0,0,0,1,0,1,0.24166666666666667
重传进程,0,0,0,0,0,1,0,1,0.24166666666666667
重传时间,0,0,0,0,0,1,0,1,0.24166666666666667
eid,0,0,0,0,0,1,0,1,0.24166666666666667
配置,0,0,0,0,0,2,0,2,0.48333333333333334
数据内容,0,0,0,0,0,1,0,1,0.24166666666666667
空闲进程,0,0,0,0,0,1,0,1,0.24166666666666667
harq进程,0,0,0,0,3,1,0,4,0.9666666666666667
有效性,0,0,0,0,0,1,0,1,0.24166666666666667
re,0,0,0,0,0,1,0,1,0.24166666666666667
ackmsg,0,0,0,0,0,1,0,1,0.24166666666666667
接收端,0,0,0,0,2,7,0,9,2.175
crc结,0,0,0,0,0,3,0,3,0.725
数据传输控制器,0,0,0,0,0,2,0,2,0.48333333333333334
crc处,0,0,0,0,0,1,0,1,0.24166666666666667
ai,0,0,0,0,0,2,0,2,0.48333333333333334
过期处理函数,0,0,0,0,0,1,0,1,0.24166666666666667
send,0,0,0,0,0,1,0,1,0.24166666666666667
打包发送函数,0,0,0,0,0,1,0,1,0.24166666666666667
ack信息,0,0,0,0,0,1,0,1,0.24166666666666667
时序队列,0,0,0,0,0,2,0,2,0.48333333333333334
时序触发,0,0,0,0,0,2,0,2,0.48333333333333334
in,0,0,0,0,0,1,0,1,0.24166666666666667
boolretrans,0,0,0,0,0,1,0,1,0.24166666666666667
vidx,0,0,0,0,0,1,0,1,0.24166666666666667
int,0,0,0,0,0,5,0,5,1.2083333333333333
rminfbtrminfb,0,0,0,0,0,1,0,1,0.24166666666666667
save,0,0,0,0,0,1,0,1,0.24166666666666667
bo,0,0,1,0,0,1,0,2,0.3666666666666667
harqproces,0,0,0,0,0,1,0,1,0.24166666666666667
charcrcflag,0,0,0,0,0,1,0,1,0.24166666666666667
setcrc,0,0,0,0,0,1,0,1,0.24166666666666667
cha,0,0,0,0,0,1,0,1,0.24166666666666667
crcp,0,0,0,0,0,1,0,1,0.24166666666666667
msg,0,0,0,0,0,2,0,2,0.48333333333333334
sfii,0,0,0,0,0,2,0,2,0.48333333333333334
timingtrigger,0,0,0,0,0,1,0,1,0.24166666666666667
对外接口,0,0,0,0,0,4,0,4,0.9666666666666667
amcinfo,0,0,0,0,0,2,0,2,0.48333333333333334
rblen,0,0,0,0,1,6,0,7,1.6916666666666667
rbstart,0,0,0,0,0,5,0,5,1.2083333333333333
op,0,0,0,0,0,2,0,2,0.48333333333333334
duenum,0,0,0,0,0,1,0,1,0.24166666666666667
intmcsfactor,0,0,0,0,0,1,0,1,0.24166666666666667
ult,0,0,0,0,0,1,0,1,0.24166666666666667
ual,0,0,0,0,0,1,0,1,0.24166666666666667
intresidualerrortrans,0,0,0,0,0,1,0,1,0.24166666666666667
totaltrans,0,0,0,0,0,1,0,1,0.24166666666666667
structamcinfo,0,0,0,0,0,1,0,1,0.24166666666666667
structamcicf,0,0,0,0,0,1,0,1,0.24166666666666667
共闭环算法,0,0,0,0,0,1,0,1,0.24166666666666667
残留误包率,0,0,0,0,0,3,0,3,0.725
滑动窗,0,0,0,0,0,1,0,1,0.24166666666666667
传输情,0,0,0,0,0,1,0,1,0.24166666666666667
ransresult,0,0,0,0,0,1,0,1,0.24166666666666667
amcinfo结构体,0,0,0,0,0,1,0,1,0.24166666666666667
amc功能,0,0,0,0,0,1,0,1,0.24166666666666667
资源决策模块,0,0,0,0,0,6,0,6,1.45
resourcemap,0,0,0,0,0,5,0,5,1.2083333333333333
ow,0,0,0,0,0,1,0,1,0.24166666666666667
mc,0,0,0,0,0,1,0,1,0.24166666666666667
intrbstart,0,0,0,0,0,1,0,1,0.24166666666666667
igger,0,0,0,0,0,3,0,3,0.725
amcopenloop,0,0,0,0,0,1,0,1,0.24166666666666667
om,0,0,0,0,0,2,0,2,0.48333333333333334
hireport,0,0,0,0,0,1,0,1,0.24166666666666667
接口,0,0,0,0,0,2,0,2,0.48333333333333334
amc模块,0,0,0,0,2,12,0,14,3.3833333333333333
关键数据,0,0,0,0,0,1,0,1,0.24166666666666667
闭环amc流程,0,0,0,0,0,2,0,2,0.48333333333333334
开环,0,0,1,0,3,3,0,7,1.575
mcs因子,0,0,0,0,0,5,0,5,1.2083333333333333
误包率,0,0,0,0,4,1,0,5,1.2083333333333333
对应链路,0,0,0,0,0,1,0,1,0.24166666666666667
jack-ccch接收一,0,0,0,0,0,1,0,1,0.24166666666666667
amcharq,0,0,0,0,0,1,0,1,0.24166666666666667
开环amc流程,0,0,0,0,0,1,0,1,0.24166666666666667
数据量,0,0,0,0,0,4,0,4,0.9666666666666667
待发,0,0,0,0,0,1,0,1,0.24166666666666667
si,0,0,0,0,0,1,0,1,0.24166666666666667
干扰水平,0,0,0,0,0,3,0,3,0.725
指标,0,0,0,0,0,1,0,1,0.24166666666666667
闭环,0,0,1,0,3,2,0,6,1.3333333333333333
调度决策,0,0,0,0,0,1,0,1,0.24166666666666667
2amc流程,0,0,0,0,0,1,0,1,0.24166666666666667
内部干扰,1,0,0,6,0,0,0,7,1.75
专用无线资源,0,0,0,2,0,0,0,2,0.25
复用,0,0,1,7,4,4,0,16,2.9333333333333336
冲突域,0,0,0,1,7,1,0,9,2.0583333333333336
时间片,0,0,0,1,0,0,0,1,0.125
接入控制,0,0,0,1,0,0,0,1,0.125
无线信道,0,0,0,1,0,0,0,1,0.125
分布式协同机制,0,0,0,1,0,0,0,1,0.125
自组织网络,0,0,0,1,0,0,0,1,0.125
ad-hoc,0,0,0,2,2,0,0,4,0.7333333333333334
频偏,0,0,0,1,0,0,0,1,0.125
定时,0,0,0,1,0,0,0,1,0.125
无内部干扰,0,0,0,1,0,0,0,1,0.125
ofdma,0,0,3,1,0,0,0,4,0.5
cdma,0,0,0,1,0,0,0,1,0.125
tdma,0,0,0,1,0,0,0,1,0.125
fdma,0,0,0,1,0,0,0,1,0.125
多址接入技术,0,0,0,1,0,0,0,1,0.125
正交,1,0,0,4,2,0,0,7,1.9833333333333334
due-rx3,0,0,0,0,3,0,0,3,0.725
txdue2,0,0,0,0,3,0,0,3,0.725
衰减,0,0,0,0,2,0,0,2,0.48333333333333334
due-tx1,0,0,0,0,2,0,0,2,0.48333333333333334
rxdue2,0,0,0,0,2,0,0,2,0.48333333333333334
接入权,0,0,0,0,3,4,0,7,1.6916666666666667
d2d冲突域,0,0,0,0,10,2,0,12,2.9
s-aloha,0,0,0,0,6,0,0,6,1.45
效率,0,0,0,0,4,1,0,5,1.2083333333333333
频谱空洞,1,0,1,0,1,2,0,5,1.85
碰撞概率,0,0,0,0,2,2,0,4,0.9666666666666667
distributedcoordinationfunction,0,0,0,0,1,0,0,1,0.24166666666666667
分布协同机制,0,0,0,0,1,0,0,1,0.24166666666666667
通信对,0,0,0,0,1,0,0,1,0.24166666666666667
rts/cts,0,0,0,0,2,0,0,2,0.48333333333333334
d2dpairs,0,0,0,0,1,0,0,1,0.24166666666666667
lli,0,0,0,0,1,0,0,1,0.24166666666666667
d2dinter,0,0,0,0,1,0,0,1,0.24166666666666667
due干扰,0,0,0,0,1,0,0,1,0.24166666666666667
反馈过程,0,0,0,0,1,0,0,1,0.24166666666666667
数据传送,0,0,0,0,1,0,0,1,0.24166666666666667
due-rx1,0,0,0,0,1,0,0,1,0.24166666666666667
cts反馈反向链路,0,0,0,0,1,0,0,1,0.24166666666666667
信道探测,0,0,0,0,1,0,0,1,0.24166666666666667
不对称性,0,0,0,0,1,0,0,1,0.24166666666666667
反向通信质量,0,0,0,0,1,0,0,1,0.24166666666666667
正向,0,0,0,0,1,0,0,1,0.24166666666666667
复用信道,0,0,0,0,1,0,0,1,0.24166666666666667
接收方,0,0,0,0,1,0,0,1,0.24166666666666667
rxduel,0,0,0,0,1,0,0,1,0.24166666666666667
解码,0,0,0,0,3,1,0,4,0.9666666666666667
发送可达域,0,0,0,0,1,0,0,1,0.24166666666666667
txduel,0,0,0,0,1,0,0,1,0.24166666666666667
xdue2,0,0,0,0,1,0,0,1,0.24166666666666667
xduek,0,0,0,0,1,0,0,1,0.24166666666666667
竞争场,0,0,0,0,1,0,0,1,0.24166666666666667
接入,0,0,1,1,2,6,0,10,2.1833333333333336
ack控制子信道,0,0,0,0,2,0,0,2,0.48333333333333334
应答信道,0,0,0,0,1,0,0,1,0.24166666666666667
rts内容,0,0,0,0,1,0,0,1,0.24166666666666667
rts请求,0,0,0,0,2,0,0,2,0.48333333333333334
d2d通信接收端,0,0,0,0,1,0,0,1,0.24166666666666667
rts子信道,0,0,0,0,1,0,0,1,0.24166666666666667
d2d控制信道,0,0,0,0,4,1,0,5,1.2083333333333333
调度器信道,0,0,0,0,1,0,0,1,0.24166666666666667
d2d通信发送端,0,0,0,0,1,0,0,1,0.24166666666666667
符号间干扰,0,0,0,0,1,0,0,1,0.24166666666666667
蜂窝系统,0,0,0,4,2,2,0,8,1.4666666666666668
帧格式,0,0,0,2,4,3,0,9,1.9416666666666667
载波侦听,0,0,0,0,1,0,0,1,0.24166666666666667
csma/ca系统,0,0,0,0,1,0,0,1,0.24166666666666667
冲突,0,0,0,0,1,1,0,2,0.48333333333333334
握手,0,0,0,0,2,0,0,2,0.48333333333333334
信道预约接,0,0,0,0,1,0,0,1,0.24166666666666667
基带信号,0,0,0,0,5,3,0,8,1.9333333333333333
d2d数据传输信道,0,0,0,0,1,0,0,1,0.24166666666666667
data-ack,0,0,0,0,1,0,0,1,0.24166666666666667
传输流程,0,0,0,0,1,0,0,1,0.24166666666666667
握手机,0,0,0,0,1,0,0,1,0.24166666666666667
时隙aloha,0,0,0,0,4,0,0,4,0.9666666666666667
同步时隙冲突,1,0,0,0,1,0,0,2,1.2416666666666667
初传,0,0,0,0,9,0,0,9,2.175
物理层,0,0,0,0,7,3,0,10,2.4166666666666665
速率匹配模块,0,0,0,0,4,0,0,4,0.9666666666666667
接收,0,0,0,4,4,2,0,10,1.95
d2dharq,0,0,0,0,3,0,0,3,0.725
自适应,0,0,0,0,4,1,0,5,1.2083333333333333
时间间隔,0,0,0,0,4,1,0,5,1.2083333333333333
ccch,0,0,0,0,2,2,0,4,0.9666666666666667
tdd模式,0,0,1,0,2,1,0,4,0.85
竞争粒度,0,0,0,0,6,0,0,6,1.45
ackbundling,0,0,0,0,2,0,0,2,0.48333333333333334
ack捆绑,0,0,0,0,2,0,0,2,0.48333333333333334
d2d速率,0,0,0,0,2,0,0,2,0.48333333333333334
环状缓冲区,0,0,0,0,2,0,0,2,0.48333333333333334
信道资源,0,0,0,0,2,0,0,2,0.48333333333333334
重传控制参数,0,0,0,0,2,0,0,2,0.48333333333333334
rv,0,0,0,0,2,0,0,2,0.48333333333333334
冗余版本,0,0,0,0,2,0,0,2,0.48333333333333334
异步,0,0,0,0,2,0,0,2,0.48333333333333334
定时反馈,0,0,0,0,2,0,0,2,0.48333333333333334
传输数据,0,0,0,0,2,0,0,2,0.48333333333333334
ack/,0,0,0,0,4,2,0,6,1.45
通信资源,0,0,0,0,2,0,0,2,0.48333333333333334
传输效率,0,0,0,0,2,0,0,2,0.48333333333333334
fec冗余,0,0,0,0,2,0,0,2,0.48333333333333334
fec,0,0,0,0,2,0,0,2,0.48333333333333334
匹配,0,0,0,0,1,0,0,1,0.24166666666666667
txdueharq,0,0,0,0,1,0,0,1,0.24166666666666667
ul子帧,0,0,0,0,1,0,0,1,0.24166666666666667
默认反馈,0,0,0,0,1,0,0,1,0.24166666666666667
dpsch解码,0,0,0,0,1,0,0,1,0.24166666666666667
daiactrl,0,0,0,0,1,0,0,1,0.24166666666666667
反馈nack,0,0,0,0,1,0,0,1,0.24166666666666667
rxdue接收,0,0,0,0,1,0,0,1,0.24166666666666667
dpschcrc,0,0,0,0,1,0,0,1,0.24166666666666667
datactrl,0,0,0,0,3,4,0,7,1.6916666666666667
反馈ack,0,0,0,0,1,0,0,1,0.24166666666666667
crc校验,0,0,0,0,1,0,0,1,0.24166666666666667
dpsch,0,0,0,0,1,6,0,7,1.6916666666666667
d2d数据共享信道,0,0,0,0,1,0,0,1,0.24166666666666667
datact,0,0,0,0,1,0,0,1,0.24166666666666667
d2d数据随路控制信道,0,0,0,0,2,0,0,2,0.48333333333333334
发送缓冲区,0,0,0,0,1,1,0,2,0.48333333333333334
反馈位置,0,0,0,0,1,0,0,1,0.24166666666666667
tddcon,0,0,0,0,1,0,0,1,0.24166666666666667
数量,0,0,0,0,1,0,0,1,0.24166666666666667
传输资源,0,0,0,0,1,1,0,2,0.48333333333333334
控制子信道,0,0,0,0,2,0,0,2,0.48333333333333334
ackbundling技,0,0,0,0,1,0,0,1,0.24166666666666667
传输结,0,0,0,0,1,0,0,1,0.24166666666666667
资源竞争粒度,0,0,0,0,1,2,0,3,0.725
ack-cc,0,0,0,0,1,0,0,1,0.24166666666666667
竞争传输流程,0,0,0,0,1,0,0,1,0.24166666666666667
fdd网络,0,0,0,0,1,0,0,1,0.24166666666666667
粒度,0,0,0,0,1,0,0,1,0.24166666666666667
tdd网络,0,0,0,0,2,0,0,2,0.48333333333333334
d2d数据传输流程,0,0,0,0,3,0,0,3,0.725
上行pusch传输,0,0,0,0,1,0,0,1,0.24166666666666667
下行子帧数,0,0,0,0,1,0,0,1,0.24166666666666667
tdd-lte,0,0,0,0,3,0,0,3,0.725
pusch传输,0,0,0,0,1,0,0,1,0.24166666666666667
上行,0,0,0,0,1,3,0,4,0.9666666666666667
fdd-lte,0,0,0,0,1,0,0,1,0.24166666666666667
重传调度,0,0,0,0,1,1,0,2,0.48333333333333334
资源段长度,0,0,0,0,5,0,0,5,1.2083333333333333
传输长度,0,0,0,0,1,0,0,1,0.24166666666666667
信道传输容量,0,0,0,0,1,0,0,1,0.24166666666666667
rb数量,0,0,0,0,1,0,0,1,0.24166666666666667
物理层数据传输速率,0,0,0,0,1,0,0,1,0.24166666666666667
信道资源量,0,0,0,0,1,0,0,1,0.24166666666666667
原始数据,0,0,0,0,1,0,0,1,0.24166666666666667
虚拟环状缓冲区,0,0,0,0,1,0,0,1,0.24166666666666667
turbo译码,0,0,0,0,1,0,0,1,0.24166666666666667
重传次数,0,0,0,0,1,0,0,1,0.24166666666666667
合并增益,0,0,0,0,1,0,0,1,0.24166666666666667
物理层信号,0,0,0,0,1,0,0,1,0.24166666666666667
资源量,0,0,0,0,1,0,0,1,0.24166666666666667
可变长度,0,0,0,0,1,0,0,1,0.24166666666666667
lte通信,0,0,0,0,1,0,0,1,0.24166666666666667
chase,0,0,0,0,1,0,0,1,0.24166666666666667
ir,0,0,0,0,1,1,0,2,0.48333333333333334
增量冗余,0,0,0,0,1,0,0,1,0.24166666666666667
状态转换,0,0,0,0,1,0,0,1,0.24166666666666667
实体管理,0,0,0,0,1,0,0,1,0.24166666666666667
harq技术,0,0,0,0,1,0,0,1,0.24166666666666667
跨层harq,0,0,0,0,1,0,0,1,0.24166666666666667
rrm-phy,0,0,0,0,1,0,0,1,0.24166666666666667
吞吐能力,0,0,0,0,1,0,0,1,0.24166666666666667
单进程,0,0,0,0,1,0,0,1,0.24166666666666667
ack反馈,0,0,0,0,1,1,0,2,0.48333333333333334
停等协议,0,0,0,0,1,0,0,1,0.24166666666666667
标准,0,0,0,0,1,0,0,1,0.24166666666666667
多进程s/w协议,0,0,0,0,1,0,0,1,0.24166666666666667
数据重传,0,0,0,0,1,0,0,1,0.24166666666666667
随路控制信道,0,0,0,0,3,1,0,4,0.9666666666666667
定时关,0,0,0,0,1,0,0,1,0.24166666666666667
s/w,0,0,0,0,1,0,0,1,0.24166666666666667
多进程停等,0,0,0,0,1,0,0,1,0.24166666666666667
d2dharq过程,0,0,0,0,1,0,0,1,0.24166666666666667
ack反馈信道,0,0,0,0,1,0,0,1,0.24166666666666667
数据传输资源,0,0,0,0,1,0,0,1,0.24166666666666667
非自适应,0,0,0,0,1,0,0,1,0.24166666666666667
同步harq,0,0,0,0,1,0,0,1,0.24166666666666667
harq条件,0,0,0,0,1,0,0,1,0.24166666666666667
lte通信环境,0,0,0,0,1,0,0,1,0.24166666666666667
d2d通信环境,0,0,0,0,1,0,0,1,0.24166666666666667
传输错误,0,0,0,0,1,1,0,2,0.48333333333333334
快衰落,0,0,0,0,2,0,0,2,0.48333333333333334
qos保证,0,0,0,0,1,0,0,1,0.24166666666666667
无线承载,0,0,0,0,1,0,0,1,0.24166666666666667
正确率,0,0,0,0,1,0,0,1,0.24166666666666667
arq重传,0,0,0,0,1,0,0,1,0.24166666666666667
纠错,0,0,0,0,1,0,0,1,0.24166666666666667
arq,0,0,0,0,1,0,0,1,0.24166666666666667
混合自动重传请求,1,0,0,0,1,0,0,2,1.2416666666666667
hybridautomaticrepeatrequest,0,0,0,0,1,0,0,1,0.24166666666666667
cue资源,0,0,0,3,5,3,0,11,2.3083333333333336
蜂窝链路质量,0,0,0,0,0,3,0,3,0.725
损失率,0,0,0,0,0,3,0,3,0.725
d2c干扰控制性能,0,0,0,0,0,3,0,3,0.725
蜂窝业务,0,0,0,0,0,5,0,5,1.2083333333333333
损失率参数,0,0,0,0,0,2,0,2,0.48333333333333334
蜂窝保有率,0,0,0,0,0,2,0,2,0.48333333333333334
保有率,0,0,0,0,0,3,0,3,0.725
c2d强干扰场景,0,0,0,0,0,2,0,2,0.48333333333333334
认知,0,0,1,1,0,2,0,4,0.7333333333333334
txcue,0,0,0,0,0,2,0,2,0.48333333333333334
c2d强干扰验证,0,0,0,0,0,2,0,2,0.48333333333333334
正交复用,0,0,0,1,0,1,0,2,0.3666666666666667
蜂窝占用,0,0,0,0,0,1,0,1,0.24166666666666667
d2d占用,0,0,0,0,0,1,0,1,0.24166666666666667
tloss,0,0,0,0,0,1,0,1,0.24166666666666667
动态配置,0,0,0,0,0,1,0,1,0.24166666666666667
c2d干扰协同模块,0,0,0,0,0,1,0,1,0.24166666666666667
jg,0,0,0,0,0,1,0,1,0.24166666666666667
监控平台,0,0,0,0,0,1,0,1,0.24166666666666667
资源通信,0,0,0,0,0,1,0,1,0.24166666666666667
边缘用户,0,0,2,0,0,3,0,5,0.975
d2d复用小区,0,0,0,0,0,1,0,1,0.24166666666666667
蜂窝,2,0,4,4,8,7,0,25,6.625
d2d干扰协同模块,0,0,0,0,0,1,0,1,0.24166666666666667
门限控制,0,0,0,0,0,1,0,1,0.24166666666666667
复用小区,0,0,0,0,0,1,0,1,0.24166666666666667
d2c干扰跟踪机制,0,0,0,0,0,1,0,1,0.24166666666666667
主动功控补偿,0,0,0,0,0,1,0,1,0.24166666666666667
cue通信质量,0,0,0,0,0,1,0,1,0.24166666666666667
物印,0,0,0,0,0,1,0,1,0.24166666666666667
裕量,0,0,0,0,0,2,0,2,0.48333333333333334
监控,0,0,0,0,0,1,0,1,0.24166666666666667
波动,0,0,0,0,0,1,0,1,0.24166666666666667
ulsubframe,0,0,0,0,0,1,0,1,0.24166666666666667
质量指标,0,0,0,0,1,1,0,2,0.48333333333333334
被复用蜂窝链路,0,0,0,0,0,1,0,1,0.24166666666666667
非正交复用发送功率,0,0,0,0,0,1,0,1,0.24166666666666667
c2d,1,0,0,0,0,2,0,3,1.4833333333333334
d2d通信复用蜂窝8002资源,0,0,0,0,0,1,0,1,0.24166666666666667
频谱功率,0,0,0,0,0,1,0,1,0.24166666666666667
d2drrm干扰认知功能,0,0,0,0,0,1,0,1,0.24166666666666667
cue8002,0,0,0,0,0,1,0,1,0.24166666666666667
干扰情况,0,0,0,0,0,1,0,1,0.24166666666666667
资源占用,0,0,0,0,0,1,0,1,0.24166666666666667
ti,0,0,0,0,0,1,0,1,0.24166666666666667
时刻,0,0,0,0,1,1,0,2,0.48333333333333334
cueid,0,0,0,0,0,7,0,7,1.6916666666666667
d2d通信连接,0,0,0,0,0,1,0,1,0.24166666666666667
d2d3,0,0,0,0,0,1,0,1,0.24166666666666667
cellid332,0,0,0,0,0,1,0,1,0.24166666666666667
拓扑,0,0,0,0,0,1,0,1,0.24166666666666667
距离,0,0,0,3,0,2,0,5,0.8583333333333334
txcue性能,0,0,0,0,0,1,0,1,0.24166666666666667
bs接收,0,0,0,0,0,1,0,1,0.24166666666666667
due通信,0,0,0,0,2,1,0,3,0.725
蜂窝商用终端,0,0,0,0,0,1,0,1,0.24166666666666667
验证,0,0,0,0,0,1,0,1,0.24166666666666667
d2c干扰协同,0,0,0,0,0,1,0,1,0.24166666666666667
d2c强干扰场景,0,0,0,0,0,1,0,1,0.24166666666666667
强干扰验证,0,0,0,0,0,1,0,1,0.24166666666666667
干扰协调验证,0,0,0,0,0,1,0,1,0.24166666666666667
d2d无线资源管理,1,0,6,0,3,8,0,18,4.408333333333333
d2d技术,0,0,5,1,2,0,0,8,1.2333333333333334
上行无线资源,0,0,0,0,1,0,0,1,0.24166666666666667
蜂窝辅助控制,0,0,0,0,1,0,0,1,0.24166666666666667
无线系统,0,0,0,0,1,0,0,1,0.24166666666666667
混合组网,0,0,1,0,1,0,0,2,0.3666666666666667
实蜂窝网络,0,0,0,0,1,0,0,1,0.24166666666666667
lte-ao,0,0,0,0,1,0,0,1,0.24166666666666667
蜂窝通信网络,0,0,1,0,1,0,0,2,0.3666666666666667
3gppltfc-a,0,0,0,0,1,0,0,1,0.24166666666666667
异构网络组网,0,0,0,0,1,0,0,1,0.24166666666666667
structulgrant,0,0,0,0,0,2,0,2,0.48333333333333334
handler,0,0,0,0,0,4,0,4,0.9666666666666667
参数监控模块,0,0,0,0,0,1,0,1,0.24166666666666667
nod,0,0,0,0,0,1,0,1,0.24166666666666667
d2b,0,0,0,0,0,2,0,2,0.48333333333333334
pl,0,0,0,0,1,3,0,4,0.9666666666666667
dtx2d,0,0,0,0,0,1,0,1,0.24166666666666667
q_cue,0,0,0,0,0,1,0,1,0.24166666666666667
intjc2d,0,0,0,0,0,1,0,1,0.24166666666666667
rl,0,0,0,0,0,1,0,1,0.24166666666666667
data,0,0,0,0,0,1,0,1,0.24166666666666667
rblength,0,0,0,0,0,1,0,1,0.24166666666666667
tart,0,0,0,0,0,1,0,1,0.24166666666666667
ulgrant结构体,0,0,0,0,0,1,0,1,0.24166666666666667
tddc,0,0,0,0,0,2,0,2,0.48333333333333334
outputfunction,0,0,0,0,0,1,0,1,0.24166666666666667
powermeasure,0,0,0,0,0,3,0,3,0.725
pe,0,0,0,0,0,1,0,1,0.24166666666666667
ht,0,0,0,0,0,1,0,1,0.24166666666666667
ler,0,0,0,0,0,1,0,1,0.24166666666666667
han,0,0,0,0,0,1,0,1,0.24166666666666667
count,0,0,0,0,0,1,0,1,0.24166666666666667
rant,0,0,0,0,0,2,0,2,0.48333333333333334
id,0,0,0,0,1,6,0,7,1.6916666666666667
sibproc,0,0,0,0,0,1,0,1,0.24166666666666667
inputprocessfunctionhandler,0,0,0,0,0,1,0,1,0.24166666666666667
待发送,0,0,0,0,0,1,0,1,0.24166666666666667
文件上传,0,0,0,0,0,1,0,1,0.24166666666666667
高容量业务,0,0,0,0,0,2,0,2,0.48333333333333334
传输数据量,0,0,0,0,0,1,0,1,0.24166666666666667
资源分配,1,0,5,7,3,3,0,19,3.95
实时视频,0,0,0,0,0,1,0,1,0.24166666666666667
voip,0,0,0,0,0,2,0,2,0.48333333333333334
持续型业务,0,0,0,0,0,1,0,1,0.24166666666666667
高容量型业务,0,0,0,0,0,1,0,1,0.24166666666666667
持续低容量型业务,0,0,0,0,0,1,0,1,0.24166666666666667
蜂窝通信业务,0,0,0,0,0,1,0,1,0.24166666666666667
due射频前端,0,0,0,0,0,1,0,1,0.24166666666666667
cue设备,0,0,0,0,0,1,0,1,0.24166666666666667
nrbpucch,0,0,0,0,0,1,0,1,0.24166666666666667
alphaindex,0,0,0,0,0,1,0,1,0.24166666666666667
c-rspower,0,0,0,0,0,1,0,1,0.24166666666666667
ponominalpus,0,0,0,0,0,1,0,1,0.24166666666666667
dlconfigin,0,0,0,0,0,1,0,1,0.24166666666666667
bandwidth,0,0,0,0,0,1,0,1,0.24166666666666667
duplexmodetdd,0,0,0,0,0,1,0,1,0.24166666666666667
bbu+rru系统,0,0,0,0,0,1,0,1,0.24166666666666667
异构组网,1,0,1,0,0,3,0,5,1.85
lted2d终端,0,0,0,0,0,2,0,2,0.48333333333333334
商用lte终端,0,0,0,0,0,1,0,1,0.24166666666666667
功能,0,0,1,0,0,1,0,2,0.3666666666666667
保护边带,0,0,0,0,0,4,0,4,0.9666666666666667
频带,0,0,0,1,0,4,0,5,1.0916666666666668
物理信道,0,0,0,0,0,4,0,4,0.9666666666666667
卷积编码,0,0,0,0,0,2,0,2,0.48333333333333334
时频资源,0,0,1,0,0,2,0,3,0.6083333333333334
时隙,0,0,0,1,10,2,0,13,3.025
sch,0,0,0,0,2,1,0,3,0.725
信号处理,0,0,0,1,0,1,0,2,0.3666666666666667
mcs0,0,0,0,0,1,1,0,2,0.48333333333333334
物理承载,0,0,0,0,0,1,0,1,0.24166666666666667
基带信号处理,0,0,0,0,0,1,0,1,0.24166666666666667
dccch复用,0,0,0,0,0,1,0,1,0.24166666666666667
有效载荷数,0,0,0,0,0,1,0,1,0.24166666666666667
速率匹配,0,0,0,0,0,1,0,1,0.24166666666666667
处理流程,0,0,0,0,0,1,0,1,0.24166666666666667
crc24,0,0,0,0,0,1,0,1,0.24166666666666667
qpsk调制,0,0,0,0,0,1,0,1,0.24166666666666667
低码率,0,0,0,0,0,1,0,1,0.24166666666666667
turbo编码,0,0,0,0,1,1,0,2,0.48333333333333334
载荷,0,0,0,0,0,1,0,1,0.24166666666666667
控制信道,0,0,0,4,1,1,0,6,0.9833333333333334
dccch基带信道,0,0,0,0,0,1,0,1,0.24166666666666667
dmsymbol,0,0,0,0,0,1,0,1,0.24166666666666667
ofdmsymbol,0,0,0,0,0,1,0,1,0.24166666666666667
子帧长度,0,0,0,0,0,1,0,1,0.24166666666666667
调度粒度,0,0,0,0,0,1,0,1,0.24166666666666667
pusch,0,0,0,0,1,3,0,4,0.9666666666666667
时域信道长度,0,0,0,0,0,1,0,1,0.24166666666666667
时隙长度,0,0,0,0,1,1,0,2,0.48333333333333334
fdd,0,0,1,0,2,1,0,4,0.85
tdd,0,0,1,0,6,3,0,10,2.3
冲击响应,0,0,0,0,0,1,0,1,0.24166666666666667
瞬时信道,0,0,0,0,0,1,0,1,0.24166666666666667
信道调度,0,0,0,0,0,1,0,1,0.24166666666666667
参考信号,0,0,0,1,3,3,0,7,1.575
lte帧格式,0,0,0,0,0,1,0,1,0.24166666666666667
fdd数据传输,0,0,0,0,0,1,0,1,0.24166666666666667
时域长度,0,0,0,0,0,1,0,1,0.24166666666666667
子信道,0,0,0,0,0,1,0,1,0.24166666666666667
ssca资源,0,0,0,0,0,1,0,1,0.24166666666666667
cts-ccch,0,0,0,0,0,1,0,1,0.24166666666666667
rts-ccch,0,0,0,0,0,1,0,1,0.24166666666666667
传输随路控制信道,0,0,0,0,0,1,0,1,0.24166666666666667
公共共享数据信道,0,0,0,0,0,1,0,1,0.24166666666666667
ch,0,0,0,0,0,1,0,1,0.24166666666666667
datactrl-,0,0,0,0,0,1,0,1,0.24166666666666667
dccch子信道,0,0,0,0,0,1,0,1,0.24166666666666667
and,0,0,0,0,0,1,0,1,0.24166666666666667
ste,0,0,0,0,0,1,0,1,0.24166666666666667
低频带,0,0,0,0,0,1,0,1,0.24166666666666667
高频带,0,0,0,0,0,1,0,1,0.24166666666666667
td-lte,0,0,1,0,0,2,0,3,0.6083333333333334
补偿,0,0,0,0,0,1,0,1,0.24166666666666667
接收端信道,0,0,0,0,0,1,0,1,0.24166666666666667
相位,0,0,0,0,0,1,0,1,0.24166666666666667
频域,0,0,0,0,1,1,0,2,0.48333333333333334
dccch信令传输,0,0,0,0,0,1,0,1,0.24166666666666667
发射功率,0,0,0,0,0,1,0,1,0.24166666666666667
due间通信距离,0,0,0,0,0,1,0,1,0.24166666666666667
隔离性,0,0,0,0,0,1,0,1,0.24166666666666667
传输信号,0,0,0,0,0,1,0,1,0.24166666666666667
带宽,0,0,3,0,1,1,0,5,0.8583333333333334
guardband,0,0,0,0,0,1,0,1,0.24166666666666667
lte协议,0,0,0,0,0,1,0,1,0.24166666666666667
td-lte基站,0,0,0,0,0,1,0,1,0.24166666666666667
d2d通信模,0,0,0,0,0,1,0,1,0.24166666666666667
dccch信道,0,0,0,0,0,2,0,2,0.48333333333333334
基站分配系统,0,0,0,0,0,1,0,1,0.24166666666666667
3dccch,0,0,0,0,0,1,0,1,0.24166666666666667
ssca状态机,0,0,0,0,0,3,0,3,0.725
rts1,0,0,0,0,0,15,0,15,3.625
rts0,0,0,0,0,0,9,0,9,2.175
状态转移,0,0,0,0,0,2,0,2,0.48333333333333334
rtso,0,0,0,0,0,19,0,19,4.591666666666667
发送状态机,0,0,0,0,0,2,0,2,0.48333333333333334
无线接入管理模块,0,0,0,0,0,2,0,2,0.48333333333333334
cts信道,0,0,0,0,0,1,0,1,0.24166666666666667
消息触发调用,0,0,0,0,0,1,0,1,0.24166666666666667
发送调度,0,0,0,0,0,4,0,4,0.9666666666666667
时序触发调用,0,0,0,0,0,1,0,1,0.24166666666666667
messageprocesshandler,0,0,0,0,0,2,0,2,0.48333333333333334
ger,0,0,0,0,0,1,0,1,0.24166666666666667
tr,0,0,0,0,0,1,0,1,0.24166666666666667
timingqueue,0,0,0,0,0,2,0,2,0.48333333333333334
状态机,0,0,0,0,0,1,0,1,0.24166666666666667
rts-cts接收,0,0,0,0,0,1,0,1,0.24166666666666667
处理状态机,0,0,0,0,0,1,0,1,0.24166666666666667
发送,0,0,0,1,2,2,0,5,1.0916666666666668
rts1-cts,0,0,0,0,0,1,0,1,0.24166666666666667
接收状态机,0,0,0,0,0,1,0,1,0.24166666666666667
触发条件,0,0,0,0,0,1,0,1,0.24166666666666667
链路速率,0,0,0,0,0,1,0,1,0.24166666666666667
链路发送吞吐,0,0,0,0,0,1,0,1,0.24166666666666667
harq重传进程,0,0,0,0,0,1,0,1,0.24166666666666667
rtsdo,0,0,0,0,0,1,0,1,0.24166666666666667
退避定时器,0,0,0,0,4,1,0,5,1.2083333333333333
rts-query状态,0,0,0,0,0,1,0,1,0.24166666666666667
时序,0,0,0,0,0,3,0,3,0.725
idle,0,0,0,0,0,1,0,1,0.24166666666666667
回归,0,0,0,0,0,1,0,1,0.24166666666666667
发送/,0,0,0,0,0,1,0,1,0.24166666666666667
状态转移图,0,0,0,0,0,1,0,1,0.24166666666666667
rts/cts流程,0,0,0,0,0,1,0,1,0.24166666666666667
ssca接收状态机,0,0,0,0,0,1,0,1,0.24166666666666667
rts-ccch消息触发,0,0,0,0,0,1,0,1,0.24166666666666667
rts接收触发,0,0,0,0,0,1,0,1,0.24166666666666667
rts/cts消息格式,0,0,0,0,0,1,0,1,0.24166666666666667
外接口,0,0,0,0,0,1,0,1,0.24166666666666667
交互流程,0,0,0,0,0,7,0,7,1.6916666666666667
sscao,0,0,0,0,0,1,0,1,0.24166666666666667
二进制指数,0,0,0,0,1,1,0,2,0.48333333333333334
ssca算法流程,0,0,0,0,0,1,0,1,0.24166666666666667
触发配置,0,0,0,0,0,1,0,1,0.24166666666666667
定时器,0,0,0,0,1,1,0,2,0.48333333333333334
退避功能,0,0,0,0,0,1,0,1,0.24166666666666667
信道接入,0,0,0,0,0,2,0,2,0.48333333333333334
imt-advanced,0,0,5,0,0,0,0,5,0.625
帧结构,0,0,4,0,0,0,0,4,0.5
sc-fdma,0,0,3,0,1,0,0,4,0.6166666666666667
峰值速率,0,0,2,0,0,0,0,2,0.25
载波聚合,0,0,2,0,0,0,0,2,0.25
小区,0,0,3,1,0,2,0,6,0.9833333333333334
半静态调度,0,0,2,0,0,5,0,7,1.4583333333333333
帧格,0,0,1,0,0,0,0,1,0.125
fdd模式,0,0,1,0,0,0,0,1,0.125
双工,0,0,1,0,0,0,0,1,0.125
物理层帧结构,0,0,1,0,0,0,0,1,0.125
lte-a/lte,0,0,1,0,0,0,0,1,0.125
选择性调度,0,0,1,0,0,0,0,1,0.125
频率,0,0,1,0,0,0,0,1,0.125
功放,0,0,1,0,0,0,0,1,0.125
用户终端,0,0,1,1,0,0,0,2,0.25
峰均比特性,0,0,1,0,0,0,0,1,0.125
单载波频分多址,0,0,1,0,0,0,0,1,0.125
正交频分技术,0,0,1,0,0,0,0,1,0.125
正交频分多址,0,0,1,0,0,0,0,1,0.125
多址接入,0,0,1,0,0,0,0,1,0.125
多载波,0,0,1,0,0,0,0,1,0.125
lte-a/lte系统,0,0,1,0,0,0,0,1,0.125
非对称载波聚合,0,0,1,0,0,0,0,1,0.125
上下行不对称,0,0,1,0,0,0,0,1,0.125
不连续资源,0,0,1,0,1,0,0,2,0.3666666666666667
运营商,0,0,1,0,0,0,0,1,0.125
系统吞吐量,0,0,1,0,0,0,0,1,0.125
承载业务,0,0,1,0,0,0,0,1,0.125
载波资源,0,0,1,0,0,0,0,1,0.125
频段,0,0,1,0,0,0,0,1,0.125
载波聚合技术,0,0,1,0,0,0,0,1,0.125
资源频谱,0,0,1,0,0,0,0,1,0.125
hz,0,0,1,0,0,0,0,1,0.125
小区间干扰,0,0,1,0,0,0,0,1,0.125
波束赋形,0,0,1,0,0,0,0,1,0.125
协作调度,0,0,1,0,0,0,0,1,0.125
分集增益,0,0,1,0,0,0,0,1,0.125
上行通信质量,0,0,1,0,0,0,0,1,0.125
用户信号,0,0,1,0,0,0,0,1,0.125
基站节,0,0,1,0,0,0,0,1,0.125
上行接收,0,0,1,0,0,0,0,1,0.125
comp接收,0,0,1,0,0,0,0,1,0.125
comp发射,0,0,1,0,0,0,0,1,0.125
高速通信,0,0,1,0,0,0,0,1,0.125
边缘用户通信体验,0,0,1,0,0,0,0,1,0.125
小区间,0,0,1,0,0,0,0,1,0.125
增益,0,0,1,0,0,0,0,1,0.125
空间分集,0,0,1,0,0,0,0,1,0.125
协作多点技术,0,0,1,0,0,0,0,1,0.125
控制信道资源,0,0,1,0,0,0,0,1,0.125
周期性业务,0,0,1,0,0,0,0,1,0.125
自适应重传,0,0,1,0,0,0,0,1,0.125
rrc信令,0,0,1,0,0,1,0,2,0.3666666666666667
下行资源,0,0,1,2,1,0,0,4,0.6166666666666667
dlgrant,0,0,1,0,0,0,0,1,0.125
随路资源分配指示,0,0,1,0,0,0,0,1,0.125
ulgrant,0,0,1,0,0,1,0,2,0.3666666666666667
资源分配指示,0,0,1,0,0,0,0,1,0.125
提前量,0,0,1,0,0,0,0,1,0.125
上行共享信道,0,0,1,0,0,0,0,1,0.125
共享信道资源,0,0,1,0,0,0,0,1,0.125
动态,0,0,1,0,0,1,0,2,0.3666666666666667
资源调度,0,0,2,2,0,0,0,4,0.5
最小调度资源粒度,0,0,1,0,0,0,0,1,0.125
灵活资源分配,0,0,1,0,0,0,0,1,0.125
多址,0,0,1,2,0,0,0,3,0.375
物理层帧格,0,0,1,0,0,0,0,1,0.125
womsolte,0,0,1,0,0,0,0,1,0.125
控制平面延时,0,0,1,0,0,0,0,1,0.125
平面环回时延,0,0,1,0,0,0,0,1,0.125
时延需求,0,0,1,0,0,0,0,1,0.125
快速调度,0,0,1,0,0,0,0,1,0.125
ek,0,0,1,0,0,0,0,1,0.125
兼容,0,0,1,0,0,0,0,1,0.125
lte核心技术,0,0,1,0,0,0,0,1,0.125
标准化,0,0,1,0,0,0,0,1,0.125
性能需求,0,0,1,0,0,0,0,1,0.125
主动资源,0,0,0,0,0,1,0,1,0.24166666666666667
cue干扰,0,0,0,0,1,1,0,2,0.48333333333333334
开环控制机制,0,0,0,0,0,1,0,1,0.24166666666666667
开环功控,0,0,0,0,1,1,0,2,0.48333333333333334
d2c正交干扰控制,0,0,0,0,0,1,0,1,0.24166666666666667
分布式闭环控制机制,0,0,0,0,0,1,0,1,0.24166666666666667
质量损失门限,0,0,0,0,1,1,0,2,0.48333333333333334
重用干扰控制,0,0,0,0,1,1,0,2,0.48333333333333334
d2,0,0,0,0,0,1,0,1,0.24166666666666667
c2d干扰控制机制,0,0,0,0,0,1,0,1,0.24166666666666667
无蜂窝,0,0,0,0,0,1,0,1,0.24166666666666667
模块功能,0,0,0,0,0,4,0,4,0.9666666666666667
d2d数据传输,0,0,0,0,7,0,0,7,1.6916666666666667
d2d-cts,0,0,0,0,4,0,0,4,0.9666666666666667
d2d传输资源,0,0,0,0,4,0,0,4,0.9666666666666667
d2d-rts,0,0,0,0,4,0,0,4,0.9666666666666667
due-tx,0,0,0,0,4,0,0,4,0.9666666666666667
偶数子帧,0,0,0,0,3,0,0,3,0.725
d2d数据传输块,0,0,0,0,3,0,0,3,0.725
rxue,0,0,0,0,3,0,0,3,0.725
link,0,0,0,0,3,0,0,3,0.725
确认信息,0,0,0,0,2,0,0,2,0.48333333333333334
nak,0,0,0,0,2,0,0,2,0.48333333333333334
txue,0,0,0,0,2,0,0,2,0.48333333333333334
资源配置信息,0,0,0,0,2,0,0,2,0.48333333333333334
d2d-datactrl,0,0,0,0,2,0,0,2,0.48333333333333334
响应,0,0,0,0,3,0,0,3,0.725
数据传输请求,0,0,0,0,2,0,0,2,0.48333333333333334
due-rx,0,0,0,0,2,0,0,2,0.48333333333333334
独占资源,0,0,0,0,2,0,0,2,0.48333333333333334
传输请求,0,0,0,0,2,0,0,2,0.48333333333333334
tddconfigl,0,0,0,0,2,0,0,2,0.48333333333333334
下行子帧,0,0,0,0,2,0,0,2,0.48333333333333334
数据通信,0,0,0,0,2,0,0,2,0.48333333333333334
d2d-ctso,0,0,0,0,1,0,0,1,0.24166666666666667
n子帧,0,0,0,0,1,0,0,1,0.24166666666666667
数据传输流程,0,0,0,0,1,0,0,1,0.24166666666666667
上行物理信道,0,0,0,0,1,0,0,1,0.24166666666666667
交互间隔,0,0,0,0,1,0,0,1,0.24166666666666667
slotlo,0,0,0,0,1,0,0,1,0.24166666666666667
奇数子帧,0,0,0,0,1,0,0,1,0.24166666666666667
slothack控制信道,0,0,0,0,1,0,0,1,0.24166666666666667
cts控制信道,0,0,0,0,1,0,0,1,0.24166666666666667
sloto,0,0,0,0,1,0,0,1,0.24166666666666667
rts控制信道,0,0,0,0,2,0,0,2,0.48333333333333334
24d2d-cts,0,0,0,0,1,0,0,1,0.24166666666666667
定时关系,0,0,0,0,1,0,0,1,0.24166666666666667
确认信道,0,0,0,0,1,0,0,1,0.24166666666666667
传输结果,0,0,0,0,1,0,0,1,0.24166666666666667
上行资源接入权,0,0,0,0,1,0,0,1,0.24166666666666667
无线,0,0,0,0,1,0,0,1,0.24166666666666667
终端,0,0,2,9,7,3,0,21,3.7916666666666665
竞争接入过程,0,0,0,0,1,0,0,1,0.24166666666666667
辅助控制信道,0,0,0,0,1,0,0,1,0.24166666666666667
辅助信道,0,0,0,0,1,0,0,1,0.24166666666666667
数据传输信道,0,0,0,0,1,0,0,1,0.24166666666666667
上下行子帧数量,0,0,0,0,1,0,0,1,0.24166666666666667
rts过程,0,0,0,0,1,2,0,3,0.725
sudd,0,0,0,0,1,0,0,1,0.24166666666666667
um,0,0,0,0,1,0,0,1,0.24166666666666667
subframe,0,0,0,0,1,0,0,1,0.24166666666666667
iodicity,0,0,0,0,1,0,0,1,0.24166666666666667
tch,0,0,0,0,1,0,0,1,0.24166666666666667
tion,0,0,0,0,1,0,0,1,0.24166666666666667
fig,0,0,0,0,1,1,0,2,0.48333333333333334
downlink,0,0,0,0,1,0,0,1,0.24166666666666667
rts-cts,0,0,0,0,1,0,0,1,0.24166666666666667
下行,0,0,0,0,1,0,0,1,0.24166666666666667
频谱网络,0,0,0,0,1,0,0,1,0.24166666666666667
802.11,0,0,0,0,1,0,0,1,0.24166666666666667
数据通信流程,1,0,0,0,1,0,0,2,1.2416666666666667
broadcast,0,0,0,0,1,1,0,2,0.48333333333333334
dccchallocation,0,0,0,0,1,0,0,1,0.24166666666666667
beb退避算法,0,0,0,0,2,0,0,2,0.48333333333333334
空闲资源段,0,0,0,0,3,0,0,3,0.725
资源分段优化,0,0,0,0,2,0,0,2,0.48333333333333334
空闲资源长度,0,0,0,0,1,0,0,1,0.24166666666666667
调度次数,0,0,0,0,1,0,0,1,0.24166666666666667
cue数量,0,0,0,0,1,0,0,1,0.24166666666666667
记调度图,0,0,0,0,1,0,0,1,0.24166666666666667
资源分布,0,0,0,0,1,0,0,1,0.24166666666666667
蜂窝阿络资源调度图,0,0,0,0,1,0,0,1,0.24166666666666667
资源分段,0,0,0,0,4,1,0,5,1.2083333333333333
pucch,0,0,0,0,2,0,0,2,0.48333333333333334
ccchlte,0,0,0,0,1,0,0,1,0.24166666666666667
ddpsch,0,0,0,0,1,0,0,1,0.24166666666666667
ltepucch,0,0,0,0,1,0,0,1,0.24166666666666667
扫描,0,0,0,0,1,0,0,1,0.24166666666666667
遍历,0,0,0,0,2,0,0,2,0.48333333333333334
记录长度,0,0,0,0,1,0,0,1,0.24166666666666667
空闲资源,0,0,0,1,3,0,0,4,0.85
带空闲资源段,0,0,0,0,1,0,0,1,0.24166666666666667
独立空闲资源,0,0,0,0,1,0,0,1,0.24166666666666667
吞吐,0,0,1,1,3,4,0,9,1.9416666666666667
cue1,0,0,0,0,5,1,0,6,1.45
蜂窝下行资源,0,0,0,0,2,0,0,2,0.48333333333333334
无线资源利用率,0,0,0,1,1,0,0,2,0.3666666666666667
复用对象,0,0,0,1,1,0,0,2,0.3666666666666667
下旬资源,0,0,0,0,1,0,0,1,0.24166666666666667
通信性能,0,0,0,0,1,0,0,1,0.24166666666666667
小区边缘,0,0,0,0,1,0,0,1,0.24166666666666667
发送端,0,0,0,0,4,9,0,13,3.1416666666666666
重用,1,0,0,2,1,0,0,4,1.4916666666666667
d2d链路,0,0,0,0,3,4,0,7,1.6916666666666667
pbad,0,0,0,0,1,0,0,1,0.24166666666666667
cue1资源,0,0,0,0,2,0,0,2,0.48333333333333334
due复用,0,0,0,0,1,1,0,2,0.48333333333333334
闭环amc,0,0,0,0,0,3,0,3,0.725
吞吐性能,0,0,0,1,0,1,0,2,0.3666666666666667
基准微调,0,0,0,0,0,1,0,1,0.24166666666666667
mcsfactor,0,0,0,0,0,1,0,1,0.24166666666666667
harq补偿,0,0,0,0,0,1,0,1,0.24166666666666667
harq接口,0,0,0,0,0,1,0,1,0.24166666666666667
资源子段,0,0,0,0,0,1,0,1,0.24166666666666667
输出接口,0,0,0,0,0,1,0,1,0.24166666666666667
调用,0,0,0,0,0,1,0,1,0.24166666666666667
调度资源,0,0,0,0,0,1,0,1,0.24166666666666667
beb,0,0,0,0,5,2,0,7,1.6916666666666667
beb算法,0,0,0,0,4,0,0,4,0.9666666666666667
利用率,0,0,0,0,4,0,0,4,0.9666666666666667
rts时隙,0,0,0,0,4,0,0,4,0.9666666666666667
概率,0,0,0,0,5,0,0,5,1.2083333333333333
发送概率,0,0,0,0,3,0,0,3,0.725
退避,0,0,0,0,3,0,0,3,0.725
pbca,0,0,0,0,3,0,0,3,0.725
时延,0,0,0,2,2,0,0,4,0.7333333333333334
窗口,0,0,0,0,2,0,0,2,0.48333333333333334
初传非退避beb算法,0,0,0,0,2,0,0,2,0.48333333333333334
窗长,0,0,0,0,2,0,0,2,0.48333333333333334
回退窗口,0,0,0,0,2,0,0,2,0.48333333333333334
到达率,0,0,0,0,2,0,0,2,0.48333333333333334
cts反馈,0,0,0,0,2,0,0,2,0.48333333333333334
检测门限,0,0,0,0,2,0,0,2,0.48333333333333334
pbca算法,0,0,0,0,2,0,0,2,0.48333333333333334
活跃终端数,0,0,0,0,2,0,0,2,0.48333333333333334
信道利用率,0,0,0,0,2,0,0,2,0.48333333333333334
空洞,0,0,0,0,2,0,0,2,0.48333333333333334
ssca分布协同机制,0,0,0,0,2,0,0,2,0.48333333333333334
ssca分布协同,0,0,0,0,1,0,0,1,0.24166666666666667
功接入时延,0,0,0,0,1,0,0,1,0.24166666666666667
pbca信道,0,0,0,0,1,0,0,1,0.24166666666666667
资源复用效率,0,0,0,0,1,0,0,1,0.24166666666666667
冲突率,0,0,0,0,1,0,0,1,0.24166666666666667
工作点,0,0,0,0,1,0,0,1,0.24166666666666667
d2d开环,0,0,0,0,1,0,0,1,0.24166666666666667
分享信息,0,0,0,0,1,0,0,1,0.24166666666666667
距离传输资料,0,0,0,0,1,0,0,1,0.24166666666666667
集会场景,0,0,0,0,1,0,0,1,0.24166666666666667
大容量,0,0,0,0,1,0,0,1,0.24166666666666667
成功接入时延,0,0,0,0,1,0,0,1,0.24166666666666667
仿真,0,0,0,0,2,0,0,2,0.48333333333333334
业务量,0,0,0,0,1,0,0,1,0.24166666666666667
碰撞次数,0,0,0,0,1,0,0,1,0.24166666666666667
本地通信特性,0,0,0,0,1,0,0,1,0.24166666666666667
信道利用,0,0,0,0,1,0,0,1,0.24166666666666667
新数据,0,0,0,0,1,1,0,2,0.48333333333333334
利用率极限,0,0,0,0,1,0,0,1,0.24166666666666667
理论,0,0,0,0,1,0,0,1,0.24166666666666667
活跃节点,0,0,0,0,1,0,0,1,0.24166666666666667
窗口值,0,0,0,0,1,0,0,1,0.24166666666666667
节点,0,0,0,0,1,0,0,1,0.24166666666666667
传输概率,0,0,0,0,1,0,0,1,0.24166666666666667
二维离散马尔可夫模型,0,0,0,0,1,0,0,1,0.24166666666666667
伪随机函数,0,0,0,0,1,0,0,1,0.24166666666666667
均匀分布,0,0,0,0,1,0,0,1,0.24166666666666667
退避时间,0,0,0,0,1,0,0,1,0.24166666666666667
标准二进制指数,0,0,0,0,1,0,0,1,0.24166666666666667
到达概率,0,0,0,0,1,0,0,1,0.24166666666666667
数据包,0,0,0,0,2,0,0,2,0.48333333333333334
新数据包,0,0,0,0,1,0,0,1,0.24166666666666667
rts信息,0,0,0,0,1,0,0,1,0.24166666666666667
测量功率,0,0,0,0,1,1,0,2,0.48333333333333334
活动终端数,0,0,0,0,1,0,0,1,0.24166666666666667
动态更新,0,0,0,0,1,0,0,1,0.24166666666666667
碰撞状态,0,0,0,0,1,0,0,1,0.24166666666666667
时隙空洞,0,0,0,0,1,0,0,1,0.24166666666666667
强度,0,0,0,0,1,0,0,1,0.24166666666666667
泊松流,0,0,0,0,1,0,0,1,0.24166666666666667
等待概率,0,0,0,0,1,0,0,1,0.24166666666666667
活跃终端,0,0,0,0,1,0,0,1,0.24166666666666667
最大信道利用率,0,0,0,0,1,0,0,1,0.24166666666666667
oha,0,0,0,0,1,0,0,1,0.24166666666666667
p-概率时隙,0,0,0,0,1,0,0,1,0.24166666666666667
伪贝叶斯,0,0,0,0,1,0,0,1,0.24166666666666667
分布式协同算法,0,0,0,0,1,0,0,1,0.24166666666666667
竞争接入,0,0,0,0,3,0,0,3,0.725
衰落系数,0,0,0,3,0,0,0,3,0.375
接收due,0,0,0,2,1,0,0,3,0.4916666666666667
路损因子,0,0,0,2,0,0,0,2,0.25
d2d接收端,0,0,0,2,0,0,0,2,0.25
链路损耗因子,0,0,0,2,0,0,0,2,0.25
小区边缘用户,0,0,1,1,0,0,0,2,0.25
due资源,0,0,0,1,0,0,0,1,0.125
间干扰,0,0,0,2,0,0,0,2,0.25
上行蜂窝资源,0,0,0,2,0,0,0,2,0.25
cue发送干扰,0,0,0,1,0,0,0,1,0.125
due累积干扰,0,0,0,1,0,0,0,1,0.125
r风干扰,0,0,0,1,0,0,0,1,0.125
链路损耗,0,0,0,1,1,0,0,2,0.3666666666666667
due发送,0,0,0,1,0,0,0,1,0.125
蜂窝通信吞吐量,0,0,0,1,0,0,0,1,0.125
hmypcd,0,0,0,1,0,0,0,1,0.125
sin,0,0,0,1,2,0,0,3,0.6083333333333334
分布,0,0,0,2,0,0,0,2,0.25
加性高斯白噪声,0,0,0,1,0,0,0,1,0.125
c2dgx,0,0,0,1,0,0,0,1,0.125
单位功率,0,0,0,1,0,0,0,1,0.125
数据信号,0,0,0,1,0,0,0,1,0.125
信号,0,0,0,1,1,0,0,2,0.3666666666666667
发送信号,0,0,0,1,0,0,0,1,0.125
接收机,0,0,0,1,0,0,0,1,0.125
发送机,0,0,0,1,0,0,0,1,0.125
接收功率,0,0,0,1,1,0,0,2,0.3666666666666667
负指数,0,0,0,1,0,0,0,1,0.125
大尺度链路损耗,0,0,0,1,0,0,0,1,0.125
无线通信,1,0,0,1,0,0,0,2,1.125
d2d接收,0,0,0,1,0,0,0,1,0.125
成干扰,0,0,0,1,0,0,0,1,0.125
终端直通技术,0,0,4,0,0,0,0,4,0.5
中继通信,0,0,2,0,0,0,0,2,0.25
对等通信,0,0,2,0,0,0,0,2,0.25
蓝牙,0,0,2,0,0,0,0,2,0.25
pubse,0,0,4,0,0,0,0,4,0.5
prose,0,0,3,0,0,0,0,3,0.375
中央控制器,0,0,2,1,0,0,0,3,0.375
正常通信,0,0,1,1,0,0,0,2,0.25
通信承载,0,0,1,0,0,0,0,1,0.125
覆盖,0,0,1,0,0,1,0,2,0.3666666666666667
自然灾害,0,0,1,0,0,0,0,1,0.125
台风,0,0,1,0,0,0,0,1,0.125
内容,0,0,1,0,0,0,0,1,0.125
信息交互分享,0,0,1,0,0,0,0,1,0.125
本地广播,0,0,1,0,0,0,0,1,0.125
通信环境,0,0,1,1,0,0,0,2,0.25
公共安全,0,0,1,0,0,1,0,2,0.3666666666666667
商业应用,0,0,1,0,0,0,0,1,0.125
lte-d2d,0,0,2,0,0,0,0,2,0.25
3gpptsg-sai,0,0,1,0,0,0,0,1,0.125
蜂窝网络通信系统,0,0,1,0,0,0,0,1,0.125
验证密码,0,0,1,0,0,0,0,1,0.125
wifi网络,0,0,1,0,0,0,0,1,0.125
通信效率,0,0,1,0,0,0,0,1,0.125
免许可频段,0,0,1,0,0,0,0,1,0.125
无线资源频谱效率,0,0,1,0,0,0,0,1,0.125
许可频段,0,0,1,0,0,0,0,1,0.125
蜂窝技术,0,0,1,0,0,0,0,1,0.125
连通性,0,0,1,0,0,0,0,1,0.125
wifi,0,0,1,0,0,0,0,1,0.125
近场通信技术,0,0,1,0,0,0,0,1,0.125
应急通信,1,0,2,2,0,2,0,7,1.9833333333333334
基础架构网络,0,0,1,2,0,0,0,3,0.375
移动通信网络,0,0,1,0,0,0,0,1,0.125
公共安全网络,0,0,1,0,0,0,0,1,0.125
本地服务,0,0,1,0,0,0,0,1,0.125
传统网络,0,0,1,0,0,0,0,1,0.125
基础设施网络,0,0,2,0,0,0,0,2,0.25
无线连接,0,0,1,0,0,0,0,1,0.125
设备,0,0,1,0,0,1,0,2,0.3666666666666667
自组织特性,0,0,1,0,0,0,0,1,0.125
地缘性,0,0,1,0,0,0,0,1,0.125
通信终端,0,0,1,0,0,0,0,1,0.125
信息,0,0,1,3,2,2,0,8,1.4666666666666668
子网络,0,0,0,4,2,0,0,6,0.9833333333333334
rrm-phy跨层设计,0,0,0,0,1,0,0,1,0.24166666666666667
phy,0,0,0,0,2,0,0,2,0.48333333333333334
快变,0,0,0,0,1,0,0,1,0.24166666666666667
补偿信道,0,0,0,0,1,0,0,1,0.24166666666666667
慢变,0,0,0,0,1,0,0,1,0.24166666666666667
自动调制编码,1,0,0,0,1,0,0,2,1.2416666666666667
慢衰落,0,0,0,0,1,0,0,1,0.24166666666666667
无线信道衰落,0,0,0,0,1,0,0,1,0.24166666666666667
自适应链路,0,0,0,0,1,0,0,1,0.24166666666666667
干扰功率,0,0,0,0,4,0,0,4,0.9666666666666667
时域发送时机,0,0,0,0,1,0,0,1,0.24166666666666667
间干扰控制机制,0,0,0,0,1,1,0,2,0.48333333333333334
内部,0,0,0,0,1,1,0,2,0.48333333333333334
d2d分布式资源管理,0,0,0,0,1,0,0,1,0.24166666666666667
自适应机制,0,0,0,0,1,0,0,1,0.24166666666666667
4d2d链路,0,0,0,0,1,0,0,1,0.24166666666666667
update,0,0,0,0,0,4,0,4,0.9666666666666667
函数,0,0,0,0,0,2,0,2,0.48333333333333334
powerfactor,0,0,0,0,0,2,0,2,0.48333333333333334
underlaylist,0,0,0,0,0,2,0,2,0.48333333333333334
quality,0,0,0,0,0,2,0,2,0.48333333333333334
noise,0,0,0,0,0,2,0,2,0.48333333333333334
te,0,0,0,0,0,2,0,2,0.48333333333333334
interface,0,0,0,0,0,2,0,2,0.48333333333333334
重用功率因子,0,0,0,0,0,1,0,1,0.24166666666666667
干扰闭环控制,0,0,0,0,0,1,0,1,0.24166666666666667
正交干扰控制函数,0,0,0,0,0,1,0,1,0.24166666666666667
maxpower,0,0,0,0,0,1,0,1,0.24166666666666667
干扰跟踪,0,0,0,0,0,1,0,1,0.24166666666666667
本机,0,0,0,0,0,2,0,2,0.48333333333333334
闭环干扰控制,0,0,0,0,0,1,0,1,0.24166666666666667
due本机,0,0,0,0,0,1,0,1,0.24166666666666667
干扰跟踪时,0,0,0,0,0,1,0,1,0.24166666666666667
函数名,0,0,0,0,0,1,0,1,0.24166666666666667
wer,0,0,0,0,0,1,0,1,0.24166666666666667
interfacetoamc,0,0,0,0,0,1,0,1,0.24166666666666667
underlaycuel,0,0,0,0,0,1,0,1,0.24166666666666667
tracing,0,0,0,0,0,1,0,1,0.24166666666666667
d2cinter,0,0,0,0,0,1,0,1,0.24166666666666667
d2dr,0,0,0,0,0,1,0,1,0.24166666666666667
up,0,0,0,0,0,1,0,1,0.24166666666666667
tosscamodule,0,0,0,0,0,1,0,1,0.24166666666666667
as,0,0,0,0,0,2,0,2,0.48333333333333334
csma,0,0,0,0,9,0,0,9,2.175
分组,0,0,0,0,5,0,0,5,1.2083333333333333
aloha,0,0,0,0,3,0,0,3,0.725
延时,0,0,0,0,2,0,0,2,0.48333333333333334
d2d时域资源,0,0,0,0,2,0,0,2,0.48333333333333334
同步时隙冲突避免,0,0,0,0,1,0,0,1,0.24166666666666667
共享资源,0,0,0,0,1,0,0,1,0.24166666666666667
瞬时网络,0,0,0,0,1,0,0,1,0.24166666666666667
用户数,0,0,0,0,1,0,0,1,0.24166666666666667
信道请求,0,0,0,0,1,1,0,2,0.48333333333333334
dcf,0,0,0,0,1,0,0,1,0.24166666666666667
分布协调机制,0,0,0,0,1,0,0,1,0.24166666666666667
data-,0,0,0,0,1,0,0,1,0.24166666666666667
802.11协议,0,0,0,0,1,0,0,1,0.24166666666666667
数据碰撞,0,0,0,0,1,0,0,1,0.24166666666666667
隐藏终端,0,0,0,0,1,0,0,1,0.24166666666666667
忙音多址,0,0,0,0,1,0,0,1,0.24166666666666667
优化,0,0,0,0,1,0,0,1,0.24166666666666667
协议,0,0,0,1,1,0,0,2,0.3666666666666667
持续监听信道,0,0,0,0,1,0,0,1,0.24166666666666667
延时时间,0,0,0,0,1,0,0,1,0.24166666666666667
持续检测信道,0,0,0,0,1,0,0,1,0.24166666666666667
监听信道,0,0,0,0,1,0,0,1,0.24166666666666667
同步,0,0,0,0,1,0,0,1,0.24166666666666667
泊松数据流,0,0,0,0,1,0,0,1,0.24166666666666667
碰撞窗口,0,0,0,0,1,0,0,1,0.24166666666666667
时间轴,0,0,0,0,1,0,0,1,0.24166666666666667
接收分组,0,0,0,0,1,0,0,1,0.24166666666666667
监听,0,0,0,1,1,0,0,2,0.3666666666666667
终端发送分组,0,0,0,0,1,0,0,1,0.24166666666666667
mac算法,0,0,0,0,1,0,0,1,0.24166666666666667
面向,0,0,0,0,1,0,0,1,0.24166666666666667
统计时分复用,0,0,0,0,1,0,0,1,0.24166666666666667
资源竞争,0,0,0,0,1,0,0,1,0.24166666666666667
计算机网络,0,0,0,0,1,0,0,1,0.24166666666666667
蜂窝资源分配,0,0,0,0,1,1,0,2,0.48333333333333334
干扰计算,0,0,0,0,2,0,0,2,0.48333333333333334
d2d累积干扰,0,0,0,0,1,0,0,1,0.24166666666666667
无线资源接入权限,0,0,0,0,1,0,0,1,0.24166666666666667
圆形区域,0,0,0,0,1,0,0,1,0.24166666666666667
独享信道,0,0,0,0,1,0,0,1,0.24166666666666667
半径,0,0,0,0,1,0,0,1,0.24166666666666667
自主竞争接入机制,0,0,0,0,1,0,0,1,0.24166666666666667
2d2d网络,0,0,0,0,1,0,0,1,0.24166666666666667
mcsidx,0,0,0,0,8,1,0,9,2.175
sinrselect,0,0,0,0,3,0,0,3,0.725
候选集,0,0,0,0,2,0,0,2,0.48333333333333334
已选集,0,0,0,0,2,0,0,2,0.48333333333333334
复杂度,0,0,0,1,1,0,0,2,0.3666666666666667
资源分配算法,0,0,0,0,1,0,0,1,0.24166666666666667
数据随路控制信息,0,0,0,0,1,0,0,1,0.24166666666666667
发送功率向量,0,0,0,0,1,0,0,1,0.24166666666666667
分配向量,0,0,0,0,1,0,0,1,0.24166666666666667
跳回,0,0,0,0,1,0,0,1,0.24166666666666667
idxidx,0,0,0,0,1,0,0,1,0.24166666666666667
amcs,0,0,0,0,2,0,0,2,0.48333333333333334
结果集,0,0,0,0,1,0,0,1,0.24166666666666667
rb弦,0,0,0,0,1,0,0,1,0.24166666666666667
序号,0,0,0,0,1,2,0,3,0.725
循环序号,0,0,0,0,1,0,0,1,0.24166666666666667
sinrselect诚,0,0,0,0,1,0,0,1,0.24166666666666667
初始化,0,0,0,0,2,6,0,8,1.9333333333333333
tbsizeo,0,0,0,0,1,0,0,1,0.24166666666666667
最大功率,0,0,0,0,1,0,0,1,0.24166666666666667
噪声功率,0,0,0,0,1,1,0,2,0.48333333333333334
非统一功率,0,0,0,0,1,0,0,1,0.24166666666666667
控制参数,0,0,0,0,0,1,0,1,0.24166666666666667
模块流程,0,0,0,0,0,3,0,3,0.725
广播子帧,0,0,0,0,0,4,0,4,0.9666666666666667
单播,0,0,0,0,0,4,0,4,0.9666666666666667
单播子帧,0,0,0,0,0,3,0,3,0.725
umrlcsn,0,0,0,0,0,2,0,2,0.48333333333333334
ast,0,0,0,0,0,2,0,2,0.48333333333333334
subframenumberbit,0,0,0,0,0,2,0,2,0.48333333333333334
rts接收端,0,0,0,0,0,2,0,2,0.48333333333333334
ei,0,0,0,0,0,2,0,2,0.48333333333333334
due-id,0,0,0,0,0,4,0,4,0.9666666666666667
rts消息格式,0,0,0,0,0,2,0,2,0.48333333333333334
初始化请求,0,0,0,0,0,2,0,2,0.48333333333333334
rts消息,0,0,0,0,0,2,0,2,0.48333333333333334
ame,0,0,0,0,0,1,0,1,0.24166666666666667
sninitialackflag,0,0,0,0,0,1,0,1,0.24166666666666667
发送链路路损值,0,0,0,0,0,1,0,1,0.24166666666666667
反馈测量,0,0,0,0,0,1,0,1,0.24166666666666667
pathlossbit,0,0,0,0,0,1,0,1,0.24166666666666667
rlcsn,0,0,0,0,0,1,0,1,0.24166666666666667
cts消息,0,0,0,0,0,1,0,1,0.24166666666666667
nunicast子帧,0,0,0,0,0,1,0,1,0.24166666666666667
flagbit,0,0,0,0,0,1,0,1,0.24166666666666667
sninitialrequest,0,0,0,0,0,1,0,1,0.24166666666666667
上行子帧总数,0,0,0,0,0,1,0,1,0.24166666666666667
上下行配置,0,0,0,0,0,1,0,1,0.24166666666666667
unicastflagbit,0,0,0,0,0,1,0,1,0.24166666666666667
broadcastflagbit,0,0,0,0,0,1,0,1,0.24166666666666667
承载传输,0,0,0,0,0,1,0,1,0.24166666666666667
umsn,0,0,0,0,0,1,0,1,0.24166666666666667
rts流程,0,0,0,0,0,1,0,1,0.24166666666666667
跨层设计,0,0,0,0,0,1,0,1,0.24166666666666667
收发,0,0,0,1,0,1,0,2,0.3666666666666667
sn,0,0,0,0,0,1,0,1,0.24166666666666667
序列号,0,0,0,0,0,1,0,1,0.24166666666666667
lc,0,0,0,0,0,1,0,1,0.24166666666666667
接收侧,0,0,0,0,0,1,0,1,0.24166666666666667
unacknowledgedmode,0,0,0,0,0,1,0,1,0.24166666666666667
无确认模式,0,0,0,0,0,1,0,1,0.24166666666666667
等层间消息,0,0,0,0,0,2,0,2,0.48333333333333334
无线接入模块,0,0,0,0,0,1,0,1,0.24166666666666667
收发端,0,0,0,0,0,1,0,1,0.24166666666666667
rtscts,0,0,0,0,0,1,0,1,0.24166666666666667
资源重用,0,0,1,2,0,0,0,3,0.375
共享,0,0,0,10,0,0,0,10,1.25
d2d复用蜂窝,0,0,0,1,0,0,0,1,0.125
干扰模型,0,0,0,1,0,0,0,1,0.125
干扰源,0,0,0,1,0,0,0,1,0.125
发送接收端,0,0,0,1,0,0,0,1,0.125
特性,0,0,0,1,0,0,0,1,0.125
正交方式,0,0,0,1,0,0,0,1,0.125
共享分配,0,0,0,1,0,0,0,1,0.125
蜂窝资源,0,0,2,1,0,0,0,3,0.375
rbseg,0,0,0,0,4,0,0,4,0.9666666666666667
复用功率因子,0,0,0,0,6,0,0,6,1.45
底噪功率,0,0,0,0,2,0,0,2,0.48333333333333334
心队,0,0,0,0,1,0,0,1,0.24166666666666667
心叽阻,0,0,0,0,1,0,0,1,0.24166666666666667
加权,0,0,0,0,1,0,0,1,0.24166666666666667
数据符号,0,0,0,0,1,0,0,1,0.24166666666666667
解调,0,0,0,0,1,0,0,1,0.24166666666666667
干扰噪声,0,0,0,0,2,0,0,2,0.48333333333333334
子载波,0,0,0,0,1,0,0,1,0.24166666666666667
时域调制,0,0,0,0,1,0,0,1,0.24166666666666667
零时域,0,0,0,0,1,0,0,1,0.24166666666666667
ifft变换,0,0,0,0,1,0,0,1,0.24166666666666667
插零扩展,0,0,0,0,1,0,0,1,0.24166666666666667
调制符号,0,0,0,0,1,0,0,1,0.24166666666666667
sc-fdma技术,0,0,0,0,1,0,0,1,0.24166666666666667
资源分配图,0,0,0,0,1,0,0,1,0.24166666666666667
intfcuen,0,0,0,0,1,0,0,1,0.24166666666666667
c2d干扰避免机制,0,0,0,0,2,0,0,2,0.48333333333333334
cts响应,0,0,0,0,1,0,0,1,0.24166666666666667
发送链路损耗,0,0,0,0,1,0,0,1,0.24166666666666667
xdue,0,0,0,0,1,0,0,1,0.24166666666666667
参考功率,0,0,0,0,1,0,0,1,0.24166666666666667
rsrp,0,0,0,0,1,2,0,3,0.725
txdue广播,0,0,0,0,1,0,0,1,0.24166666666666667
状态信息,0,0,0,0,1,0,0,1,0.24166666666666667
周期性广播,0,0,0,0,1,0,0,1,0.24166666666666667
pld2dr,0,0,0,0,1,0,0,1,0.24166666666666667
最大正交功率,0,0,0,0,1,0,0,1,0.24166666666666667
pd2bs,0,0,0,0,1,0,0,1,0.24166666666666667
pd2,0,0,0,0,1,0,0,1,0.24166666666666667
ax,0,0,0,0,1,0,0,1,0.24166666666666667
tar,0,0,0,0,1,0,0,1,0.24166666666666667
tftable,0,0,0,0,1,0,0,1,0.24166666666666667
ntf,0,0,0,0,1,0,0,1,0.24166666666666667
重用干扰辅助控制广播,0,0,0,0,1,0,0,1,0.24166666666666667
torlntf,0,0,0,0,1,0,0,1,0.24166666666666667
集中,0,0,0,0,1,0,0,1,0.24166666666666667
nprb-seg,0,0,0,0,1,0,0,1,0.24166666666666667
intfcue,0,0,0,0,1,0,0,1,0.24166666666666667
占用资源段,0,0,0,0,1,0,0,1,0.24166666666666667
nprb,0,0,0,0,1,0,0,1,0.24166666666666667
d2d异构通信,0,0,0,0,1,0,0,1,0.24166666666666667
分段d2d无线资源,0,0,0,0,1,0,0,1,0.24166666666666667
分段策略,0,0,0,0,1,0,0,1,0.24166666666666667
蜂窝调度资源图,0,0,0,0,1,0,0,1,0.24166666666666667
5d2d资源,0,0,0,0,1,0,0,1,0.24166666666666667
自制d2d终端,0,0,3,0,0,0,0,3,0.375
蜂窝用户资源,1,0,2,0,1,0,0,4,1.4916666666666667
overlay,1,0,2,1,0,0,0,4,1.375
d2d终端,0,0,3,1,1,3,0,8,1.4666666666666668
上网卡,0,0,1,0,0,0,0,1,0.125
软件无线电硬件平台,0,0,1,0,0,0,0,1,0.125
通用处理器,0,0,1,0,0,1,0,2,0.3666666666666667
专用控制信道,0,0,1,0,0,0,0,1,0.125
d2d硬件验证平台,0,0,1,0,0,0,0,1,0.125
频谱利用率,0,0,1,0,1,3,0,5,1.0916666666666668
干扰受控,0,0,1,1,0,0,0,2,0.25
分布式d2d无线资源管理,1,0,1,1,0,0,0,3,1.25
复用策略,0,0,1,0,0,0,0,1,0.125
组网,0,0,1,2,0,2,0,5,0.8583333333333334
d2d共存网络,0,0,1,0,0,0,0,1,0.125
lte终端,0,0,1,0,0,0,0,1,0.125
underlay复用,0,0,1,0,0,0,0,1,0.125
蜂窝用户性能,1,0,1,0,0,0,0,2,1.125
分段,0,0,1,0,3,1,0,5,1.0916666666666668
underlay,1,0,1,1,0,0,0,3,1.25
资源复用,1,0,1,3,0,0,0,5,1.5
d2damc,0,0,1,0,0,0,0,1,0.125
d2d通信链路,0,0,1,0,0,0,0,1,0.125
分布式干扰协同,0,0,1,0,0,0,0,1,0.125
公共搜索域,0,0,1,0,1,2,0,4,0.85
资源空洞,0,0,1,0,0,1,0,2,0.3666666666666667
蜂窝网络系统,0,0,1,0,0,0,0,1,0.125
认知网络,0,0,1,0,0,0,0,1,0.125
功率控制,1,0,1,0,0,0,0,2,1.125
无线资源管理框架,0,0,1,0,0,0,0,1,0.125
网络容量,0,0,1,0,0,0,0,1,0.125
直通通信,0,0,1,2,0,0,0,3,0.375
d2d链路状态,0,0,1,0,0,0,0,1,0.125
信令资源,0,0,1,0,0,0,0,1,0.125
蜂窝集中控制,0,0,1,0,0,0,0,1,0.125
通信模式,0,0,1,4,1,2,0,8,1.35
系统容量,0,0,0,2,0,0,0,2,0.25
d2d通信模式,0,0,0,4,0,0,0,4,0.5
蜂窝通信模式,0,0,0,4,0,0,0,4,0.5
业务吞吐率,0,0,0,1,0,0,0,1,0.125
重用资源,0,0,0,1,0,0,0,1,0.125
复用资源用户,0,0,0,1,0,0,0,1,0.125
干扰管理策略,0,0,0,1,0,0,0,1,0.125
非正交复用,0,0,0,1,1,0,0,2,0.3666666666666667
空分复用,0,0,0,1,0,0,0,1,0.125
分散性,0,0,0,1,0,0,0,1,0.125
蜂窝子网络,0,0,0,1,0,0,0,1,0.125
shared,0,0,0,1,0,0,0,1,0.125
正交化,0,0,0,1,0,0,0,1,0.125
dedicated,0,0,0,1,0,0,0,1,0.125
lease,0,0,0,1,0,0,0,1,0.125
3gpp36series,0,0,0,1,0,0,0,1,0.125
信令解析,0,0,0,1,0,0,0,1,0.125
用户设备,0,0,0,1,0,0,0,1,0.125
共存,1,0,0,1,0,1,0,3,1.3666666666666667
相互干扰,0,0,0,1,0,0,0,1,0.125
正交资源,0,0,0,1,1,0,0,2,0.3666666666666667
码字,0,0,0,1,0,0,0,1,0.125
网络结构,0,0,0,1,0,0,0,1,0.125
异构网络融合,0,0,0,1,0,0,0,1,0.125
终端通信,0,0,0,1,0,0,0,1,0.125
蜂窝终端,0,0,0,2,0,1,0,3,0.4916666666666667
用户通信,0,0,0,1,0,0,0,1,0.125
数据转发,0,0,0,1,0,0,0,1,0.125
核心网络,0,0,0,1,0,0,0,1,0.125
共存网络,1,0,4,2,0,0,0,7,1.75
下行资源分配,0,0,0,2,0,0,0,2,0.25
异构网络资源,0,0,0,2,0,0,0,2,0.25
基站控制,0,0,0,1,0,0,0,1,0.125
ue中,0,0,0,1,0,0,0,1,0.125
复用蜂窝网络技术,0,0,0,1,0,0,0,1,0.125
同质干扰,0,0,0,1,0,0,0,1,0.125
d2d通信物理层,0,0,0,1,0,0,0,1,0.125
d2d通信复用,0,0,0,1,0,0,0,1,0.125
蜂窝网络故障,0,0,0,1,0,0,0,1,0.125
系统控制消息,0,0,0,1,0,0,0,1,0.125
下行信道,0,0,0,1,0,0,0,1,0.125
复用下行资源,0,0,0,1,0,0,0,1,0.125
网络资源,0,0,0,2,0,0,0,2,0.25
cch,0,0,0,1,0,0,0,1,0.125
上行资源分配指示,0,0,0,1,0,0,0,1,0.125
上下行信道,0,0,0,1,0,0,0,1,0.125
2g/3g通信系统,0,0,0,1,0,0,0,1,0.125
td-scdma,0,0,0,1,0,0,0,1,0.125
分配信息,0,0,0,1,0,0,0,1,0.125
蜂窝终端接收,0,0,0,1,0,0,0,1,0.125
空口时间点,0,0,0,1,0,0,0,1,0.125
上行发送,0,0,0,1,0,1,0,2,0.3666666666666667
集中控制特性,0,0,0,1,0,0,0,1,0.125
上下行资源,0,0,0,2,0,0,0,2,0.25
授权资源,0,0,0,1,0,0,0,1,0.125
ad-hoc网络,0,0,0,4,0,0,0,4,0.5
基础设施蜂窝网络,0,0,0,2,0,0,0,2,0.25
信令,0,0,0,1,1,0,0,2,0.3666666666666667
簇头,0,0,0,2,0,0,0,2,0.25
分布式控制,0,0,1,1,0,0,0,2,0.25
助控制,0,0,0,1,0,0,0,1,0.125
资源分配策略,0,0,2,0,0,0,0,2,0.25
验证场,0,0,1,0,0,0,0,1,0.125
数值仿真,0,0,1,0,0,1,0,2,0.3666666666666667
信令开,0,0,1,0,0,0,0,1,0.125
干扰协作,0,0,1,0,0,0,0,1,0.125
d2d控制,1,0,1,0,1,0,0,3,1.3666666666666667
rrm算法框架,0,0,1,0,0,0,0,1,0.125
总吞吐,0,0,1,0,0,1,0,2,0.3666666666666667
功控,0,0,1,0,1,0,0,2,0.3666666666666667
博弈论,0,0,1,0,0,0,0,1,0.125
图论,0,0,1,0,0,0,0,1,0.125
d2d会话,0,0,1,0,0,0,0,1,0.125
分布式方,0,0,1,0,0,0,0,1,0.125
无线资源分配,0,0,1,0,0,0,0,1,0.125
集中式控制,0,0,1,0,0,0,0,1,0.125
imt-advanced系统,0,0,1,0,0,0,0,1,0.125
通信距离,0,0,1,0,0,0,0,1,0.125
d2d收发端,0,0,1,0,0,0,0,1,0.125
同频干扰,0,0,1,0,0,0,0,1,0.125
d2d发射功率,0,0,1,0,0,0,0,1,0.125
通信技术,0,0,1,0,0,0,0,1,0.125
网络干扰问题,0,0,1,0,0,0,0,1,0.125
转发网络,0,0,1,0,0,0,0,1,0.125
中心,0,0,1,0,0,0,0,1,0.125
新通信,0,0,1,0,0,0,0,1,0.125
amc算法,0,0,0,0,4,0,0,4,0.9666666666666667
信道条件,0,0,0,0,2,0,0,2,0.48333333333333334
开/闭环amc,0,0,0,0,1,0,0,1,0.24166666666666667
跳变,0,0,0,0,1,0,0,1,0.24166666666666667
cue可容忍干扰值,0,0,0,0,1,0,0,1,0.24166666666666667
渐变,0,0,0,0,1,0,0,1,0.24166666666666667
cue发送功率,0,0,0,0,1,0,0,1,0.24166666666666667
信道响应,0,0,0,0,1,0,0,1,0.24166666666666667
传输信噪比,0,0,0,0,1,0,0,1,0.24166666666666667
统蜂窝网络,0,0,0,0,1,0,0,1,0.24166666666666667
物理层mcs分级,0,0,0,0,1,0,0,1,0.24166666666666667
调制模块,0,0,0,0,1,0,0,1,0.24166666666666667
turbo编码器,0,0,0,0,1,0,0,1,0.24166666666666667
调制编码表,0,0,0,0,1,0,0,1,0.24166666666666667
模块重用,0,0,0,0,1,0,0,1,0.24166666666666667
调节精度,0,0,0,0,1,0,0,1,0.24166666666666667
级数,0,0,0,0,1,0,0,1,0.24166666666666667
分级,0,0,0,0,1,0,0,1,0.24166666666666667
调整编码,0,0,0,0,1,0,0,1,0.24166666666666667
传输正误,0,0,0,0,1,0,0,1,0.24166666666666667
snr,0,0,0,0,1,0,0,1,0.24166666666666667
信道测量,0,0,0,0,1,0,0,1,0.24166666666666667
编码速率,0,0,0,0,1,0,0,1,0.24166666666666667
amc技术,0,0,0,0,1,0,0,1,0.24166666666666667
信道容量,0,0,0,0,1,0,0,1,0.24166666666666667
恶劣信道,0,0,0,0,1,0,0,1,0.24166666666666667
固定调制,0,0,0,0,1,0,0,1,0.24166666666666667
rminfo,0,0,0,0,0,5,0,5,1.2083333333333333
ct,0,0,0,0,0,3,0,3,0.725
rbpair,0,0,0,0,0,3,0,3,0.725
ni,0,0,0,0,0,2,0,2,0.48333333333333334
资源决策准则,0,0,0,0,0,1,0,1,0.24166666666666667
资源分割,0,0,0,0,0,1,0,1,0.24166666666666667
子模块,0,0,0,0,0,5,0,5,1.2083333333333333
资源分配信息,0,0,0,0,1,1,0,2,0.48333333333333334
rminfo序号,0,0,0,0,0,1,0,1,0.24166666666666667
bestpair,0,0,0,0,0,1,0,1,0.24166666666666667
rminf,0,0,0,0,0,1,0,1,0.24166666666666667
ate,0,0,0,0,0,1,0,1,0.24166666666666667
wert,0,0,0,0,0,1,0,1,0.24166666666666667
ze,0,0,0,0,0,1,0,1,0.24166666666666667
st,0,0,0,0,0,1,0,1,0.24166666666666667
fbt,0,0,0,0,0,1,0,1,0.24166666666666667
ruct,0,0,0,0,0,1,0,1,0.24166666666666667
结构体,0,0,0,0,0,1,0,1,0.24166666666666667
se,0,0,0,0,0,1,0,1,0.24166666666666667
vrbpair,0,0,0,0,0,1,0,1,0.24166666666666667
vector,0,0,0,0,0,1,0,1,0.24166666666666667
innerfunction,0,0,0,0,0,1,0,1,0.24166666666666667
tgenerate,0,0,0,0,0,1,0,1,0.24166666666666667
struct,0,0,0,0,0,1,0,1,0.24166666666666667
hdatacontrollertrigger,0,0,0,0,0,1,0,1,0.24166666666666667
内部接口,0,0,0,0,0,1,0,1,0.24166666666666667
外部,0,0,0,0,0,1,0,1,0.24166666666666667
发送功率因子,0,0,0,0,2,0,0,2,0.48333333333333334
非正交干扰控制,0,0,0,0,2,0,0,2,0.48333333333333334
ndi,0,0,0,0,2,5,0,7,1.6916666666666667
uldci信息,0,0,0,0,2,0,0,2,0.48333333333333334
c血沁,0,0,0,0,1,0,0,1,0.24166666666666667
d2d设备,0,0,0,0,2,4,0,6,1.45
c通;,0,0,0,0,1,0,0,1,0.24166666666666667
复用功率调整精度,0,0,0,0,1,0,0,1,0.24166666666666667
可接受区间门限,0,0,0,0,1,0,0,1,0.24166666666666667
pc,0,0,0,0,1,0,0,1,0.24166666666666667
监控裕量因子,0,0,0,0,1,0,0,1,0.24166666666666667
qg,0,0,0,0,1,0,0,1,0.24166666666666667
upper,0,0,0,0,1,0,0,1,0.24166666666666667
factorpc,0,0,0,0,1,0,0,1,0.24166666666666667
传输反馈,0,0,0,0,1,0,0,1,0.24166666666666667
监听cue,0,0,0,0,1,0,0,1,0.24166666666666667
非正交复用c,0,0,0,0,1,0,0,1,0.24166666666666667
明资源,0,0,0,0,1,0,0,1,0.24166666666666667
功率可变范围,0,0,0,0,1,0,0,1,0.24166666666666667
du,0,0,0,0,1,0,0,1,0.24166666666666667
感知值,0,0,0,0,1,0,0,1,0.24166666666666667
感知信息,0,0,0,0,1,0,0,1,0.24166666666666667
初始上行链路质量,0,0,0,0,1,0,0,1,0.24166666666666667
周期性,0,0,0,0,1,0,0,1,0.24166666666666667
d2d广播信道,0,0,0,0,1,0,0,1,0.24166666666666667
hi信息,0,0,0,0,1,0,0,1,0.24166666666666667
传输反馈信息,0,0,0,0,1,0,0,1,0.24166666666666667
上行资源分配,0,0,0,0,1,0,0,1,0.24166666666666667
静默监听,0,0,0,0,1,0,0,1,0.24166666666666667
不调节,0,0,0,0,1,0,0,1,0.24166666666666667
cue1复用,0,0,0,0,1,0,0,1,0.24166666666666667
due非正交复用,0,0,0,0,2,0,0,2,0.48333333333333334
干扰跟踪机制,1,0,0,0,1,0,0,2,1.2416666666666667
蜂窝业务损失率调节,0,0,0,0,1,0,0,1,0.24166666666666667
重用干扰影响,0,0,0,0,1,0,0,1,0.24166666666666667
cue传输资源,0,0,0,0,1,0,0,1,0.24166666666666667
hhdci,0,0,0,0,1,0,0,1,0.24166666666666667
harq指示,0,0,0,0,1,0,0,1,0.24166666666666667
新数据指示,0,0,0,0,1,0,0,1,0.24166666666666667
盲解码,0,0,0,0,1,0,0,1,0.24166666666666667
commonsearchfield,0,0,0,0,1,0,0,1,0.24166666666666667
正误性,0,0,0,0,1,0,0,1,0.24166666666666667
统计指标,0,0,0,0,1,0,0,1,0.24166666666666667
蜂窝上行链路质量,0,0,0,0,1,0,0,1,0.24166666666666667
门限,0,0,0,0,1,1,0,2,0.48333333333333334
质量,0,0,0,0,1,0,0,1,0.24166666666666667
蜂窝上行链路,0,0,0,0,1,0,0,1,0.24166666666666667
跟踪控制,0,0,0,0,1,0,0,1,0.24166666666666667
重用囲源,0,0,0,0,1,0,0,1,0.24166666666666667
due分布式,0,0,0,0,1,0,0,1,0.24166666666666667
蜂窝用户链路,0,0,0,0,1,0,0,1,0.24166666666666667
残余bler,0,0,0,0,0,2,0,2,0.48333333333333334
信噪比,0,0,0,0,1,2,0,3,0.725
mcs因子调整,0,0,0,0,0,2,0,2,0.48333333333333334
残余错误传输次数,0,0,0,0,0,1,0,1,0.24166666666666667
32mcs因子,0,0,0,0,0,1,0,1,0.24166666666666667
残余错误子帧数,0,0,0,0,0,1,0,1,0.24166666666666667
发送子帧,0,0,0,0,0,1,0,1,0.24166666666666667
基准曲线,0,0,0,0,0,1,0,1,0.24166666666666667
直视环境信道,0,0,0,0,0,1,0,1,0.24166666666666667
子帧个数,0,0,0,0,0,1,0,1,0.24166666666666667
柱状图,0,0,0,0,0,1,0,1,0.24166666666666667
due调度资源,0,0,0,0,0,1,0,1,0.24166666666666667
绿线,0,0,0,0,0,1,0,1,0.24166666666666667
mcs因子切换,0,0,0,0,0,1,0,1,0.24166666666666667
横轴,0,0,0,0,0,1,0,1,0.24166666666666667
横坐标,0,0,0,0,0,2,0,2,0.48333333333333334
mcs调整因子,0,0,0,0,0,1,0,1,0.24166666666666667
拐角场景,0,0,0,0,0,1,0,1,0.24166666666666667
直视场景,0,0,0,0,0,1,0,1,0.24166666666666667
mcs因子功能,0,0,0,0,0,1,0,1,0.24166666666666667
amc闭环调整,0,0,0,0,0,1,0,1,0.24166666666666667
3amc验证,0,0,0,0,0,1,0,1,0.24166666666666667
干扰感知数据,0,0,0,0,0,3,0,3,0.725
amc参数,0,0,0,0,0,1,0,1,0.24166666666666667
干扰更新,0,0,0,0,0,1,0,1,0.24166666666666667
噪声水平,0,0,0,0,0,1,0,1,0.24166666666666667
复用因子,0,0,0,0,0,1,0,1,0.24166666666666667
cueid参数,0,0,0,0,0,1,0,1,0.24166666666666667
rxdueid,0,0,0,0,0,1,0,1,0.24166666666666667
正交干扰,0,0,0,0,0,1,0,1,0.24166666666666667
基准发送功率,0,0,0,0,0,1,0,1,0.24166666666666667
子流程,0,0,0,0,0,1,0,1,0.24166666666666667
干扰广播接收,0,0,0,0,0,1,0,1,0.24166666666666667
干扰广播发送,0,0,0,0,0,1,0,1,0.24166666666666667
本地测量更新,0,0,0,0,0,1,0,1,0.24166666666666667
d2c闭环干扰控制,0,0,0,0,0,1,0,1,0.24166666666666667
广播本机,0,0,0,0,0,1,0,1,0.24166666666666667
x86服务器,0,0,0,0,0,3,0,3,0.725
d2d协议栈,0,0,0,0,0,2,0,2,0.48333333333333334
接收处理,0,0,0,0,0,2,0,2,0.48333333333333334
d2d寻址,0,0,0,0,0,1,0,1,0.24166666666666667
d2d同步,0,0,0,0,0,1,0,1,0.24166666666666667
蜂窝终端标识,0,0,0,0,0,1,0,1,0.24166666666666667
资源标识,0,0,0,0,0,1,0,1,0.24166666666666667
资源映射,0,0,0,0,0,1,0,1,0.24166666666666667
局域网地址,0,0,0,0,0,1,0,1,0.24166666666666667
ip地址,0,0,0,0,0,1,0,1,0.24166666666666667
本地局域网,0,0,0,0,0,1,0,1,0.24166666666666667
模拟d2d终端,0,0,0,0,0,1,0,1,0.24166666666666667
核心网,0,0,0,0,0,1,0,1,0.24166666666666667
场景异构网,0,0,0,0,0,1,0,1,0.24166666666666667
分布式资源管理,0,0,0,0,0,1,0,1,0.24166666666666667
传统通信,0,0,0,0,0,1,0,1,0.24166666666666667
蜂窝设备,0,0,0,0,0,1,0,1,0.24166666666666667
资源管理,0,0,0,0,0,1,0,1,0.24166666666666667
测量,0,0,0,0,1,2,0,3,0.725
d2d接入,0,0,0,0,0,1,0,1,0.24166666666666667
scheduler,0,0,0,0,0,1,0,1,0.24166666666666667
协议栈,0,0,0,0,0,1,0,1,0.24166666666666667
l2/l3层,0,0,0,0,0,1,0,1,0.24166666666666667
d2drrm模块,0,0,0,0,0,3,0,3,0.725
自制d2d硬件验证,0,0,0,0,0,1,0,1,0.24166666666666667
运行状态,0,0,0,0,0,1,0,1,0.24166666666666667
应用业务,0,0,0,0,0,1,0,1,0.24166666666666667
变频,0,0,0,0,0,1,0,1,0.24166666666666667
射频前端,0,0,0,0,0,1,0,1,0.24166666666666667
usrp,0,0,0,0,0,1,0,1,0.24166666666666667
i/q基带信号,0,0,0,0,0,1,0,1,0.24166666666666667
以太网卡,0,0,0,0,0,1,0,1,0.24166666666666667
lgbps,0,0,0,0,0,1,0,1,0.24166666666666667
射频收发通信,0,0,0,0,0,1,0,1,0.24166666666666667
天线,0,0,0,0,1,1,0,2,0.48333333333333334
射频信号,0,0,0,0,0,1,0,1,0.24166666666666667
基带i/q信号,0,0,0,0,0,1,0,1,0.24166666666666667
指令下,0,0,0,0,0,1,0,1,0.24166666666666667
通信状态,0,0,0,0,0,1,0,1,0.24166666666666667
展示平台,0,0,0,0,0,1,0,1,0.24166666666666667
服务器,0,0,0,0,0,1,0,1,0.24166666666666667
应用层,0,0,0,0,0,1,0,1,0.24166666666666667
linux系统,0,0,0,0,0,1,0,1,0.24166666666666667
tun技,0,0,0,0,0,1,0,1,0.24166666666666667
虚拟网卡,0,0,0,0,0,1,0,1,0.24166666666666667
d2d-l2/l3协议,0,0,0,0,0,1,0,1,0.24166666666666667
td-lte基带信号,0,0,0,0,0,1,0,1,0.24166666666666667
rp,0,0,0,0,0,1,0,1,0.24166666666666667
通用无线电外设平台,0,0,0,0,0,1,0,1,0.24166666666666667
gpp服务器,0,0,0,0,0,1,0,1,0.24166666666666667
d2d硬件平台,0,0,0,0,0,2,0,2,0.48333333333333334
lte/d2d网络,1,0,0,0,0,1,0,2,1.2416666666666667
d2drrm算法,0,0,0,0,0,1,0,1,0.24166666666666667
平台,0,0,0,0,0,1,0,1,0.24166666666666667
hl,0,0,0,0,0,1,0,1,0.24166666666666667
d2d硬件验证演示平台,0,0,0,0,0,1,0,1,0.24166666666666667
硬件验证演示平台,0,0,0,0,0,1,0,1,0.24166666666666667
子帧号,0,0,0,0,0,2,0,2,0.48333333333333334
调度时序队列,0,0,0,0,0,2,0,2,0.48333333333333334
物理层接收,0,0,0,0,0,2,0,2,0.48333333333333334
调度器,0,0,0,0,0,2,0,2,0.48333333333333334
化模块,0,0,0,0,0,1,0,1,0.24166666666666667
交互过程,0,0,0,0,0,1,0,1,0.24166666666666667
帧号,0,0,0,0,0,2,0,2,0.48333333333333334
发送帧号,0,0,0,0,0,1,0,1,0.24166666666666667
等待超时,0,0,0,0,0,1,0,1,0.24166666666666667
分支流程,0,0,0,0,0,1,0,1,0.24166666666666667
交互信息,0,0,0,0,0,1,0,1,0.24166666666666667
交互流图,0,0,0,0,0,1,0,1,0.24166666666666667
定时控制流,0,0,0,0,0,1,0,1,0.24166666666666667
蓝虚线,0,0,0,0,0,1,0,1,0.24166666666666667
绿虚线,0,0,0,0,0,1,0,1,0.24166666666666667
认知消息流,0,0,0,0,0,1,0,1,0.24166666666666667
橙线,0,0,0,0,0,1,0,1,0.24166666666666667
数据流,0,0,0,0,0,1,0,1,0.24166666666666667
紫线,0,0,0,0,0,1,0,1,0.24166666666666667
提前量调度,0,0,0,0,0,1,0,1,0.24166666666666667
调度队列,0,0,0,0,0,1,0,1,0.24166666666666667
消息处,0,0,0,0,0,1,0,1,0.24166666666666667
状态上报,0,0,0,0,0,1,0,1,0.24166666666666667
消息处理,0,0,0,0,0,1,0,1,0.24166666666666667
硬件验证系统,0,0,0,0,0,1,0,1,0.24166666666666667
td-lted2d,0,0,0,0,0,1,0,1,0.24166666666666667
ssca模块,0,0,0,0,0,3,0,3,0.725
资源选择决策机制,0,0,0,0,0,1,0,1,0.24166666666666667
内部信道接入机制,0,0,0,0,0,1,0,1,0.24166666666666667
感知获取机制,0,0,0,0,0,1,0,1,0.24166666666666667
调度信息,0,0,0,0,0,1,0,1,0.24166666666666667
rtsosu,0,0,0,0,0,2,0,2,0.48333333333333334
rtsosudrts1,0,0,0,0,0,2,0,2,0.48333333333333334
rtslo,0,0,0,0,0,3,0,3,0.725
rts竞争时隙,0,0,0,0,0,2,0,2,0.48333333333333334
ddack,0,0,0,0,0,1,0,1,0.24166666666666667
dac,0,0,0,0,0,1,0,1,0.24166666666666667
ssudac,0,0,0,0,0,1,0,1,0.24166666666666667
su,0,0,0,0,0,1,0,1,0.24166666666666667
配置子帧号,0,0,0,0,0,3,0,3,0.725
tdddccch,0,0,0,0,0,1,0,1,0.24166666666666667
优先接入过程,0,0,0,0,0,1,0,1,0.24166666666666667
上下行,0,0,0,0,0,1,0,1,0.24166666666666667
tddformat,0,0,0,0,0,2,0,2,0.48333333333333334
dccch分配,0,0,0,0,0,1,0,1,0.24166666666666667
rtso信道,0,0,0,0,0,1,0,1,0.24166666666666667
rts0时间点,0,0,0,0,0,1,0,1,0.24166666666666667
优先接入信道,0,0,0,0,0,1,0,1,0.24166666666666667
fnmodn,0,0,0,0,0,1,0,1,0.24166666666666667
d2d数据信道,0,0,0,0,1,1,0,2,0.48333333333333334
普通接入,0,0,0,0,0,1,0,1,0.24166666666666667
碰撞率,0,0,0,0,0,1,0,1,0.24166666666666667
due无碰撞接入,0,0,0,0,0,1,0,1,0.24166666666666667
数据发送流程,0,0,0,0,0,1,0,1,0.24166666666666667
上行子帧资源,0,0,0,0,0,2,0,2,0.48333333333333334
rts-cts流程,0,0,0,0,0,1,0,1,0.24166666666666667
专用,0,0,0,1,0,0,0,1,0.125
无线资源复用,0,0,0,2,0,0,0,2,0.25
干扰管理,0,0,0,1,0,0,0,1,0.125
干扰分析,0,0,0,2,0,0,0,2,0.25
intfcd,0,0,0,0,1,0,0,1,0.24166666666666667
功率开环,0,0,0,0,1,0,0,1,0.24166666666666667
干扰广播信息,0,0,0,0,1,0,0,1,0.24166666666666667
超时淘汰机制,0,0,0,0,1,0,0,1,0.24166666666666667
周期广播,0,0,0,0,1,0,0,1,0.24166666666666667
d2d数据广播信道,0,0,0,0,1,0,0,1,0.24166666666666667
cue平均干扰血电表,0,0,0,0,1,0,0,1,0.24166666666666667
mmcsyfue,0,0,0,0,1,0,0,1,0.24166666666666667
lologe,0,0,0,0,1,0,0,1,0.24166666666666667
im快start,0,0,0,0,1,0,0,1,0.24166666666666667
功率测量,0,0,0,0,1,0,0,1,0.24166666666666667
独占资源长度,0,0,0,0,1,0,0,1,0.24166666666666667
lrbi,0,0,0,0,1,0,0,1,0.24166666666666667
intfcid,0,0,0,0,1,0,0,1,0.24166666666666667
平均干扰,0,0,0,0,1,0,0,1,0.24166666666666667
蜂窝资源分配表,0,0,0,0,1,0,0,1,0.24166666666666667
非复用资源,0,0,0,0,1,0,0,1,0.24166666666666667
能量,0,0,0,0,1,0,0,1,0.24166666666666667
资源占用信息,0,0,0,0,1,0,0,1,0.24166666666666667
d2d-data数据信道,0,0,0,0,1,0,0,1,0.24166666666666667
d2d-data,0,0,0,0,1,0,0,1,0.24166666666666667
mcs信息,0,0,0,0,1,0,0,1,0.24166666666666667
起始位置,0,0,0,0,1,0,0,1,0.24166666666666667
资源数,0,0,0,0,1,0,0,1,0.24166666666666667
监听蜂窝网络,0,0,0,0,1,0,0,1,0.24166666666666667
配置信息,0,0,0,0,1,0,0,1,0.24166666666666667
发送功率测量,0,0,0,0,1,0,0,1,0.24166666666666667
高干扰资源,0,0,0,0,1,0,0,1,0.24166666666666667
低sinr,0,0,0,0,1,0,0,1,0.24166666666666667
高干扰,0,0,0,0,1,0,0,1,0.24166666666666667
sinr评估资源,0,0,0,0,1,0,0,1,0.24166666666666667
c2d干扰血,0,0,0,0,1,0,0,1,0.24166666666666667
干扰感知,1,0,0,0,1,0,0,2,1.2416666666666667
上行子帧功率,0,0,0,0,1,0,0,1,0.24166666666666667
传输质量,0,0,0,0,1,0,0,1,0.24166666666666667
cue传输,0,0,0,0,1,0,0,1,0.24166666666666667
商用网络,0,0,0,0,0,1,0,1,0.24166666666666667
环境,0,0,0,0,0,1,0,1,0.24166666666666667
数据传输控制模块,0,0,0,0,0,1,0,1,0.24166666666666667
数据接收子模块,0,0,0,0,0,1,0,1,0.24166666666666667
数据发送子模块,0,0,0,0,0,1,0,1,0.24166666666666667
ackprocesser,0,0,0,0,0,1,0,1,0.24166666666666667
ack处理子模块,0,0,0,0,0,1,0,1,0.24166666666666667
processentity,0,0,0,0,0,1,0,1,0.24166666666666667
harq进程子模块,0,0,0,0,0,1,0,1,0.24166666666666667
d2d速率监控,0,0,0,0,0,1,0,1,0.24166666666666667
指示,0,0,0,0,0,1,0,1,0.24166666666666667
对等层通信,0,0,0,0,0,1,0,1,0.24166666666666667
错误重传功能,0,0,0,0,0,1,0,1,0.24166666666666667
多进程harq技术,0,0,0,0,0,1,0,1,0.24166666666666667
cuei,0,0,0,0,2,0,0,2,0.48333333333333334
网费,0,0,0,0,1,0,0,1,0.24166666666666667
intfcuei,0,0,0,0,1,0,0,1,0.24166666666666667
fcvex,0,0,0,0,1,0,0,1,0.24166666666666667
es,0,0,0,0,2,0,0,2,0.48333333333333334
ll,0,0,0,0,1,0,0,1,0.24166666666666667
分段算法,0,0,0,0,1,0,0,1,0.24166666666666667
区域,0,0,0,0,2,0,0,2,0.48333333333333334
资源图,0,0,0,0,1,0,0,1,0.24166666666666667
调用次数,0,0,0,0,1,0,0,1,0.24166666666666667
scue,0,0,0,0,1,0,0,1,0.24166666666666667
residlel,0,0,0,0,1,0,0,1,0.24166666666666667
scuel,0,0,0,0,1,0,0,1,0.24166666666666667
共享数据传输带宽,0,0,0,0,1,0,0,1,0.24166666666666667
资源分段策,0,0,0,0,1,0,0,1,0.24166666666666667
连续资源,0,0,0,0,1,0,0,1,0.24166666666666667
运算,0,0,0,0,1,0,0,1,0.24166666666666667
cuen资源,0,0,0,0,1,0,0,1,0.24166666666666667
系统资源,0,0,0,0,1,0,0,1,0.24166666666666667
蜂窝调度资源,0,0,0,0,1,0,0,1,0.24166666666666667
稳定性,0,0,0,1,0,0,0,1,0.125
d2d通信控制,0,0,0,1,0,0,0,1,0.125
蜂窝上行链路通信质量,0,0,0,0,1,0,0,1,0.24166666666666667
误码率,0,0,0,0,1,0,0,1,0.24166666666666667
cue通信链路,0,0,0,0,1,0,0,1,0.24166666666666667
精度损失,0,0,0,0,2,0,0,2,0.48333333333333334
边缘cue弱信号,0,0,0,0,1,0,0,1,0.24166666666666667
正交复用蜂窝资源,0,0,0,0,1,0,0,1,0.24166666666666667
pldb,0,0,0,0,3,0,0,3,0.725
sib2,0,0,0,0,3,2,0,5,1.2083333333333333
累积正交干扰,0,0,0,0,1,0,0,1,0.24166666666666667
接收功率裕量,0,0,0,0,1,0,0,1,0.24166666666666667
最大码率补偿,0,0,0,0,1,0,0,1,0.24166666666666667
近基站,0,0,0,0,1,0,0,1,0.24166666666666667
zmcs28,0,0,0,0,1,0,0,1,0.24166666666666667
imcs,0,0,0,0,1,1,0,2,0.48333333333333334
mcs码率,0,0,0,0,2,0,0,2,0.48333333333333334
平均码率,0,0,0,0,1,0,0,1,0.24166666666666667
基站广播,0,0,0,0,1,0,0,1,0.24166666666666667
专用信令,0,0,0,0,1,1,0,2,0.48333333333333334
rrc,0,0,0,0,1,1,0,2,0.48333333333333334
mcs补偿,0,0,0,0,1,0,0,1,0.24166666666666667
deltamcs,0,0,0,0,1,0,0,1,0.24166666666666667
蜂窝上行平均码率补偿,0,0,0,0,1,0,0,1,0.24166666666666667
路不对称,0,0,0,0,1,0,0,1,0.24166666666666667
双向链,0,0,0,0,1,0,0,1,0.24166666666666667
修正量,0,0,0,0,1,0,0,1,0.24166666666666667
随机接入响应,0,0,0,0,1,0,0,1,0.24166666666666667
prach接入,0,0,0,0,1,0,0,1,0.24166666666666667
plbd,0,0,0,0,1,0,0,1,0.24166666666666667
对称,0,0,0,0,1,0,0,1,0.24166666666666667
双向链路,0,0,0,0,1,0,0,1,0.24166666666666667
物理层测量小区,0,0,0,0,1,0,0,1,0.24166666666666667
linkpowercontrolcommon信息,0,0,0,0,1,0,0,1,0.24166666666666667
补偿路损,0,0,0,0,1,0,0,1,0.24166666666666667
不补偿路损,0,0,0,0,1,0,0,1,0.24166666666666667
开环补偿程度,0,0,0,0,1,0,0,1,0.24166666666666667
蜂窝上行路损补偿因子,0,0,0,0,1,0,0,1,0.24166666666666667
pusch静态工作点,0,0,0,0,1,0,0,1,0.24166666666666667
干扰接收值,0,0,0,0,1,0,0,1,0.24166666666666667
d2dp,0,0,0,0,1,0,0,1,0.24166666666666667
inalp,0,0,0,0,1,0,0,1,0.24166666666666667
no,0,0,0,0,1,0,0,1,0.24166666666666667
d2d正交复用蜂窝,0,0,0,0,1,0,0,1,0.24166666666666667
pogsch,0,0,0,0,1,0,0,1,0.24166666666666667
dp,0,0,0,0,1,0,0,1,0.24166666666666667
pbsd,0,0,0,0,1,0,0,1,0.24166666666666667
闭环tpc命令字补偿,0,0,0,0,1,0,0,1,0.24166666666666667
码率补偿,0,0,0,0,1,0,0,1,0.24166666666666667
开环路损补偿,0,0,0,0,1,0,0,1,0.24166666666666667
静态工,0,0,0,0,1,0,0,1,0.24166666666666667
pusch功控,0,0,0,0,1,0,0,1,0.24166666666666667
蜂窝上行,0,0,0,0,1,0,0,1,0.24166666666666667
系统信息,0,0,0,0,1,0,0,1,0.24166666666666667
due干扰功率,0,0,0,0,1,0,0,1,0.24166666666666667
边缘用户弱信号,0,0,0,0,1,0,0,1,0.24166666666666667
pbsd2do,0,0,0,0,1,0,0,1,0.24166666666666667
d2d发送功率,0,0,0,0,1,0,0,1,0.24166666666666667
bs,0,0,0,0,1,0,0,1,0.24166666666666667
干扰泄露,0,0,0,0,1,0,0,1,0.24166666666666667
cue接收功率,0,0,0,0,1,0,0,1,0.24166666666666667
bs接,0,0,0,0,1,0,0,1,0.24166666666666667
截止,0,0,0,0,1,0,0,1,0.24166666666666667
非线性,0,0,0,0,1,0,0,1,0.24166666666666667
bs前端,0,0,0,0,1,0,0,1,0.24166666666666667
正交干扰控制机制,0,0,0,0,1,0,0,1,0.24166666666666667
链路质量信息,0,0,0,1,0,2,0,3,0.6083333333333334
数据支持,0,0,0,0,0,1,0,1,0.24166666666666667
功率测量信息,0,0,0,0,0,1,0,1,0.24166666666666667
上行调度控制信息,0,0,0,0,0,1,0,1,0.24166666666666667
d2d链路数,0,0,0,0,0,2,0,2,0.48333333333333334
接入曲线,0,0,0,0,0,1,0,1,0.24166666666666667
曲线,0,0,0,0,1,1,0,2,0.48333333333333334
接入性能,0,0,0,0,0,1,0,1,0.24166666666666667
性能曲线,0,0,0,0,0,1,0,1,0.24166666666666667
初传退避,0,0,0,0,0,1,0,1,0.24166666666666667
业务链路,0,0,0,0,0,1,0,1,0.24166666666666667
对比图,0,0,0,0,0,1,0,1,0.24166666666666667
rts接入效率,0,0,0,0,0,1,0,1,0.24166666666666667
初传非退避ssca,0,0,0,0,0,1,0,1,0.24166666666666667
传输验证,0,0,0,0,0,1,0,1,0.24166666666666667
ssca过程,0,0,0,0,0,1,0,1,0.24166666666666667
优先接入,0,0,0,0,0,1,0,1,0.24166666666666667
d2d数据发送端,0,0,0,0,0,1,0,1,0.24166666666666667
dummy数据,0,0,0,0,0,1,0,1,0.24166666666666667
无蜂窝用户,0,0,0,0,0,2,0,2,0.48333333333333334
接入方案,0,0,0,0,0,1,0,1,0.24166666666666667
规模,0,0,0,0,0,1,0,1,0.24166666666666667
动态管,0,0,0,0,0,1,0,1,0.24166666666666667
临近用户数,0,0,0,0,0,1,0,1,0.24166666666666667
due信令,0,0,0,0,0,1,0,1,0.24166666666666667
业务特,0,0,0,0,0,1,0,1,0.24166666666666667
资源利用效率,0,0,0,0,0,1,0,1,0.24166666666666667
冲突几率,0,0,0,0,0,1,0,1,0.24166666666666667
d2d通信验证,0,0,0,0,0,1,0,1,0.24166666666666667
ssca优化设,0,0,0,0,0,1,0,1,0.24166666666666667
集中控制,0,0,0,4,0,0,0,4,0.5
分散无线资源管理,0,0,0,1,0,0,0,1,0.125
周期共享信息,0,0,0,1,0,0,0,1,0.125
功能节点,0,0,0,1,0,0,0,1,0.125
分布式d2d组网,0,0,0,1,0,0,0,1,0.125
单点失效,0,0,0,1,0,0,0,1,0.125
电量消耗压力,0,0,0,1,0,0,0,1,0.125
簇头处理,0,0,0,1,0,0,0,1,0.125
集中式d2d组网,0,0,0,1,0,0,0,1,0.125
终端节点,0,0,0,1,0,0,0,1,0.125
建簇管理,0,0,0,1,0,0,0,1,0.125
自主无线资源控制,0,0,0,1,0,0,0,1,0.125
探测,0,0,0,1,0,0,0,1,0.125
due用户,0,0,0,1,0,1,0,2,0.3666666666666667
d2dprobe,0,0,0,1,0,0,0,1,0.125
d2d探针,0,0,0,1,0,0,0,1,0.125
ue通信模式,0,0,0,1,0,0,0,1,0.125
信息共享,0,0,0,1,0,0,0,1,0.125
分布特性,0,0,0,1,0,0,0,1,0.125
干扰协调,1,0,0,1,0,0,0,2,1.125
感知结果,0,0,0,1,0,0,0,1,0.125
无线环境,0,0,0,1,0,0,0,1,0.125
无线电,0,0,0,1,0,0,0,1,0.125
异构网络系统,0,0,0,1,0,0,0,1,0.125
资源共享,0,0,0,1,0,0,0,1,0.125
d2d通信系统,0,0,0,1,0,0,0,1,0.125
控制信息,0,0,0,1,0,0,0,1,0.125
辅助,0,0,0,1,0,0,0,1,0.125
自主d2d通信,0,0,0,1,0,0,0,1,0.125
全局信息,0,0,0,1,0,0,0,1,0.125
协调,1,0,0,1,0,0,0,2,1.125
连接,0,0,0,1,0,0,0,1,0.125
织特性,0,0,0,1,0,0,0,1,0.125
d2d通信网络,0,0,0,1,0,0,0,1,0.125
空分复用增益,0,0,0,1,0,0,0,1,0.125
信令开销,0,0,0,1,0,0,0,1,0.125
due间链路质量,0,0,0,1,0,0,0,1,0.125
信令过程,0,0,0,1,0,0,0,1,0.125
数据传输过,0,0,0,1,0,0,0,1,0.125
传输错误率,0,0,0,1,0,0,0,1,0.125
端点,0,0,0,1,0,0,0,1,0.125
干扰环境,0,0,0,1,0,0,0,1,0.125
用户调度,0,0,0,1,0,0,0,1,0.125
资源控制机制,0,0,0,1,0,0,0,1,0.125
ue通信,0,0,0,1,0,0,0,1,0.125
传统蜂窝网络,0,0,0,1,0,0,0,1,0.125
资源控制,0,0,0,1,0,0,0,1,0.125
终端直通模式,0,0,0,1,0,0,0,1,0.125
控制权,0,0,0,1,0,0,0,1,0.125
d2d网络通信,0,0,0,1,0,0,0,1,0.125
链路自适应控制,0,0,0,1,0,0,0,1,0.125
调度无线资源,0,0,0,1,0,0,0,1,0.125
蜂窝网络通信,0,0,0,1,0,0,0,1,0.125
无线资源管理控制权,0,0,0,1,0,0,0,1,0.125
2d2d通信控制,0,0,0,1,0,0,0,1,0.125
d2drrm接入,0,0,0,0,0,1,0,1,0.24166666666666667
lte异构组网,0,0,0,0,0,1,0,1,0.24166666666666667
交互,0,0,0,0,0,1,0,1,0.24166666666666667
保护频带,0,0,0,0,0,1,0,1,0.24166666666666667
基站辅,0,0,0,0,0,1,0,1,0.24166666666666667
d2d数据广播流程,0,0,0,0,0,1,0,1,0.24166666666666667
硬件验证平台,0,0,0,0,0,1,0,1,0.24166666666666667
lted2d,1,0,0,0,0,1,0,2,1.2416666666666667
广播业务,0,0,0,0,0,9,0,9,2.175
单播业务,0,0,0,0,0,2,0,2,0.48333333333333334
发送流程,0,0,0,0,0,2,0,2,0.48333333333333334
dccch物理信道,0,0,0,0,0,1,0,1,0.24166666666666667
优先接入机制,0,0,0,0,0,1,0,1,0.24166666666666667
cts发送子帧,0,0,0,0,0,1,0,1,0.24166666666666667
处理逻辑,0,0,0,0,0,1,0,1,0.24166666666666667
资源浪费,0,0,0,0,0,1,0,1,0.24166666666666667
小数据量,0,0,0,0,0,1,0,1,0.24166666666666667
ackccch,0,0,0,0,0,1,0,1,0.24166666666666667
流程,0,0,0,0,0,1,0,1,0.24166666666666667
ssca碰撞域,0,0,0,0,0,1,0,1,0.24166666666666667
申请信道接,0,0,0,0,0,1,0,1,0.24166666666666667
实时,0,0,0,0,0,1,0,1,0.24166666666666667
频次,0,0,0,0,0,1,0,1,0.24166666666666667
功能扩展,0,0,0,0,0,1,0,1,0.24166666666666667
cts反馈端,0,0,0,0,0,1,0,1,0.24166666666666667
单播流程,0,0,0,0,0,1,0,1,0.24166666666666667
融合,0,0,0,1,0,0,0,1,0.125
网络架构,0,0,0,1,0,0,0,1,0.125
无线资源管理技,0,0,0,1,0,0,0,1,0.125
网络性能,0,0,0,1,0,0,0,1,0.125
网络融合,0,0,0,1,0,0,0,1,0.125
硬性合并,0,0,0,1,0,0,0,1,0.125
频谱效率,1,0,0,0,6,1,0,8,2.6916666666666664
mcsn,0,0,0,0,3,0,0,3,0.725
子区间,0,0,0,0,3,0,0,3,0.725
etu70,0,0,0,0,3,0,0,3,0.725
bler曲线,0,0,0,0,3,0,0,3,0.725
mcs调节因子,0,0,0,0,2,0,0,2,0.48333333333333334
误包率准则,0,0,0,0,2,0,0,2,0.48333333333333334
固定,0,0,0,0,1,0,0,1,0.24166666666666667
amco,0,0,0,0,1,0,0,1,0.24166666666666667
mcsidxo,0,0,0,0,1,0,0,1,0.24166666666666667
固定资源段长度,0,0,0,0,1,0,0,1,0.24166666666666667
固定mcsidx,0,0,0,0,1,0,0,1,0.24166666666666667
待发送缓冲区长度,0,0,0,0,1,0,0,1,0.24166666666666667
约束,0,0,0,0,1,0,0,1,0.24166666666666667
△mcs,0,0,0,0,1,0,0,1,0.24166666666666667
误包率约束,0,0,0,0,1,0,0,1,0.24166666666666667
步长,0,0,0,0,1,0,0,1,0.24166666666666667
ay调整策略,0,0,0,0,1,0,0,1,0.24166666666666667
blermeas,0,0,0,0,1,0,0,1,0.24166666666666667
总量,0,0,0,0,1,0,0,1,0.24166666666666667
反刀,0,0,0,0,1,0,0,1,0.24166666666666667
ack7nack,0,0,0,0,1,0,0,1,0.24166666666666667
正误反馈,0,0,0,0,1,0,0,1,0.24166666666666667
sinres,0,0,0,0,1,0,0,1,0.24166666666666667
间接调整,0,0,0,0,1,0,0,1,0.24166666666666667
zes,0,0,0,0,1,0,0,1,0.24166666666666667
闭环适应,0,0,0,0,1,0,0,1,0.24166666666666667
d2d通信信道,0,0,0,0,1,0,0,1,0.24166666666666667
边界集,0,0,0,0,1,0,0,1,0.24166666666666667
边界偏移量,0,0,0,0,1,0,0,1,0.24166666666666667
eva70,0,0,0,0,1,0,0,1,0.24166666666666667
bler仿真曲线,0,0,0,0,1,0,0,1,0.24166666666666667
次用户间通信,0,0,0,0,1,0,0,1,0.24166666666666667
argma,0,0,0,0,1,0,0,1,0.24166666666666667
平均误包率,0,0,0,0,1,0,0,1,0.24166666666666667
频谱效率最,0,0,0,0,1,0,0,1,0.24166666666666667
单位带宽,0,0,0,0,1,0,0,1,0.24166666666666667
比特数,0,0,0,0,1,0,0,1,0.24166666666666667
符号,0,0,0,0,1,0,0,1,0.24166666666666667
准则,0,0,0,0,1,0,0,1,0.24166666666666667
边界,0,0,0,0,1,0,0,1,0.24166666666666667
sinr区域,0,0,0,0,1,0,0,1,0.24166666666666667
bler仿真,0,0,0,0,1,0,0,1,0.24166666666666667
eva70信道,0,0,0,0,1,0,0,1,0.24166666666666667
mcs28,0,0,0,0,1,0,0,1,0.24166666666666667
信道模型,0,0,0,0,1,0,0,1,0.24166666666666667
仿真中,0,0,0,0,1,0,0,1,0.24166666666666667
蒙特卡罗法仿真,0,0,0,0,1,0,0,1,0.24166666666666667
物理层mcs,0,0,0,0,1,0,0,1,0.24166666666666667
闭式解,0,0,0,0,1,0,0,1,0.24166666666666667
误传输块率,0,0,0,0,1,0,0,1,0.24166666666666667
误比特率,0,0,0,0,1,0,0,1,0.24166666666666667
调制编码机制,0,0,0,0,1,0,0,1,0.24166666666666667
amc开环控制,0,0,0,0,1,0,0,1,0.24166666666666667
2amc控制,0,0,0,0,1,0,0,1,0.24166666666666667
d2d-hi信息,0,0,0,0,0,2,0,2,0.48333333333333334
监控模块,0,0,0,0,0,1,0,1,0.24166666666666667
解包,0,0,0,0,0,1,0,1,0.24166666666666667
ck转换,0,0,0,0,0,1,0,1,0.24166666666666667
acksend时序,0,0,0,0,0,1,0,1,0.24166666666666667
空闲process,0,0,0,0,0,1,0,1,0.24166666666666667
接收流程,0,0,0,0,0,1,0,1,0.24166666666666667
蜂窝吞吐率,0,0,0,0,0,2,0,2,0.48333333333333334
advancedrrm,0,0,0,0,0,3,0,3,0.725
最高速率,0,0,0,0,0,2,0,2,0.48333333333333334
验证平台,0,0,0,0,0,2,0,2,0.48333333333333334
d2d/蜂窝网络,0,0,0,0,0,1,0,1,0.24166666666666667
d2d监控裕量,0,0,0,0,0,1,0,1,0.24166666666666667
平均量,0,0,0,0,0,1,0,1,0.24166666666666667
吞吐率,0,0,0,0,0,2,0,2,0.48333333333333334
吞吐需,0,0,0,0,0,1,0,1,0.24166666666666667
最低门限,0,0,0,0,0,1,0,1,0.24166666666666667
保有率干扰控制性能,0,0,0,0,0,1,0,1,0.24166666666666667
advancedrrm能,0,0,0,0,0,1,0,1,0.24166666666666667
吞吐量,0,0,0,0,0,3,0,3,0.725
盲复用,0,0,0,0,0,1,0,1,0.24166666666666667
cue吞吐,0,0,0,0,0,1,0,1,0.24166666666666667
盲复用方案,0,0,0,0,0,1,0,1,0.24166666666666667
通信保有率,0,0,0,0,0,1,0,1,0.24166666666666667
蜂窝上传业务,0,0,0,0,0,1,0,1,0.24166666666666667
限速软件,0,0,0,0,0,1,0,1,0.24166666666666667
强干扰,0,0,0,0,0,1,0,1,0.24166666666666667
性能提升,0,0,0,0,0,1,0,1,0.24166666666666667
盲复用rrm,0,0,0,0,0,1,0,1,0.24166666666666667
蜂窝边缘用户,0,0,0,0,0,1,0,1,0.24166666666666667
远场d2d,0,0,0,0,0,1,0,1,0.24166666666666667
干扰控制性能,0,0,0,0,0,1,0,1,0.24166666666666667
功率裕量,0,0,0,0,0,1,0,1,0.24166666666666667
非蜂窝边缘,0,0,0,0,0,1,0,1,0.24166666666666667
非蜂窝边缘用户,0,0,0,0,0,1,0,1,0.24166666666666667
due复用蜂窝用户,0,0,0,0,0,1,0,1,0.24166666666666667
网盘上传业务,0,0,0,0,0,1,0,1,0.24166666666666667
ftp业务,0,0,0,0,0,1,0,1,0.24166666666666667
总吞吐性能,0,0,0,0,0,1,0,1,0.24166666666666667
理论极限,0,0,0,0,0,2,0,2,0.48333333333333334
d2d无线资源管理模块,0,0,0,0,0,1,0,1,0.24166666666666667
kbps,0,0,0,0,0,1,0,1,0.24166666666666667
均值,0,0,0,0,0,1,0,1,0.24166666666666667
竞争效率,0,0,0,0,0,1,0,1,0.24166666666666667
rlc模块,0,0,0,0,0,1,0,1,0.24166666666666667
test,0,0,0,0,0,1,0,1,0.24166666666666667
tes,0,0,0,0,0,6,0,6,1.45
mtu,0,0,0,0,0,1,0,1,0.24166666666666667
可用资源长度,0,0,0,0,0,1,0,1,0.24166666666666667
pusch资源,0,0,0,0,0,1,0,1,0.24166666666666667
单边pucch资源,0,0,0,0,0,1,0,1,0.24166666666666667
d2d通信速率,0,0,0,0,0,2,0,2,0.48333333333333334
tddformat2,0,0,0,0,0,1,0,1,0.24166666666666667
ftp速率,0,0,0,0,0,1,0,1,0.24166666666666667
ftp用户端,0,0,0,0,0,1,0,1,0.24166666666666667
ftp服务器,0,0,0,0,0,1,0,1,0.24166666666666667
蜂窝基站,0,0,0,0,0,1,0,1,0.24166666666666667
蜂窝下行信号,0,0,0,0,0,1,0,1,0.24166666666666667
d2d通信性能,0,0,0,0,0,2,0,2,0.48333333333333334
蜂窝覆盖,0,0,0,0,0,1,0,1,0.24166666666666667
samerout,0,0,0,0,0,2,0,2,0.48333333333333334
sameroute,0,0,0,0,0,2,0,2,0.48333333333333334
mp,0,0,0,0,0,2,0,2,0.48333333333333334
bytes,0,0,0,0,0,2,0,2,0.48333333333333334
业务,0,0,0,0,0,2,0,2,0.48333333333333334
模块化,0,0,0,0,0,2,0,2,0.48333333333333334
入蜂窝网络,0,0,0,0,0,1,0,1,0.24166666666666667
d2d中继,1,0,0,0,0,1,0,2,1.2416666666666667
本地业务,1,0,0,0,0,1,0,2,1.2416666666666667
载高速,0,0,0,0,0,1,0,1,0.24166666666666667
源管理,0,0,0,0,0,1,0,1,0.24166666666666667
内部三跳通信,0,0,0,0,0,1,0,1,0.24166666666666667
eroute,0,0,0,0,0,1,0,1,0.24166666666666667
多跳中继功能,0,0,0,0,0,1,0,1,0.24166666666666667
rrm框架,0,0,0,0,0,1,0,1,0.24166666666666667
路由协议,0,0,0,0,0,1,0,1,0.24166666666666667
非覆盖,0,0,0,0,0,1,0,1,0.24166666666666667
同步时间,0,0,0,0,0,1,0,1,0.24166666666666667
中断时间,0,0,0,0,0,1,0,1,0.24166666666666667
同步状态机,0,0,0,0,0,1,0,1,0.24166666666666667
d2dadvancedrrm,0,0,0,0,0,1,0,1,0.24166666666666667
文件传输,0,0,0,0,0,1,0,1,0.24166666666666667
本地广告推荐,0,0,0,0,0,1,0,1,0.24166666666666667
高码率视频分享,0,0,0,0,0,1,0,1,0.24166666666666667
3d2d通信服务,0,0,0,0,0,1,0,1,0.24166666666666667
d2d1视角,0,0,0,0,0,1,0,1,0.24166666666666667
通信场景,0,0,0,0,0,1,0,1,0.24166666666666667
20mhz系统,0,0,0,0,0,1,0,1,0.24166666666666667
d2d同步子信道,0,0,0,0,0,1,0,1,0.24166666666666667
无蜂窝时,0,0,0,0,0,1,0,1,0.24166666666666667
分布式rrm,0,0,0,0,0,1,0,1,0.24166666666666667
蜂窝辅助,0,0,0,0,0,1,0,1,0.24166666666666667
分布式rrm方案,0,0,0,0,0,1,0,1,0.24166666666666667
自组网,0,0,0,0,0,1,0,1,0.24166666666666667
无蜂窝网络环境,0,0,0,0,0,1,0,1,0.24166666666666667
资源向量,0,0,0,0,0,4,0,4,0.9666666666666667
ulgrant信息,0,0,0,0,0,3,0,3,0.725
cell,0,0,0,0,0,3,0,3,0.725
专用参考信号,0,0,0,0,0,3,0,3,0.725
phich信道,0,0,0,0,0,2,0,2,0.48333333333333334
上行功控,0,0,0,0,0,2,0,2,0.48333333333333334
sib1,0,0,0,0,0,2,0,2,0.48333333333333334
i/o,0,0,0,0,0,2,0,2,0.48333333333333334
dtx,0,0,0,0,0,2,0,2,0.48333333333333334
本机指标,0,0,0,0,0,2,0,2,0.48333333333333334
cue2,0,0,0,0,0,1,0,1,0.24166666666666667
本子帧,0,0,0,0,0,1,0,1,0.24166666666666667
用资源,0,0,0,0,0,1,0,1,0.24166666666666667
独立干扰,0,0,0,0,0,1,0,1,0.24166666666666667
包络,0,0,0,0,0,1,0,1,0.24166666666666667
混合测量,0,0,0,0,0,1,0,1,0.24166666666666667
上行干扰测量值,0,0,0,0,0,1,0,1,0.24166666666666667
blend2d,0,0,0,0,0,1,0,1,0.24166666666666667
bstartd,0,0,0,0,0,1,0,1,0.24166666666666667
rblencue,0,0,0,0,0,1,0,1,0.24166666666666667
rbstartcue,0,0,0,0,0,1,0,1,0.24166666666666667
bstartcue2,0,0,0,0,0,1,0,1,0.24166666666666667
blencuex,0,0,0,0,0,1,0,1,0.24166666666666667
bstartcuex,0,0,0,0,0,1,0,1,0.24166666666666667
bstartd2d,0,0,0,0,0,1,0,1,0.24166666666666667
rbstartcuex,0,0,0,0,0,1,0,1,0.24166666666666667
due冲突域,0,0,0,0,0,1,0,1,0.24166666666666667
cellresourcemap,0,0,0,0,0,1,0,1,0.24166666666666667
datactrlmsg,0,0,0,0,0,1,0,1,0.24166666666666667
自身干扰,0,0,0,0,0,1,0,1,0.24166666666666667
intlc2d,0,0,0,0,0,1,0,1,0.24166666666666667
传输子帧偏移量,0,0,0,0,0,1,0,1,0.24166666666666667
传输子帧,0,0,0,0,0,1,0,1,0.24166666666666667
提前调度偏移量,0,0,0,0,0,1,0,1,0.24166666666666667
提前调度时间,0,0,0,0,0,1,0,1,0.24166666666666667
资源调度图,0,0,0,0,0,1,0,1,0.24166666666666667
phich,0,0,0,0,0,1,0,1,0.24166666666666667
蜂窝调度,0,0,0,0,0,1,0,1,0.24166666666666667
非自适应资源分配,0,0,0,0,0,1,0,1,0.24166666666666667
dciformato,0,0,0,0,0,1,0,1,0.24166666666666667
自适应资源分配,0,0,0,0,0,1,0,1,0.24166666666666667
上行重传,0,0,0,0,0,1,0,1,0.24166666666666667
非自适应资源,0,0,0,0,0,1,0,1,0.24166666666666667
动态调度资源图,0,0,0,0,0,1,0,1,0.24166666666666667
d2d网络监控模块,0,0,0,0,0,1,0,1,0.24166666666666667
半静态配置,0,0,0,0,0,1,0,1,0.24166666666666667
静态,0,0,0,0,0,1,0,1,0.24166666666666667
组网验证,0,0,0,0,0,1,0,1,0.24166666666666667
半静态调度资源图,0,0,0,0,0,1,0,1,0.24166666666666667
状态广播,0,0,0,0,0,1,0,1,0.24166666666666667
半静态,0,0,0,0,0,1,0,1,0.24166666666666667
数据连接,0,0,0,0,0,1,0,1,0.24166666666666667
hi指示,0,0,0,0,0,1,0,1,0.24166666666666667
cchdciformato,0,0,0,0,0,1,0,1,0.24166666666666667
调度资源图,0,0,0,0,0,1,0,1,0.24166666666666667
harq信息,0,0,0,0,0,1,0,1,0.24166666666666667
发送链路速率,0,0,0,0,0,1,0,1,0.24166666666666667
d2drx,0,0,0,0,0,1,0,1,0.24166666666666667
dci,0,0,0,0,0,1,0,1,0.24166666666666667
外低保护边带,0,0,0,0,0,1,0,1,0.24166666666666667
测量系统,0,0,0,0,0,1,0,1,0.24166666666666667
nominalpuscho,0,0,0,0,0,1,0,1,0.24166666666666667
uplinkpowercontrolcom,0,0,0,0,0,1,0,1,0.24166666666666667
映射,0,0,0,0,0,1,0,1,0.24166666666666667
路损补偿因子序号,0,0,0,0,0,1,0,1,0.24166666666666667
uplinkpowercontro,0,0,0,0,0,1,0,1,0.24166666666666667
putsib2,0,0,0,0,0,1,0,1,0.24166666666666667
干扰广播数据包,0,0,0,0,0,1,0,1,0.24166666666666667
回路,0,0,0,0,0,1,0,1,0.24166666666666667
xi,0,0,0,0,0,1,0,1,0.24166666666666667
x2,0,0,0,0,0,1,0,1,0.24166666666666667
pld2,0,0,0,0,0,1,0,1,0.24166666666666667
对称性,0,0,0,0,0,1,0,1,0.24166666666666667
tdd链路,0,0,0,0,0,1,0,1,0.24166666666666667
质量统,0,0,0,0,0,1,0,1,0.24166666666666667
调度时序,0,0,0,0,0,1,0,1,0.24166666666666667
tddul/dl帧格式,0,0,0,0,0,1,0,1,0.24166666666666667
tdd-configuration,0,0,0,0,0,1,0,1,0.24166666666666667
d2d发送链路速率,0,0,0,0,0,1,0,1,0.24166666666666667
d2d数据接收方,0,0,0,0,0,1,0,1,0.24166666666666667
测量功率值,0,0,0,0,0,1,0,1,0.24166666666666667
d2d-sync,0,0,0,0,0,1,0,1,0.24166666666666667
异构网,1,0,0,0,0,1,0,2,1.2416666666666667
20m系统,0,0,0,0,0,1,0,1,0.24166666666666667
能量测量值,0,0,0,0,0,1,0,1,0.24166666666666667
总带宽,0,0,0,0,0,1,0,1,0.24166666666666667
due同步信号,0,0,0,0,0,1,0,1,0.24166666666666667
d2d组网,0,0,0,0,0,1,0,1,0.24166666666666667
状态广播信道,0,0,0,0,0,1,0,1,0.24166666666666667
due同步,0,0,0,0,0,1,0,1,0.24166666666666667
sync,0,0,0,0,0,1,0,1,0.24166666666666667
功率测量统,0,0,0,0,0,1,0,1,0.24166666666666667
占用信息,0,0,0,0,0,1,0,1,0.24166666666666667
nacko,0,0,0,0,0,1,0,1,0.24166666666666667
确认数据子帧号,0,0,0,0,0,1,0,1,0.24166666666666667
hi消息,0,0,0,0,0,1,0,1,0.24166666666666667
pdcchdciform,0,0,0,0,0,1,0,1,0.24166666666666667
nominalpus,0,0,0,0,0,1,0,1,0.24166666666666667
路损补偿因子,0,0,0,0,0,1,0,1,0.24166666666666667
refbrencepo,0,0,0,0,0,1,0,1,0.24166666666666667
crs-,0,0,0,0,0,1,0,1,0.24166666666666667
系统广播,0,0,0,0,0,1,0,1,0.24166666666666667
systeminfbnnationblock2,0,0,0,0,0,1,0,1,0.24166666666666667
tddul/dl,0,0,0,0,0,1,0,1,0.24166666666666667
lock,0,0,0,0,0,1,0,1,0.24166666666666667
systemlnfbrmation,0,0,0,0,0,1,0,1,0.24166666666666667
drx,0,0,0,0,0,1,0,1,0.24166666666666667
干扰信息广播,0,0,0,0,0,1,0,1,0.24166666666666667
网络参数,0,0,0,0,0,1,0,1,0.24166666666666667
模块监控指标,0,0,0,0,0,1,0,1,0.24166666666666667
Device-to-Device,0,1,0,0,0,0,0,1,2.0
 异构网络,0,1,0,0,0,0,0,1,2.0
 无线资源管理,0,1,0,0,0,0,0,1,2.0
 分布式,0,1,0,0,0,0,0,1,2.0
 干扰协调,0,1,0,0,0,0,0,1,2.0
资源重用条件,1,0,0,0,0,0,0,1,1.0
有/无蜂窝网络环境,1,0,0,0,0,0,0,1,1.0
无缝切换,1,0,0,0,0,0,0,1,1.0
自制终端,1,0,0,0,0,0,0,1,1.0
商用终端,1,0,0,0,0,0,0,1,1.0
蜂窝业务损失门限,1,0,0,0,0,0,0,1,1.0
高速业务,1,0,0,0,0,0,0,1,1.0
d2d混合资源利用,1,0,0,0,0,0,0,1,1.0
链路自适应,1,0,0,0,0,0,0,1,1.0
开闭环联合控制,1,0,0,0,0,0,0,1,1.0
混合资源,1,0,0,0,0,0,0,1,1.0
分段预估,1,0,0,0,0,0,0,1,1.0
信干噪比,1,0,0,0,0,0,0,1,1.0
干扰避免机制,1,0,0,0,0,0,0,1,1.0
d2d数据通信流程,1,0,0,0,0,0,0,1,1.0
干扰问,1,0,0,0,0,0,0,1,1.0
感知,1,0,0,0,0,0,0,1,1.0
硬件,1,0,0,0,0,0,0,1,1.0
承载压力,1,0,0,0,0,0,0,1,1.0
临近终端,1,0,0,0,0,0,0,1,1.0
分流,1,0,0,0,0,0,0,1,1.0
本地通信流量,1,0,0,0,0,0,0,1,1.0
容量,1,0,0,0,0,0,0,1,1.0
公共安全环境,1,0,0,0,0,0,0,1,1.0
d2d技,1,0,0,0,0,0,0,1,1.0
