,摘要,关键词,第一章,第二章,第三章,第四章,第五章,总词频,加权得分
数据,0,0,5,8,19,1,0,33,6.458333333333333
mbms,0,0,1,16,1,0,0,18,2.3666666666666667
组播,2,0,7,9,8,9,0,35,8.108333333333334
用户,0,0,3,5,5,6,0,19,3.658333333333333
信道,0,0,2,5,0,0,0,7,0.875
组播模式,0,0,0,4,0,0,0,4,0.5
移动网络,0,0,0,3,0,0,0,3,0.375
广播,0,0,0,3,1,0,0,4,0.6166666666666667
节点,0,0,2,7,30,43,0,82,18.766666666666666
链路,0,0,3,4,0,2,0,9,1.3583333333333334
mbms数据,0,0,0,2,0,0,0,2,0.25
广播组播业务中心,0,0,0,2,0,0,0,2,0.25
组播业务,0,0,1,2,1,0,0,4,0.6166666666666667
资源,0,0,3,30,2,10,0,45,7.025
用户终端,0,0,1,2,0,0,0,3,0.375
广播组播,0,0,0,2,0,0,0,2,0.25
消息,0,0,0,2,0,0,0,2,0.25
接收数据,0,0,0,2,0,0,0,2,0.25
终端用户,0,0,0,3,0,1,0,4,0.6166666666666667
数据源,0,0,0,2,5,1,2,10,2.1833333333333336
广播模式,0,0,0,2,0,0,0,2,0.25
多媒体广播,0,0,0,2,0,0,0,2,0.25
终端,0,0,6,4,1,0,0,11,1.4916666666666667
内容,0,0,0,2,0,0,0,2,0.25
网络资源,0,0,0,1,0,0,0,1,0.125
释放传送,0,0,0,1,0,0,0,1,0.125
发送,0,0,0,1,0,1,0,2,0.3666666666666667
加密,0,0,0,1,0,0,0,1,0.125
数据传送,0,0,0,1,0,0,0,1,0.125
mbms业务消息,0,0,0,1,0,0,0,1,0.125
无线网络资源,0,0,0,1,0,0,0,1,0.125
会话,0,0,1,7,0,0,0,8,1.0
身份验证,0,0,0,1,0,0,0,1,0.125
服务提供商,0,0,0,1,0,0,0,1,0.125
组播服务,2,0,4,1,9,7,0,23,6.491666666666667
mbms服务信息,0,0,0,1,0,0,0,1,0.125
业务声明机制,0,0,0,1,0,0,0,1,0.125
注册信息,0,0,0,1,0,0,0,1,0.125
mbms服务商,0,0,0,1,0,0,0,1,0.125
注册,0,0,0,1,0,0,0,1,0.125
业务流程,0,0,0,3,0,0,0,3,0.375
络游戏,0,0,0,1,0,0,0,1,0.125
在线课程,0,0,0,1,0,0,0,1,0.125
社交软件,0,0,0,1,0,0,0,1,0.125
移动业务,0,0,0,1,0,0,0,1,0.125
通信研究,0,0,0,1,0,0,0,1,0.125
移动通信网络,0,0,0,1,0,0,0,1,0.125
吞吐量量,0,0,0,2,2,1,0,5,0.975
组播速率,0,0,2,1,0,0,0,3,0.375
质量,1,0,0,2,2,1,0,6,1.975
基站,1,0,7,30,19,10,3,70,13.358333333333334
调度,0,0,0,2,0,0,0,2,0.25
带宽资源,0,0,0,1,0,0,0,1,0.125
传输线路,0,0,0,1,0,0,0,1,0.125
短路径,0,0,0,1,0,0,0,1,0.125
叶子节点,0,0,0,1,0,0,0,1,0.125
树形,0,0,0,1,0,0,0,1,0.125
拓扑,0,0,0,1,0,1,0,2,0.3666666666666667
数据丢失,0,0,0,1,0,0,0,1,0.125
位置,0,0,0,1,0,0,0,1,0.125
移动特性,0,0,0,1,0,0,0,1,0.125
mbms组播业务,0,0,0,1,0,0,0,1,0.125
系统消息,0,0,0,1,0,0,0,1,0.125
广告,0,0,0,1,0,0,0,1,0.125
传输,0,0,2,1,2,0,0,5,0.8583333333333334
频段,0,0,1,4,2,0,0,7,1.1083333333333334
数据发送,1,0,0,1,0,0,0,2,1.125
通信信道,0,0,0,2,0,0,0,2,0.25
数据传输,0,0,2,2,0,0,0,4,0.5
广播组播技术,0,0,0,1,0,0,0,1,0.125
点对点通信,0,0,0,1,0,0,0,1,0.125
网络节点,0,0,1,1,4,0,0,6,1.2166666666666668
共享,0,0,0,2,0,0,0,2,0.25
目的节点,0,0,0,1,0,0,0,1,0.125
网络,1,0,6,6,7,2,1,23,4.916666666666666
umts系统,0,0,0,1,0,0,0,1,0.125
广播业务,0,0,0,2,0,0,0,2,0.25
3gpp,0,0,0,3,0,0,0,3,0.375
mbms技术,0,0,0,1,0,0,0,1,0.125
ms,0,0,0,1,0,0,0,1,0.125
信道质量,1,0,7,1,12,0,0,21,4.9
边缘用户,1,0,2,5,8,1,0,17,4.05
组播数据,0,0,0,0,3,0,0,3,0.725
时隙,0,0,0,2,3,0,0,5,0.975
传输速率,2,0,3,2,5,1,1,14,4.316666666666666
md2md,0,0,0,0,4,1,1,6,1.45
d2d通信,3,0,26,49,10,12,1,101,17.933333333333334
设备,3,0,4,10,6,1,1,25,6.683333333333334
组播通信,0,0,2,1,3,2,1,9,1.825
通信,1,0,12,17,4,7,1,42,7.525
d2d技术,0,0,1,2,3,1,0,7,1.3416666666666668
组播用户,0,0,0,0,2,0,0,2,0.48333333333333334
d2md,0,0,0,0,3,0,1,4,0.9666666666666667
ue1,0,0,0,0,2,0,0,2,0.48333333333333334
异构网,0,0,0,0,2,0,0,2,0.48333333333333334
自组网,0,0,0,0,2,0,0,2,0.48333333333333334
d2d组播组,0,0,0,0,2,0,0,2,0.48333333333333334
蜂窝网络,0,0,6,12,4,2,0,24,3.7
d2d,3,0,16,13,12,10,4,58,12.908333333333333
利用率,0,0,0,4,1,0,0,5,0.7416666666666667
頻谱,0,0,0,0,1,0,0,1,0.24166666666666667
复用蜂窝资源,0,0,0,0,2,0,0,2,0.48333333333333334
d2d辅助组播,0,0,1,0,3,0,0,4,0.85
重传,0,0,0,0,1,0,0,1,0.24166666666666667
中继转发,1,0,0,0,1,1,0,3,1.4833333333333334
组播容量,0,0,1,0,2,12,0,15,3.5083333333333333
传输速度,0,0,0,0,1,0,0,1,0.24166666666666667
d2d通信辅助,0,0,0,0,1,0,0,1,0.24166666666666667
用户体验,1,0,0,2,3,0,0,6,1.975
性能,0,0,2,6,3,5,1,17,3.175
路径损耗,0,0,0,0,1,0,0,1,0.24166666666666667
路径增益,0,0,0,1,1,0,0,2,0.3666666666666667
距离,0,0,1,1,3,6,0,11,2.425
d2d通信链路,0,0,1,2,2,0,0,5,0.8583333333333334
直连链路,0,0,1,1,1,0,0,3,0.4916666666666667
中继,0,1,1,3,1,3,0,9,3.466666666666667
移动设备,0,0,0,1,2,0,0,3,0.6083333333333334
qos,0,0,2,2,1,0,0,5,0.7416666666666667
频谱利用率,0,0,4,0,1,1,0,6,0.9833333333333334
吞吐量率,0,0,0,0,2,0,0,2,0.48333333333333334
簇头用户,0,0,0,0,1,0,0,1,0.24166666666666667
组播头,0,0,0,0,1,0,0,1,0.24166666666666667
最低速率,0,0,0,0,1,0,0,1,0.24166666666666667
imt-a,0,0,0,0,1,0,0,1,0.24166666666666667
带宽,0,0,0,0,1,0,0,1,0.24166666666666667
d2d组播,0,0,5,0,1,0,0,6,0.8666666666666667
d2d用户,0,0,4,14,1,13,0,32,5.633333333333333
授权频段,0,0,2,1,1,0,0,4,0.6166666666666667
d2d组播技术,0,0,0,0,1,0,0,1,0.24166666666666667
imt-a系统,0,0,0,0,1,0,0,1,0.24166666666666667
时隙一,0,0,0,0,1,0,0,1,0.24166666666666667
边缘用户信道,0,0,0,0,1,0,0,1,0.24166666666666667
组播消息,0,0,0,0,1,0,0,1,0.24166666666666667
d2md通信,0,0,0,0,1,0,0,1,0.24166666666666667
传输效率,0,0,0,1,1,0,0,2,0.3666666666666667
缓存,0,0,0,0,1,0,0,1,0.24166666666666667
基站端,0,0,0,0,1,0,0,1,0.24166666666666667
d2d直连链路,0,0,0,0,1,0,0,1,0.24166666666666667
组播发送组,0,0,0,0,1,0,0,1,0.24166666666666667
工作模,0,0,0,0,1,0,0,1,0.24166666666666667
ue4,0,0,0,0,1,0,0,1,0.24166666666666667
ue3,0,0,0,0,1,0,0,1,0.24166666666666667
ue2,0,0,0,0,1,0,0,1,0.24166666666666667
蜂窝工作模式,0,0,0,0,1,0,0,1,0.24166666666666667
ue,0,0,0,9,1,3,0,13,2.091666666666667
d2md场景,0,0,0,0,2,0,0,2,0.48333333333333334
d2md通信场景,0,0,0,0,1,0,0,1,0.24166666666666667
蜂窝资源,0,0,1,0,1,5,0,7,1.575
复用,0,0,3,7,2,0,0,12,1.7333333333333334
正交,0,0,1,4,1,0,0,6,0.8666666666666667
d2d网络,0,0,4,0,3,0,0,7,1.225
目标节点,0,0,0,0,1,2,0,3,0.725
转发节点,0,0,0,0,1,0,0,1,0.24166666666666667
服务质量,0,0,2,1,2,0,1,6,1.1
组播传输速率,0,0,0,0,1,0,0,1,0.24166666666666667
mbms服务,0,0,0,1,1,0,0,2,0.3666666666666667
d2d通信网络,0,0,0,0,1,0,0,1,0.24166666666666667
辅助组播,0,0,2,0,2,2,1,7,1.4583333333333333
分簇算法,1,0,0,0,23,1,2,27,7.283333333333333
簇头,0,0,8,2,15,9,0,34,7.05
id号,0,0,0,0,5,2,0,7,1.6916666666666667
分簇,0,1,0,0,5,0,0,6,3.208333333333333
簇内节点,0,0,0,0,5,1,0,6,1.45
连接度,0,0,0,0,5,13,0,18,4.35
最小id分簇算法,0,0,0,0,4,0,0,4,0.9666666666666667
地理位置信息,0,0,0,1,4,0,0,5,1.0916666666666668
簇头节点,0,0,0,0,7,3,0,10,2.4166666666666665
能量,0,0,2,1,5,0,0,8,1.5833333333333333
定位算法,0,0,0,0,2,0,0,2,0.48333333333333334
节点度,0,0,0,0,2,0,0,2,0.48333333333333334
最小id算法,0,0,0,0,3,0,0,3,0.725
最大连接度,0,0,1,0,2,0,0,3,0.6083333333333334
络节点,0,0,0,0,2,0,0,2,0.48333333333333334
收敛速度,0,0,0,0,2,0,0,2,0.48333333333333334
算法,0,0,1,0,3,4,1,9,2.0583333333333336
分簇过程,0,0,0,0,2,0,0,2,0.48333333333333334
hello消息,0,0,0,0,2,0,0,2,0.48333333333333334
探测法,0,0,0,0,2,0,0,2,0.48333333333333334
移动性,1,0,1,0,2,6,0,10,3.0583333333333336
id,0,0,0,0,2,0,0,2,0.48333333333333334
传统网络,0,0,0,0,3,0,0,3,0.725
定位技术,0,0,0,0,1,0,0,1,0.24166666666666667
共享信息,0,0,0,0,1,0,0,1,0.24166666666666667
hello包,0,0,0,0,1,0,0,1,0.24166666666666667
节点坐标,0,0,0,0,1,0,0,1,0.24166666666666667
位置信息,0,0,0,0,1,0,0,1,0.24166666666666667
节点位置信息,0,0,0,0,1,0,0,1,0.24166666666666667
th,0,0,0,0,1,0,0,1,0.24166666666666667
raphy,0,0,0,0,1,0,0,1,0.24166666666666667
ge,0,0,0,0,1,0,0,1,0.24166666666666667
地理位置,0,0,0,0,2,0,0,2,0.48333333333333334
公平性,0,0,0,0,1,0,0,1,0.24166666666666667
共享网络,0,0,0,0,1,0,0,1,0.24166666666666667
簇结构,1,0,0,0,1,1,1,4,1.725
簇维护,0,0,0,0,1,0,0,1,0.24166666666666667
更新频率,0,0,0,0,1,0,0,1,0.24166666666666667
数据传输时延,0,0,0,0,1,0,0,1,0.24166666666666667
平均传输跳数,0,0,0,0,1,0,0,1,0.24166666666666667
源节点,0,0,0,0,1,0,0,1,0.24166666666666667
簇数,0,0,0,0,1,0,0,1,0.24166666666666667
簇头数目,0,0,0,0,1,0,0,1,0.24166666666666667
循环往复,0,0,0,0,1,0,0,1,0.24166666666666667
剩余节点,0,0,0,0,1,0,0,1,0.24166666666666667
邻居节点,0,0,0,0,1,1,0,2,0.48333333333333334
负载平衡,0,0,0,0,1,0,0,1,0.24166666666666667
时间,0,0,0,1,2,0,0,3,0.6083333333333334
最小id信息,0,0,0,0,1,0,0,1,0.24166666666666667
频率,0,0,0,1,2,0,0,3,0.6083333333333334
维护簇,0,0,0,0,1,0,0,1,0.24166666666666667
通信过程,0,0,0,0,1,0,0,1,0.24166666666666667
网关,0,0,0,0,1,0,0,1,0.24166666666666667
周期,0,0,0,0,1,0,0,1,0.24166666666666667
簇头选举算法,0,0,1,0,4,0,0,5,1.0916666666666668
优化,0,0,0,0,1,0,0,1,0.24166666666666667
动态分簇算法,0,0,0,0,1,0,1,2,0.48333333333333334
静态分簇算法,0,0,0,0,1,0,0,1,0.24166666666666667
负载,0,0,2,2,2,0,0,6,0.9833333333333334
分布式,0,0,4,4,1,0,0,9,1.2416666666666667
集中,0,0,0,1,1,0,0,2,0.3666666666666667
多跳成簇算法,0,0,0,0,1,0,0,1,0.24166666666666667
一跳成簇,0,0,0,0,1,0,0,1,0.24166666666666667
跳数,0,0,0,0,1,0,0,1,0.24166666666666667
节点权重,0,0,0,0,1,0,0,1,0.24166666666666667
参数,0,0,0,0,1,1,0,2,0.48333333333333334
传输过程,0,0,0,0,1,0,0,1,0.24166666666666667
簇头选择算法,0,0,3,0,1,0,0,4,0.6166666666666667
干扰,0,0,10,28,2,23,1,64,11.033333333333333
蜂窝小区,0,0,0,6,0,0,0,6,0.75
蜂窝用户,0,0,8,22,1,18,0,49,8.341666666666667
蜂窝,1,0,4,12,1,4,2,24,4.691666666666666
蜂窝覆盖,0,0,0,5,0,1,0,6,0.8666666666666667
蜂窝系统,0,0,6,5,0,0,0,11,1.375
网络结构,0,0,1,3,0,0,0,4,0.5
通信技术,0,0,4,3,0,0,0,7,0.875
功率,0,0,1,3,2,1,0,7,1.225
链路资源,0,0,0,2,0,0,0,2,0.25
d2d通信场,0,0,0,2,0,0,0,2,0.25
ism频段,0,0,0,2,0,0,0,2,0.25
ad-hoc网络,0,0,5,2,2,0,0,9,1.3583333333333334
鲁棒性,0,0,1,1,0,0,0,2,0.25
服务,0,0,1,2,0,0,0,3,0.375
网络覆盖,0,0,0,1,0,0,0,1,0.125
漏传,0,0,1,1,0,0,0,2,0.25
误传,0,0,1,1,0,0,0,2,0.25
直传链路,0,0,0,2,0,0,0,2,0.25
移动终端,0,0,2,2,2,0,0,6,0.9833333333333334
共存,0,0,1,1,0,0,0,2,0.25
功率控制,0,0,4,6,1,1,1,13,1.975
容量,2,1,4,3,0,5,1,16,6.325
系统,0,0,2,6,0,1,0,9,1.2416666666666667
频谱,0,0,1,3,1,0,1,6,0.9833333333333334
授权资源,0,0,0,1,0,0,0,1,0.125
发射,0,0,0,1,0,0,0,1,0.125
电池,0,0,0,2,1,0,0,3,0.4916666666666667
手机设备,0,0,0,1,0,0,0,1,0.125
时延,0,0,1,3,1,0,0,5,0.7416666666666667
信道增益,0,0,0,3,0,0,0,3,0.375
数据量,0,0,0,1,0,0,0,1,0.125
通信链路,0,0,0,1,0,1,0,2,0.3666666666666667
d2d通信模式,0,0,0,3,2,0,0,5,0.8583333333333334
下行链路,0,0,0,2,0,0,0,2,0.25
上行链路,0,0,0,1,0,0,0,1,0.125
蜂窝通信模式,0,0,1,1,3,0,0,5,0.975
d2d技,0,0,0,4,0,0,0,4,0.5
通信系统,0,0,2,3,0,0,0,5,0.625
蜂窝的,0,0,0,1,0,0,0,1,0.125
公共安全,0,0,0,2,0,0,0,2,0.25
场景,0,0,0,1,0,0,0,1,0.125
商业领域,0,0,0,1,0,0,0,1,0.125
公共安全领,0,0,0,1,0,0,0,1,0.125
商用领域,0,0,0,1,0,0,0,1,0.125
lted2d通信,0,0,0,1,0,0,0,1,0.125
pro,0,0,0,1,0,0,0,1,0.125
近距离服务,0,0,0,1,0,0,0,1,0.125
3gppran,0,0,0,1,0,0,0,1,0.125
无蜂窝覆盖,0,0,0,3,0,0,0,3,0.375
qos保证,0,0,2,1,0,0,0,3,0.375
安全,0,0,0,1,0,0,0,1,0.125
时钟同步,0,0,0,1,1,0,0,2,0.3666666666666667
发送功率,0,0,2,2,0,4,0,8,1.4666666666666668
中心基站,0,0,0,1,0,0,0,1,0.125
许可频段,0,0,0,1,0,0,0,1,0.125
安全性,0,0,0,1,0,0,0,1,0.125
接入,0,0,0,1,0,0,0,1,0.125
医疗,0,0,0,1,0,0,0,1,0.125
科学,0,0,0,1,0,0,0,1,0.125
工业,0,0,0,1,0,0,0,1,0.125
无线连接技术,0,0,0,1,0,0,0,1,0.125
短距离设备,0,0,0,1,0,0,0,1,0.125
wifi,0,0,0,1,0,0,0,1,0.125
bluetooth,0,0,0,1,0,0,0,1,0.125
蓝牙,0,0,3,1,0,0,0,4,0.5
协议层,0,0,0,1,0,0,0,1,0.125
mesh网络,0,0,0,1,0,0,0,1,0.125
混合网络,1,0,1,8,0,0,1,11,2.3666666666666667
mesh网,0,0,0,1,0,0,0,1,0.125
无线网格网,0,0,0,1,0,0,0,1,0.125
无线资源,0,0,1,8,0,1,0,10,1.3666666666666667
时分复用,0,0,0,1,0,0,0,1,0.125
业务量,0,0,0,1,0,0,0,1,0.125
信息,0,0,0,3,0,0,0,3,0.375
自组织网络,0,0,0,1,0,0,0,1,0.125
设备通信,0,0,0,1,0,0,0,1,0.125
蜂窝通信系统,0,0,0,1,0,0,0,1,0.125
中央节点,0,0,0,1,0,0,0,1,0.125
终端直通技术,0,0,2,1,0,0,0,3,0.375
d2d通信技术,1,0,8,1,0,0,1,11,2.3666666666666667
对比算法,0,0,0,0,1,0,0,1,0.24166666666666667
最大连接度算法,0,0,0,0,2,0,0,2,0.48333333333333334
最小id选择算法,0,0,0,0,1,0,0,1,0.24166666666666667
d2d辅助组播通信,0,0,0,0,1,1,0,2,0.48333333333333334
组播簇头选择算法,0,0,0,0,1,0,0,1,0.24166666666666667
辅助组播场,0,0,0,0,1,0,0,1,0.24166666666666667
簇头选,0,0,0,0,1,0,0,1,0.24166666666666667
蜂窝通信,0,0,3,11,0,4,0,18,2.716666666666667
信号,0,0,0,7,2,2,0,11,1.8416666666666668
资源分配,0,0,9,11,1,0,1,22,2.9833333333333334
发射功率,0,0,0,5,0,1,0,6,0.8666666666666667
用户调度,0,0,0,3,0,0,0,3,0.375
频谱资源,0,0,5,5,1,0,0,11,1.4916666666666667
复用资源,0,0,0,3,0,0,0,3,0.375
干扰协调,0,0,1,3,0,0,0,4,0.5
下行资源,0,0,0,4,0,4,0,8,1.4666666666666668
资源管理,0,0,1,2,0,0,0,3,0.375
sinr,0,0,0,2,0,0,0,2,0.25
d2d接收,0,0,0,2,0,0,0,2,0.25
下行通信,0,0,0,2,0,0,0,2,0.25
接收信干噪比,0,0,0,2,0,0,0,2,0.25
干扰模型,0,0,0,2,0,0,0,2,0.25
系统增益,0,0,0,1,0,0,0,1,0.125
复用蜂窝通信,0,0,0,1,0,0,0,1,0.125
功率控制算法,0,0,1,1,1,0,0,3,0.4916666666666667
接收信干噪比门限,0,0,0,1,0,0,0,1,0.125
资源非正交复用,0,0,0,1,0,0,0,1,0.125
数据传输速率,0,0,1,1,0,0,1,3,0.4916666666666667
资源消耗,0,0,0,1,0,0,0,1,0.125
能耗,1,0,1,5,0,0,0,7,1.75
频带,0,0,0,1,0,0,0,1,0.125
最小化系统,0,0,0,1,0,0,0,1,0.125
业务,0,0,1,1,0,0,0,2,0.25
业务qos,0,0,0,1,0,0,0,1,0.125
误比特率,0,0,0,1,0,0,0,1,0.125
有限资源,0,0,0,1,0,0,0,1,0.125
蜂窝用户资源,0,0,0,1,0,0,0,1,0.125
负载均衡,0,0,0,1,0,1,0,2,0.3666666666666667
承载控制,0,0,0,1,0,0,0,1,0.125
移动性管理,0,0,0,1,0,0,0,1,0.125
分组调度,0,0,0,1,0,0,0,1,0.125
无线资源管理,0,0,0,1,0,0,0,1,0.125
码字,0,0,0,1,0,0,0,1,0.125
空中接口,0,0,0,4,0,0,0,4,0.5
资源利用率,0,0,4,1,0,0,0,5,0.625
专用资源,0,0,0,1,0,0,0,1,0.125
混合模式,0,0,0,1,0,0,0,1,0.125
d2d模式,0,0,3,1,0,1,0,5,0.7416666666666667
bs模式,0,0,0,1,0,0,0,1,0.125
蜂窝模式,0,0,2,1,0,1,0,4,0.6166666666666667
复用增益,0,0,0,1,0,0,0,1,0.125
通信行业,0,0,0,1,0,0,0,1,0.125
d2d通信干扰协调,0,0,0,1,0,0,0,1,0.125
接收方,0,0,0,1,0,0,0,1,0.125
发送方,0,0,0,1,0,0,0,1,0.125
d2d用户通信,0,0,0,1,0,0,0,1,0.125
接收,0,0,2,1,1,1,0,5,0.8583333333333334
d2d用,0,0,0,1,0,0,0,1,0.125
基站信号,0,0,0,1,0,0,0,1,0.125
下行干扰,0,0,0,1,0,0,0,1,0.125
蜂窝用户链路,0,0,0,1,0,0,0,1,0.125
复用蜂窝,0,0,0,1,0,2,0,3,0.6083333333333334
路损指数,0,0,0,1,0,0,0,1,0.125
路损常数,0,0,0,1,0,0,0,1,0.125
信干噪比,0,0,0,1,0,1,0,2,0.3666666666666667
蜂窝基站,0,0,0,1,0,0,0,1,0.125
发送速率,0,0,0,2,2,2,0,6,1.2166666666666668
iped,0,0,0,1,0,0,0,1,0.125
心的分布,0,0,0,1,0,0,0,1,0.125
勇加性高斯白噪声,0,0,0,1,0,0,0,1,0.125
九电,0,0,0,1,0,0,0,1,0.125
路损指数系数,0,0,0,1,0,0,0,1,0.125
路损常数系数,0,0,0,1,0,0,0,1,0.125
hcdi,0,0,0,1,0,0,0,1,0.125
接收口,0,0,0,1,0,0,0,1,0.125
d2d设备,0,0,0,21,2,0,0,23,3.1083333333333334
上行干扰,0,0,0,1,0,0,0,1,0.125
复用上行资源,0,0,0,1,0,0,0,1,0.125
蜂窝混合网络,0,0,1,1,0,1,0,3,0.4916666666666667
干扰控制,1,0,2,2,0,0,1,6,1.7416666666666667
吞吐量,0,0,0,0,0,7,0,7,1.6916666666666667
d2d接收机,0,0,0,0,0,4,0,4,0.9666666666666667
enb,0,0,0,3,0,3,0,6,1.1
due2,0,0,0,0,0,3,0,3,0.725
上行资源,0,0,0,1,0,4,0,5,1.0916666666666668
干扰值,0,0,1,0,1,5,0,7,1.575
上行接收,0,0,0,0,0,2,0,2,0.48333333333333334
due,0,0,0,0,0,2,0,2,0.48333333333333334
d2d接收端,0,0,0,0,0,2,0,2,0.48333333333333334
分配,0,0,0,0,0,2,0,2,0.48333333333333334
蜂窝通信资源,0,0,0,0,0,1,0,1,0.24166666666666667
累加干扰,0,0,0,0,0,1,0,1,0.24166666666666667
发射端,0,0,0,0,0,1,0,1,0.24166666666666667
d2d通信发射端,0,0,0,0,0,1,0,1,0.24166666666666667
d2d链路,0,0,1,1,0,1,0,3,0.4916666666666667
nd,0,0,0,0,0,1,0,1,0.24166666666666667
dt,0,0,0,0,0,1,0,1,0.24166666666666667
叠加干扰,0,0,0,0,0,3,1,4,0.9666666666666667
d2d南户,0,0,0,0,0,1,0,1,0.24166666666666667
d2d复用小区,0,0,0,0,0,1,0,1,0.24166666666666667
累积干扰,0,0,0,0,0,1,0,1,0.24166666666666667
送端,0,0,0,0,0,1,0,1,0.24166666666666667
d2d接收处,0,0,0,0,0,1,0,1,0.24166666666666667
单位功率,0,0,0,0,0,1,0,1,0.24166666666666667
衰落系数,0,0,0,0,0,1,0,1,0.24166666666666667
路损因子,0,0,0,0,0,1,0,1,0.24166666666666667
服从分布,0,0,0,0,0,1,0,1,0.24166666666666667
加性白高斯噪声,0,0,0,0,0,1,0,1,0.24166666666666667
接收信号,0,0,0,0,0,1,0,1,0.24166666666666667
ceue,0,0,0,0,0,1,0,1,0.24166666666666667
泛向enb发送信号,0,0,0,0,0,1,0,1,0.24166666666666667
接收端,0,0,0,0,2,1,0,3,0.725
发送端,0,0,0,0,1,1,0,2,0.48333333333333334
资源干扰模型,0,0,0,0,0,1,0,1,0.24166666666666667
通信复用,0,0,0,0,0,1,0,1,0.24166666666666667
d2d通信复用小区,0,0,0,0,0,1,0,1,0.24166666666666667
通信质量,0,0,0,0,0,1,0,1,0.24166666666666667
融合网络,0,0,0,0,0,1,0,1,0.24166666666666667
传统算法,0,0,0,0,0,1,0,1,0.24166666666666667
仿真,0,0,0,0,0,1,1,2,0.48333333333333334
加权算法,1,0,0,0,0,5,0,6,2.208333333333333
特性,0,0,0,0,0,1,0,1,0.24166666666666667
蜂窝d2d网络,0,0,0,0,0,1,0,1,0.24166666666666667
wca,0,0,0,0,0,2,1,3,0.725
簇头选取算,0,0,0,0,0,1,0,1,0.24166666666666667
组播通信服务,0,0,0,0,0,1,0,1,0.24166666666666667
网络拓扑,0,0,0,0,0,1,0,1,0.24166666666666667
组播传输,0,0,1,0,0,1,0,2,0.3666666666666667
d2d组播簇,0,0,0,0,0,2,0,2,0.48333333333333334
簇首节点,0,0,0,0,0,2,0,2,0.48333333333333334
无线通信系统,0,0,0,1,0,1,0,2,0.3666666666666667
d2d转发组播簇头,0,0,0,0,0,1,0,1,0.24166666666666667
正交资源,0,0,0,0,0,1,0,1,0.24166666666666667
频谱资源利用,0,0,0,0,0,1,0,1,0.24166666666666667
选举动态算法,0,0,0,0,0,1,0,1,0.24166666666666667
d2d组播通信,0,0,1,0,3,0,0,4,0.85
通信模式,0,0,1,0,2,0,0,3,0.6083333333333334
连接,0,0,0,0,2,0,0,2,0.48333333333333334
邻居,1,0,1,3,2,1,0,8,2.225
d2d邻居,0,0,0,12,2,0,0,14,1.9833333333333334
存活时间,0,0,0,0,1,0,0,1,0.24166666666666667
供电,0,0,0,0,1,0,0,1,0.24166666666666667
无线传感网络,0,0,0,0,1,0,0,1,0.24166666666666667
d2d单播通信,0,0,0,0,1,0,0,1,0.24166666666666667
基站通信,0,0,0,0,1,0,0,1,0.24166666666666667
组播转发,0,0,0,0,1,0,0,1,0.24166666666666667
md2md场景,0,0,0,0,1,0,0,1,0.24166666666666667
组播场景,0,0,0,0,1,0,0,1,0.24166666666666667
无线资源分配,0,0,1,1,1,0,0,3,0.4916666666666667
组播簇,0,0,0,0,1,1,0,2,0.48333333333333334
小区边缘用户,0,0,1,0,1,0,0,2,0.3666666666666667
d2d组播转发,0,0,0,0,1,0,0,1,0.24166666666666667
候选节点,0,0,0,0,1,6,0,7,1.6916666666666667
下行信道,0,0,0,1,1,0,0,2,0.3666666666666667
上行信道,0,0,0,0,1,0,0,1,0.24166666666666667
d2d通信系统,0,0,0,1,1,0,0,2,0.3666666666666667
感知,0,0,1,0,1,0,0,2,0.3666666666666667
认知无线电,0,0,0,0,1,0,0,1,0.24166666666666667
体验,0,0,0,0,1,0,0,1,0.24166666666666667
时频资源,0,0,0,1,1,0,0,2,0.3666666666666667
信标信号,0,0,0,0,1,0,0,1,0.24166666666666667
非基站辅助,0,0,0,0,1,0,0,1,0.24166666666666667
基站辅助,0,0,0,0,1,0,0,1,0.24166666666666667
节能,0,0,0,0,1,0,0,1,0.24166666666666667
配对,0,0,0,0,1,0,0,1,0.24166666666666667
d2d辅助组播网络,0,0,0,0,2,0,0,2,0.48333333333333334
辅助组播网络,0,0,0,0,3,0,0,3,0.725
蜂窝网路,0,0,0,0,0,1,0,1,0.24166666666666667
簇头选举,0,0,0,0,0,1,0,1,0.24166666666666667
干扰性,0,0,0,0,0,1,0,1,0.24166666666666667
节点干扰值,1,0,0,0,0,2,1,4,1.725
辅助组播通信,0,0,1,1,0,0,0,2,0.25
服务流程,0,0,0,1,0,0,0,1,0.125
同步,0,0,0,15,0,0,0,15,1.875
转发,0,0,1,2,2,0,0,5,0.8583333333333334
增强层,0,0,0,0,2,0,0,2,0.48333333333333334
基础层,0,0,0,0,2,0,0,2,0.48333333333333334
转发阶段,0,0,0,0,1,0,0,1,0.24166666666666667
随机性,0,0,0,0,1,0,0,1,0.24166666666666667
功率消耗,0,0,1,0,1,0,0,2,0.3666666666666667
信令,0,0,0,0,1,0,0,1,0.24166666666666667
组播网络,0,0,0,0,1,0,0,1,0.24166666666666667
d2d近距离通信,0,0,0,0,1,0,0,1,0.24166666666666667
无线组播通信,0,0,0,0,1,0,0,1,0.24166666666666667
无线组播传输技术,0,0,0,0,1,0,0,1,0.24166666666666667
组播技术,0,0,1,1,1,0,0,3,0.4916666666666667
通信覆盖,0,0,0,0,1,0,0,1,0.24166666666666667
数据发送速率,0,0,0,0,1,0,0,1,0.24166666666666667
发送延时,0,0,0,0,1,0,0,1,0.24166666666666667
能量消耗,0,0,4,0,1,1,0,6,0.9833333333333334
短距离通信,1,0,0,0,1,0,0,2,1.2416666666666667
传统系统,0,0,0,0,1,0,0,1,0.24166666666666667
基础层数据,0,0,0,0,1,0,0,1,0.24166666666666667
源数据,0,0,0,0,1,0,0,1,0.24166666666666667
速率,0,0,3,1,1,0,0,5,0.7416666666666667
信号强度,0,0,0,0,1,0,0,1,0.24166666666666667
无线资源利用率,0,0,0,0,1,0,0,1,0.24166666666666667
单对单,0,0,0,0,1,0,0,1,0.24166666666666667
视频会议,0,0,0,0,1,0,0,1,0.24166666666666667
移动电视,0,0,1,0,1,0,0,2,0.3666666666666667
无线多媒体业务,0,0,0,0,1,0,0,1,0.24166666666666667
无线传输技术,0,0,0,0,1,0,0,1,0.24166666666666667
组播簇头,0,0,0,0,1,0,0,1,0.24166666666666667
门限值,0,0,0,0,0,3,0,3,0.725
曲线,0,0,0,0,0,2,0,2,0.48333333333333334
信噪比,0,0,0,0,0,2,0,2,0.48333333333333334
信噪比门限,0,0,0,0,0,2,0,2,0.48333333333333334
接收信噪比门限,0,0,0,0,0,2,0,2,0.48333333333333334
仿真参数,0,0,0,0,0,2,0,2,0.48333333333333334
数量,0,0,0,0,0,1,0,1,0.24166666666666667
成簇,0,0,0,1,0,2,0,3,0.6083333333333334
连接度数,0,0,0,0,0,1,0,1,0.24166666666666667
成簇数量,0,0,0,0,0,1,0,1,0.24166666666666667
簇数目,0,0,0,0,0,1,0,1,0.24166666666666667
接收信噪比,0,0,0,0,0,1,0,1,0.24166666666666667
可选候选节点,0,0,0,0,0,1,0,1,0.24166666666666667
阈值,0,0,0,0,0,1,0,1,0.24166666666666667
最差链路,0,0,0,0,0,1,0,1,0.24166666666666667
簇内,0,0,0,0,0,1,0,1,0.24166666666666667
簇头候选节点,0,0,0,0,0,3,0,3,0.725
信噪比门限值,0,0,0,0,0,1,0,1,0.24166666666666667
中断容量,0,0,0,0,0,2,0,2,0.48333333333333334
蜂窝网络服务,0,0,0,0,0,1,0,1,0.24166666666666667
用户数量,0,0,0,0,0,1,0,1,0.24166666666666667
分簇迭代次数,0,0,0,0,0,1,0,1,0.24166666666666667
信道模型,0,0,0,0,0,1,0,1,0.24166666666666667
5db设备,0,0,0,0,0,1,0,1,0.24166666666666667
噪声系数,0,0,0,0,0,1,0,1,0.24166666666666667
子载波带宽,0,0,0,0,0,1,0,1,0.24166666666666667
噪声谱密度,0,0,0,0,0,1,0,1,0.24166666666666667
半径,0,0,0,0,0,1,0,1,0.24166666666666667
蜂窝单小区,0,0,0,0,0,1,0,1,0.24166666666666667
参数数,0,0,0,0,0,1,0,1,0.24166666666666667
仿真实验,0,0,0,0,0,1,0,1,0.24166666666666667
仿真參数,0,0,0,0,0,1,0,1,0.24166666666666667
e-mbms,0,0,0,12,0,0,0,12,1.5
协调实体,0,0,0,6,0,0,0,6,0.75
e-utran,0,0,0,6,0,0,0,6,0.75
mce,0,0,0,5,0,0,0,5,0.625
e-mbms业务,0,0,0,5,0,0,0,5,0.625
enodeb,0,0,0,4,0,0,0,4,0.5
mme,0,0,0,4,0,0,0,4,0.5
移动管理实体,0,0,0,3,0,0,0,3,0.375
3g系统,0,0,0,3,0,0,0,3,0.375
中继节点,0,0,0,2,0,0,0,2,0.25
ip组播组,0,0,0,2,0,0,0,2,0.25
用户设备,0,0,0,2,1,0,0,3,0.4916666666666667
确认信息,0,0,0,2,0,0,0,2,0.25
属性,0,0,0,2,0,0,0,2,0.25
请求消息,0,0,0,2,0,0,0,2,0.25
mbms会话,0,0,0,2,0,0,0,2,0.25
gateway,0,0,0,2,0,0,0,2,0.25
e-mbms网关,0,0,0,2,0,0,0,2,0.25
mobilitymanagemententity,0,0,0,2,0,0,0,2,0.25
接口,0,0,0,2,0,0,0,2,0.25
mbms实体,0,0,0,2,0,0,0,2,0.25
m3接口,0,0,0,2,0,0,0,2,0.25
逻辑架构,0,0,0,2,0,0,0,2,0.25
频谱效率,0,0,0,2,0,0,0,2,0.25
组播通信系统,0,0,0,1,0,0,0,1,0.125
d2d短距离通信,0,0,0,1,0,0,0,1,0.125
组播系统,0,0,0,1,0,0,0,1,0.125
多天线mimo,0,0,0,1,0,0,0,1,0.125
衰落,0,0,0,1,0,0,0,1,0.125
抗干扰,0,0,0,1,0,0,0,1,0.125
天线,0,0,0,1,0,0,0,1,0.125
多天线mimo技术,0,0,0,1,0,0,0,1,0.125
单播业务,0,0,0,1,0,0,0,1,0.125
边缘小区,0,0,0,1,0,0,0,1,0.125
结束流程,0,0,0,1,0,0,0,1,0.125
无线接入承载,0,0,0,1,0,0,0,1,0.125
结束请求消息,0,0,0,1,0,0,0,1,0.125
enodebo,0,0,0,1,0,0,0,1,0.125
结束消息请求,0,0,0,1,0,0,0,1,0.125
请求,0,0,0,1,0,0,0,1,0.125
业务结束流程,0,0,0,1,0,0,0,1,0.125
业务通道,0,0,0,1,0,0,0,1,0.125
用户数据,0,0,0,1,0,0,0,1,0.125
无线配置,0,0,0,1,0,0,0,1,0.125
单频网,0,0,0,1,0,0,0,1,0.125
开始消息请求,0,0,0,1,0,0,0,1,0.125
地址,0,0,0,1,0,0,0,1,0.125
发送业务,0,0,0,1,0,0,0,1,0.125
实体,0,0,0,1,0,0,0,1,0.125
移动管理,0,0,0,1,0,0,0,1,0.125
arer,0,0,0,1,0,0,0,1,0.125
enhancedradioaccess,0,0,0,1,0,0,0,1,0.125
mbmse-rab,0,0,0,1,0,0,0,1,0.125
epc,0,0,0,6,0,0,0,6,0.75
子流程,0,0,0,1,0,0,0,1,0.125
控制面板接口,0,0,0,1,0,0,0,1,0.125
核心网,0,0,0,1,0,0,0,1,0.125
内部控制面板接口,0,0,0,1,0,0,0,1,0.125
用户面接口,0,0,0,1,0,0,0,1,0.125
mukicastcoordinationentity,0,0,0,1,0,0,0,1,0.125
multbceo,0,0,0,1,0,0,0,1,0.125
多播协调实体,0,0,0,1,0,0,0,1,0.125
多小区,0,0,0,1,0,0,0,1,0.125
mbms网关,0,0,0,1,0,0,0,1,0.125
mbmsgw,0,0,0,1,0,0,0,1,0.125
内部控制平面接口,0,0,0,1,0,0,0,1,0.125
平面接口,0,0,0,1,0,0,0,1,0.125
multicastcoordination,0,0,0,1,0,0,0,1,0.125
-cell,0,0,0,1,0,0,0,1,0.125
组播协调实体,0,0,0,1,0,0,0,1,0.125
小区,0,0,1,1,0,0,0,2,0.25
数据分发,0,0,0,1,0,0,0,1,0.125
用户平面接口,0,0,0,1,0,0,0,1,0.125
evolved-nodeb,0,0,0,1,0,0,0,1,0.125
gw,0,0,0,1,0,0,0,1,0.125
控制平面,0,0,0,1,0,0,0,1,0.125
用户平面,0,0,0,1,0,0,0,1,0.125
组播逻辑协调实体,0,0,0,1,0,0,0,1,0.125
accessnet,0,0,0,1,0,0,0,1,0.125
evolveduniversalterrestrialradio,0,0,0,1,0,0,0,1,0.125
陆地无线接入网络,0,0,0,1,0,0,0,1,0.125
用户面,0,0,0,1,0,0,0,1,0.125
控制面板,0,0,0,1,0,0,0,1,0.125
功能,0,0,0,1,0,0,0,1,0.125
网络架构,0,0,0,1,0,0,0,1,0.125
mbms架构,0,0,0,1,0,0,0,1,0.125
多媒体数据,0,0,0,1,0,0,0,1,0.125
传输能力,0,0,0,1,0,0,0,1,0.125
物理层,0,0,0,1,0,0,0,1,0.125
上行反馈,0,0,0,1,0,0,0,1,0.125
射频接收技术,0,0,0,1,0,0,0,1,0.125
ofdm,0,0,0,1,0,0,0,1,0.125
复杂度,0,0,0,2,0,0,0,2,0.25
增强,0,0,0,1,0,0,0,1,0.125
增强型,0,0,0,1,0,0,0,1,0.125
lte/lte-a通信系统,0,0,0,1,0,0,0,1,0.125
增强型多媒体广播,0,0,0,1,0,0,0,1,0.125
发现信号,0,0,0,11,0,0,0,11,1.375
运营商,0,0,0,9,0,0,0,9,1.125
同步信号源,0,0,0,8,0,0,0,8,1.0
同步信号,0,0,0,7,0,0,0,7,0.875
直接信号,0,0,0,4,0,0,0,4,0.5
邻居发现,0,0,0,2,0,0,1,3,0.4916666666666667
wi-fidirect,0,0,3,2,0,0,0,5,0.625
sd2dss,0,0,0,2,0,0,0,2,0.25
pd2dss,0,0,0,2,0,0,0,2,0.25
d2dss,0,0,0,2,0,0,0,2,0.25
d2d同步信号源,0,0,0,2,0,0,0,2,0.25
zc序列,0,0,0,2,0,0,0,2,0.25
同步系统,0,0,0,2,0,0,0,2,0.25
tdd,0,0,0,1,0,0,0,1,0.125
ltetdd系统,0,0,0,1,0,0,0,1,0.125
ltefdd系统,0,0,0,3,0,0,0,3,0.375
flte频段,0,0,0,1,0,0,0,1,0.125
ltelte,0,0,0,1,0,0,0,1,0.125
定位,0,0,0,1,0,0,0,1,0.125
资源分配方案,0,0,0,1,0,0,0,1,0.125
授权,0,0,0,1,0,0,0,1,0.125
邻居设备,0,0,0,1,0,0,0,1,0.125
应用层,0,0,0,1,0,0,0,1,0.125
流程,0,0,0,1,0,0,0,1,0.125
发现,0,0,0,1,0,0,0,1,0.125
无蜂窝网络,0,0,0,1,0,0,0,1,0.125
安全性管理,0,0,0,1,0,0,0,1,0.125
检测信标信号,0,0,0,1,0,0,0,1,0.125
异步,0,0,0,1,0,0,0,1,0.125
蓝牙系统,0,0,0,1,0,0,0,1,0.125
应急救援,0,0,0,1,0,0,0,1,0.125
折扣信息,0,0,0,1,0,0,0,1,0.125
优惠券,0,0,0,1,0,0,0,1,0.125
商店,0,0,0,1,0,0,0,1,0.125
移动营销,0,0,0,1,0,0,0,1,0.125
好友,0,0,0,1,0,0,0,1,0.125
移动社交网络,0,0,0,1,0,0,0,1,0.125
运营商网络,0,0,0,1,0,0,0,1,0.125
异步蜂窝网络,0,0,0,1,0,0,0,1,0.125
播同步信号,0,0,0,1,0,0,0,1,0.125
d2d系统,0,0,0,1,0,0,0,1,0.125
优先级,0,0,0,1,0,0,0,1,0.125
d2ds,0,0,0,1,0,0,0,1,0.125
接收机,0,0,0,1,0,1,0,2,0.3666666666666667
m序列,0,0,0,1,0,0,0,1,0.125
secondaryd2dsynchronization,0,0,0,1,0,0,0,1,0.125
辅d2d同步信号,0,0,0,1,0,0,0,1,0.125
d2dsynchroniza,0,0,0,1,0,0,0,1,0.125
prima,0,0,0,1,0,0,0,1,0.125
主d2d同步信号,0,0,0,1,0,0,0,1,0.125
非基站,0,0,0,1,0,0,0,1,0.125
sss,0,0,0,1,0,0,0,1,0.125
pss,0,0,0,1,0,0,0,1,0.125
d2d同步信号,0,0,0,1,0,0,0,1,0.125
无蜂窝,0,0,0,1,0,0,0,1,0.125
同步源,0,0,0,1,0,0,0,1,0.125
蜂窝覆盖场景,0,0,0,1,0,0,0,1,0.125
d2d簇,0,0,0,1,0,0,0,1,0.125
射频模块,0,0,0,1,0,0,0,1,0.125
复用zc序列,0,0,0,1,0,0,0,1,0.125
接收解调zc序列,0,0,0,1,0,0,0,1,0.125
802.11,0,0,0,1,0,0,0,1,0.125
多载波调制,0,0,0,1,0,0,0,1,0.125
lte系统,0,0,1,2,0,0,0,3,0.375
异步系统,0,0,0,1,0,0,0,1,0.125
ofdma,0,0,0,1,0,0,0,1,0.125
sc-fdma,0,0,0,1,0,0,0,1,0.125
调制技术,0,0,0,1,0,0,0,1,0.125
同步的系统,0,0,0,1,0,0,0,1,0.125
分析算法,0,0,0,0,1,0,0,1,0.24166666666666667
效率,0,0,1,1,0,0,0,2,0.25
数据传输质量,0,0,1,0,0,0,0,1,0.125
簇头算法,0,0,1,0,0,0,0,1,0.125
加权选择算法,0,0,1,0,0,0,0,1,0.125
mbms广播组播服务,0,0,1,0,0,0,0,1,0.125
d2d分簇,0,0,1,0,0,0,0,1,0.125
mbms技,0,0,0,1,0,0,0,1,0.125
无线通信,0,0,1,1,0,0,1,3,0.4916666666666667
d2d通值技术,0,0,0,1,0,0,0,1,0.125
模式,0,0,3,0,0,0,0,3,0.375
反馈,0,0,3,0,0,0,0,3,0.375
传输延迟,0,0,3,0,0,0,0,3,0.375
蜂窝控制,0,0,3,0,0,0,0,3,0.375
资源集合,0,0,2,0,0,0,0,2,0.25
干扰管理,0,0,2,1,0,0,0,3,0.375
信道条件,0,0,2,0,0,0,0,2,0.25
空分复用增益,0,0,2,0,0,0,0,2,0.25
覆盖,0,0,2,0,0,0,0,2,0.25
分布式网络,0,0,2,0,0,0,0,2,0.25
近距离通信,0,0,2,0,0,0,1,3,0.4916666666666667
分族机制,0,0,1,0,0,0,0,1,0.125
d2d混合网络,0,0,1,0,0,0,0,1,0.125
d2d辅助组播分簇机制,0,0,1,0,0,0,0,1,0.125
组播分簇算法,0,0,1,0,0,0,0,1,0.125
资源占用率,0,0,1,0,0,0,0,1,0.125
正常通信,0,0,1,0,0,0,0,1,0.125
簇管理,0,0,1,0,0,0,0,1,0.125
反馈机制,0,0,1,0,0,0,0,1,0.125
mimo系统,0,0,1,0,0,0,0,1,0.125
用户接纳控制,0,0,1,0,0,0,0,1,0.125
累积分布函数,0,0,1,0,0,0,0,1,0.125
信干燥比,0,0,1,0,0,0,0,1,0.125
齐次泊松过程,0,0,1,0,0,0,0,1,0.125
用户速率,0,0,1,0,0,0,0,1,0.125
频谱分配,0,0,1,0,0,0,0,1,0.125
着色,0,0,1,0,0,0,0,1,0.125
资源分配算法,0,0,1,0,0,0,0,1,0.125
资源频谱,0,0,1,0,0,0,0,1,0.125
d2d复用蜂窝,0,0,1,0,0,0,0,1,0.125
均衡路径,0,0,1,0,0,0,0,1,0.125
n-arytree,0,0,1,0,0,0,0,1,0.125
竞拍,0,0,1,0,0,0,0,1,0.125
择算法,0,0,1,0,0,0,0,1,0.125
干扰限制,0,0,1,0,0,0,0,1,0.125
序列,0,0,1,0,0,0,0,1,0.125
功率效用值,0,0,1,0,0,0,0,1,0.125
联合模式,0,0,1,0,0,0,0,1,0.125
蜂窝辅助,0,0,1,0,0,0,0,1,0.125
非授权频段,0,0,1,0,0,0,0,1,0.125
资源共享,0,0,1,0,0,0,0,1,0.125
underlay,0,0,1,0,0,0,0,1,0.125
lte-advance系统,0,0,1,0,0,0,0,1,0.125
覆盖性能,0,0,1,0,0,0,0,1,0.125
无线中继,0,0,1,0,0,0,0,1,0.125
数据共享业务,0,0,1,0,0,0,0,1,0.125
d2d通信距离,0,0,1,0,0,0,0,1,0.125
协作通信,0,0,1,0,0,0,0,1,0.125
分布特性,0,0,1,0,0,0,0,1,0.125
蜂窝链路,0,0,1,0,0,0,0,1,0.125
标准,0,0,1,0,0,0,0,1,0.125
lte-advance,0,0,1,0,0,0,0,1,0.125
d2d组播簇头,0,0,1,0,0,0,0,1,0.125
信令开销,0,0,1,0,0,0,0,1,0.125
簇头更新算法,0,0,1,0,0,0,0,1,0.125
信道状,0,0,1,0,0,0,0,1,0.125
信道状况,0,0,1,0,0,0,0,1,0.125
中继簇,0,0,1,0,0,0,0,1,0.125
中继簇头,0,0,1,0,0,0,0,1,0.125
组播频谱资源,0,0,1,0,0,0,0,1,0.125
频率资源,0,0,1,0,0,0,0,1,0.125
组播中继转发,0,0,1,0,0,0,0,1,0.125
组播组,0,0,1,0,0,0,0,1,0.125
蜂窝信号,0,0,1,0,0,0,0,1,0.125
移动中继,0,0,1,0,0,0,0,1,0.125
组播通信技术,0,0,1,0,0,0,0,1,0.125
d2d辅助组播技术,0,0,1,0,0,0,0,1,0.125
基站负载,0,0,1,0,0,0,0,1,0.125
带宽压力,0,0,1,0,0,0,0,1,0.125
基站组播业务,0,0,1,0,0,0,0,1,0.125
蜂窝混合通信系统,0,0,1,0,0,0,0,1,0.125
组播用户终端,0,0,1,0,0,0,0,1,0.125
组播吞吐量量,0,0,1,0,0,0,0,1,0.125
接收用户,0,0,1,0,0,0,0,1,0.125
无线组播技术,0,0,1,0,0,0,0,1,0.125
资源利用效率,0,0,1,0,0,0,0,1,0.125
演唱会,0,0,1,0,0,0,0,1,0.125
剧院,0,0,1,0,0,0,0,1,0.125
电影院,0,0,1,0,0,0,0,1,0.125
组网,0,0,1,0,0,0,0,1,0.125
基站覆盖,0,0,1,0,0,0,0,1,0.125
协议融合,0,0,1,0,0,0,0,1,0.125
ad-hoc网,0,0,1,0,0,0,0,1,0.125
蜂窝网,1,0,1,0,0,0,0,2,1.125
mesh,0,0,1,0,0,0,0,1,0.125
无线网格,0,0,1,0,0,0,0,1,0.125
融合,0,0,1,0,0,0,0,1,0.125
通信机制,0,0,1,0,0,0,0,1,0.125
终端设备,0,0,1,0,0,0,0,1,0.125
网络结,0,0,1,0,0,0,0,1,0.125
调度功能,0,0,1,0,0,0,0,1,0.125
近距离通信系统,0,0,1,0,0,0,0,1,0.125
控制节点,0,0,1,0,0,0,0,1,0.125
流量管理,0,0,1,0,0,0,0,1,0.125
路由,0,0,1,0,0,0,0,1,0.125
网络控制,0,0,1,0,0,0,0,1,0.125
中心,0,0,1,0,0,0,0,1,0.125
无线自组织网络,0,0,1,0,0,0,0,1,0.125
频谱间干扰能力,0,0,1,0,0,0,0,1,0.125
通信距离,0,0,1,0,0,0,0,1,0.125
直连通信,0,0,1,0,0,0,0,1,0.125
工科医频段,0,0,1,0,0,0,0,1,0.125
免认证频段,0,0,1,0,0,0,0,1,0.125
ad-hoc,0,0,1,0,0,0,0,1,0.125
lte-advance通信网络,0,0,1,0,0,0,0,1,0.125
延迟,0,0,1,0,0,0,1,2,0.3666666666666667
device,2,0,1,0,0,0,0,3,2.125
device-to,0,0,1,0,0,0,0,1,0.125
数据通信,0,0,1,0,0,0,0,1,0.125
本地化,0,0,1,0,0,0,0,1,0.125
蜂窝组网,0,0,1,0,0,0,0,1,0.125
系统覆盖,0,0,1,0,0,0,0,1,0.125
5g系统,0,0,1,0,0,0,0,1,0.125
移动通信系统,0,0,1,0,0,0,0,1,0.125
无线通信技术,0,0,1,0,0,0,0,1,0.125
商用无线通信系统,0,0,1,0,0,0,0,1,0.125
移动游戏,0,0,1,0,0,0,0,1,0.125
无线视频,0,0,1,0,0,0,0,1,0.125
无线多媒体,0,0,1,0,0,0,0,1,0.125
中继转发阶,0,0,0,0,0,0,1,1,0.24166666666666667
d2d转发簇,0,0,0,0,0,0,1,1,0.24166666666666667
d2d簇头,0,0,0,0,0,0,1,1,0.24166666666666667
分簇阶段,0,0,0,0,0,0,1,1,0.24166666666666667
权重,0,0,0,0,0,3,1,4,0.9666666666666667
网络干扰模型,0,0,0,0,0,0,1,1,0.24166666666666667
组播场,0,0,0,0,0,0,1,1,0.24166666666666667
imt-advanced通信网络,0,0,0,0,0,0,1,1,0.24166666666666667
频谱压力,0,0,0,0,0,0,1,1,0.24166666666666667
无线技术,0,0,0,0,0,0,1,1,0.24166666666666667
非正交,0,0,0,3,0,0,0,3,0.375
控制,0,0,0,3,0,1,0,4,0.6166666666666667
资源复用,0,0,0,2,0,0,0,2,0.25
上行,0,0,0,2,0,0,0,2,0.25
正交分配,0,0,0,2,0,0,0,2,0.25
d2d通信资源,0,0,0,1,0,0,0,1,0.125
干扰叫,0,0,0,1,0,0,0,1,0.125
非正交复用,0,0,0,1,0,0,0,1,0.125
空闲无线资源,0,0,0,1,0,0,0,1,0.125
下行,0,0,0,1,0,0,0,1,0.125
cellularue,0,0,0,1,0,0,0,1,0.125
d2due,0,0,0,1,0,0,0,1,0.125
lte-a系统,0,0,0,1,0,0,0,1,0.125
信令负荷,0,0,0,1,0,0,0,1,0.125
信道质量信息,0,0,0,1,0,0,0,1,0.125
分布式控制,0,0,0,1,0,0,0,1,0.125
集中式控制,0,0,0,1,0,0,0,1,0.125
权值,0,0,0,0,0,5,0,5,1.2083333333333333
权重因子,0,0,0,0,0,3,0,3,0.725
wca算法,0,0,0,0,0,3,0,3,0.725
因子,0,0,0,0,0,2,0,2,0.48333333333333334
系数,0,0,0,0,0,1,0,1,0.24166666666666667
加权系数,0,0,0,0,0,1,0,1,0.24166666666666667
移动速度,0,0,0,0,0,2,0,2,0.48333333333333334
簇头选举过程,0,0,0,0,0,1,0,1,0.24166666666666667
成员,0,0,0,0,0,1,0,1,0.24166666666666667
加权因子,0,0,0,0,0,1,0,1,0.24166666666666667
电量,0,0,0,0,0,1,0,1,0.24166666666666667
持续时间,0,0,0,0,0,1,0,1,0.24166666666666667
累积时间,0,0,0,0,0,1,0,1,0.24166666666666667
平均移动速度,0,0,0,0,0,1,0,1,0.24166666666666667
增益,0,0,0,0,0,1,0,1,0.24166666666666667
通信范围,0,0,0,0,0,1,0,1,0.24166666666666667
网幻,0,0,0,0,0,1,0,1,0.24166666666666667
单跳邻居数,0,0,0,0,0,1,0,1,0.24166666666666667
成簇过,0,0,0,0,0,1,0,1,0.24166666666666667
权重信息,0,0,0,0,0,1,0,1,0.24166666666666667
节点信息,0,0,0,0,0,1,0,1,0.24166666666666667
weightedclusteringalgorithm,0,0,0,0,0,1,0,1,0.24166666666666667
加权分簇算法,0,0,0,0,0,2,0,2,0.48333333333333334
簇间干扰,0,0,0,0,0,3,0,3,0.725
相对速度,0,0,0,0,0,2,0,2,0.48333333333333334
速度,0,0,0,0,0,2,0,2,0.48333333333333334
信道容量,0,0,0,0,0,2,0,2,0.48333333333333334
2md,0,0,0,0,0,2,0,2,0.48333333333333334
37率,0,0,0,0,0,1,0,1,0.24166666666666667
发送功,0,0,0,0,0,1,0,1,0.24166666666666667
簇头选择权值,0,0,0,0,0,1,0,1,0.24166666666666667
速度向量,0,0,0,0,0,1,0,1,0.24166666666666667
d2d转发,0,0,0,0,0,1,0,1,0.24166666666666667
数据转发,0,0,0,0,0,1,0,1,0.24166666666666667
簇头间干扰,0,0,0,0,0,1,0,1,0.24166666666666667
蜂窝用户干扰,0,0,0,0,0,1,0,1,0.24166666666666667
千扰值,0,0,0,0,0,1,0,1,0.24166666666666667
协作组,0,0,0,0,0,1,0,1,0.24166666666666667
转发簇,0,0,0,0,0,1,0,1,0.24166666666666667
candidate,0,0,0,0,0,1,0,1,0.24166666666666667
组播服务速率,0,0,0,0,0,1,0,1,0.24166666666666667
信道信息,0,0,0,0,0,1,0,1,0.24166666666666667
D2D辅助组播,0,1,0,0,0,0,0,1,2.0
助组播,1,0,0,0,0,0,0,1,1.0
簇头选取算法,1,0,0,0,0,0,0,1,1.0
组播通信速率,1,0,0,0,0,0,0,1,1.0
计算机仿真,1,0,0,0,0,0,0,1,1.0
蜂窝组播服务,1,0,0,0,0,0,0,1,1.0
accesspoint,1,0,0,0,0,0,0,1,1.0
直接通信,1,0,0,0,0,0,0,1,1.0
imt-advanced系统,1,0,0,0,0,0,0,1,1.0
