,摘要,关键词,第一章,第二章,第三章,第四章,第五章,总词频,加权得分
一体化波形设计,0,0,7,0,1,1,0,9,1.3583333333333334
雷达通信,0,0,28,8,6,4,1,47,7.158333333333333
波形复用技术,0,0,1,0,0,0,0,1,0.125
波形融合技术,0,0,1,0,0,0,0,1,0.125
雷达系统,0,0,4,32,0,0,1,37,4.741666666666666
无线通信系统,0,0,1,15,0,0,2,18,2.4833333333333334
通信一体化技术,0,0,1,0,0,0,0,1,0.125
雷达,4,0,37,16,19,5,2,83,16.90833333333333
ofdm信号,1,0,14,12,0,3,2,32,5.458333333333333
子载波,1,0,4,10,14,7,0,36,7.825
ofdm符号,0,0,0,10,5,6,0,21,3.908333333333333
ofdm,1,0,15,10,4,3,3,36,6.541666666666666
一体化系统,0,0,2,5,6,0,1,14,2.5666666666666664
信号,0,0,7,20,7,1,1,36,5.55
时域基带信号,0,0,0,4,0,0,0,4,0.5
ofdm脉冲,0,0,0,4,1,10,0,15,3.158333333333333
雷达信号,0,0,9,7,0,0,0,16,2.0
通信,0,0,17,7,1,0,0,25,3.2416666666666667
循环前缀,0,0,2,3,4,1,0,10,1.8333333333333333
符号间隔,0,0,0,3,0,0,0,3,0.375
通信信号,0,0,7,5,1,0,0,13,1.7416666666666667
源一体化系统,0,0,0,2,0,0,0,2,0.25
通信信息,1,0,5,3,1,0,0,10,2.2416666666666667
持续时间,0,0,2,2,4,2,0,10,1.95
矩阵,0,0,1,2,2,4,0,9,1.825
符号,0,0,3,2,6,3,0,14,2.8
频率,0,0,4,4,0,0,0,8,1.0
子数据流,0,0,0,2,0,0,0,2,0.25
解码,0,0,0,3,0,0,0,3,0.375
数据流,0,0,0,2,0,0,0,2,0.25
ifft,0,0,0,2,0,0,0,2,0.25
数据,0,0,5,2,6,1,0,14,2.5666666666666664
串并变换,0,0,0,2,0,0,0,2,0.25
频谱效率,1,0,4,2,6,0,0,13,3.2
子载波间隔,0,0,0,2,0,0,0,2,0.25
符号速率,0,0,2,2,0,0,0,4,0.5
雷达回波信号,0,0,0,1,0,0,0,1,0.125
一体化信号,0,0,3,2,3,3,0,11,2.075
雷达序列,0,0,0,1,0,0,0,1,0.125
波形设计,2,0,1,2,0,1,0,6,2.6166666666666667
运动状态,0,0,0,1,2,0,0,3,0.6083333333333334
距离,2,0,11,3,16,24,1,57,13.658333333333333
下变频,0,0,0,1,0,0,0,1,0.125
天线阵列,0,0,0,1,1,0,0,2,0.3666666666666667
回波信号,0,0,2,3,2,0,0,7,1.1083333333333334
待测雷达,0,0,0,1,0,0,0,1,0.125
融合信号,1,0,0,1,0,0,0,2,1.125
ofdm解调,0,0,0,1,0,0,0,1,0.125
同步,0,0,0,2,2,0,0,4,0.7333333333333334
变频,0,0,0,1,0,1,0,2,0.3666666666666667
空间,0,0,0,5,0,0,0,5,0.625
高载频频段,0,0,0,1,0,0,0,1,0.125
射频,0,0,0,1,0,0,0,1,0.125
ofdm基带时域信号,0,0,0,1,0,0,0,1,0.125
雷达通信一体化通用系统,0,0,0,1,0,0,0,1,0.125
一体化通用系统架构,0,0,0,1,0,0,0,1,0.125
通信数据传输速率,0,0,1,1,2,0,0,4,0.7333333333333334
参数信息,0,0,0,1,0,0,0,1,0.125
目标,0,0,0,1,0,1,0,2,0.3666666666666667
目标探测,0,0,5,1,0,2,0,8,1.2333333333333334
波形,0,0,12,3,0,6,2,23,3.8083333333333336
雷达通信一体化系统,0,0,4,1,3,0,1,9,1.5916666666666668
接收机,0,0,3,1,2,3,0,9,1.7083333333333333
数据子载波,0,0,4,1,5,7,0,17,3.525
雷达子载波,0,0,0,1,23,7,0,31,7.375
正交性,0,0,2,1,1,0,0,4,0.6166666666666667
模糊函数,0,0,1,1,0,0,0,2,0.25
多路复用增益处理,0,0,0,1,0,0,0,1,0.125
频率正交性,0,0,0,1,0,0,0,1,0.125
带宽,0,0,6,7,12,6,0,31,5.975
0fdm雷达信号,0,0,0,1,0,0,0,1,0.125
inversefastfouriertransform,0,0,0,1,0,0,0,1,0.125
快速逆傅里叶变换,0,0,0,1,0,0,0,1,0.125
多载波相位编码,0,0,0,1,0,0,0,1,0.125
子载波间干扰,0,0,0,1,0,0,0,1,0.125
符号间干扰,0,0,0,1,1,0,0,2,0.3666666666666667
数据传输速率,1,0,5,1,2,0,0,9,2.2333333333333334
一体化波形,2,0,16,2,2,8,4,34,7.633333333333333
循环,0,0,0,1,0,0,0,1,0.125
复数数据,0,0,0,1,0,0,0,1,0.125
二进制数据调,0,0,0,1,0,0,0,1,0.125
phaseshiftkeying,0,0,0,1,0,0,0,1,0.125
相移键控,0,0,0,1,0,0,0,1,0.125
qam,0,0,0,1,0,0,0,1,0.125
quadratureamplitudemodulation,0,0,0,1,0,0,0,1,0.125
正交幅度调制,0,0,0,1,0,0,0,1,0.125
ofdm子载波,0,0,0,1,1,0,0,2,0.3666666666666667
行向量,0,0,0,1,0,1,0,2,0.3666666666666667
列向量,0,0,0,1,0,2,0,3,0.6083333333333334
矩形窗函数,0,0,0,1,0,0,0,1,0.125
符号索引,0,0,0,1,0,1,0,2,0.3666666666666667
子载波索引,0,0,0,1,0,1,0,2,0.3666666666666667
子载波数量,0,0,0,1,1,0,0,2,0.3666666666666667
上调制,0,0,0,1,0,0,0,1,0.125
频资源格,0,0,0,1,0,0,0,1,0.125
时频资源,0,0,1,1,1,3,0,6,1.2166666666666668
ofdm调制信号,0,0,0,1,0,0,0,1,0.125
子数据流调制,0,0,0,1,0,0,0,1,0.125
正交子载波,0,0,0,1,0,0,0,1,0.125
串并变化器,0,0,0,1,0,0,0,1,0.125
比特速率,0,0,0,1,0,0,0,1,0.125
信息流速率,0,0,0,1,0,0,0,1,0.125
时频,0,0,0,1,0,0,0,1,0.125
载波,0,0,0,1,1,1,0,3,0.6083333333333334
频域信号,0,0,0,1,0,0,0,1,0.125
时域信号,0,0,0,1,0,1,0,2,0.3666666666666667
fft,0,0,0,1,0,0,0,1,0.125
接收端,1,0,8,1,0,3,0,13,2.85
发送链路调制,0,0,0,1,0,0,0,1,0.125
解调过程,0,0,0,1,0,0,0,1,0.125
接收链路,0,0,0,1,0,0,0,1,0.125
相干时间长度,0,0,0,1,0,0,0,1,0.125
信道,0,0,1,2,0,0,0,3,0.375
长度,0,0,0,1,1,1,0,3,0.6083333333333334
载波间干扰,0,0,1,1,1,0,0,3,0.4916666666666667
多径效应,0,0,0,1,0,0,0,1,0.125
时间间隔,0,0,0,1,0,0,0,1,0.125
保护,0,0,0,1,0,0,0,1,0.125
发射数据,0,0,0,1,0,0,0,1,0.125
时域离散信号,0,0,0,1,0,0,0,1,0.125
频域离散信号,0,0,0,1,0,0,0,1,0.125
分路,0,0,0,1,0,0,0,1,0.125
信道编码,0,0,0,1,0,0,0,1,0.125
信源编码,0,0,0,1,0,0,0,1,0.125
基带数据比特,0,0,0,1,0,0,0,1,0.125
发射链路,0,0,0,1,0,0,0,1,0.125
干扰,0,0,7,2,0,0,0,9,1.125
选择性衰落,0,0,0,1,0,0,0,1,0.125
多载波,0,0,1,1,0,0,0,2,0.25
重叠,0,0,0,1,0,0,0,1,0.125
频谱,0,0,2,1,1,1,0,5,0.8583333333333334
单载波,0,0,1,1,0,0,0,2,0.25
传输速率,0,0,2,2,1,1,0,6,0.9833333333333334
传输比特速率,0,0,0,1,0,0,0,1,0.125
数据传输,0,0,4,3,0,0,0,7,0.875
多载波调制,0,0,0,1,0,0,0,1,0.125
子信道,0,0,0,1,0,0,0,1,0.125
宽带信道,0,0,0,1,0,0,0,1,0.125
ofdm技术,0,0,1,1,0,0,0,2,0.25
雷达通信一体化系统架构,0,0,0,1,0,0,0,1,0.125
脉冲,0,0,0,1,13,25,1,40,9.55
子块,0,0,0,0,6,0,0,6,1.45
通信子载波,0,0,0,0,7,0,0,7,1.6916666666666667
数据符号,0,0,0,0,2,0,0,2,0.48333333333333334
导频符号,0,0,0,0,2,0,0,2,0.48333333333333334
导频序列,0,0,0,0,3,5,0,8,1.9333333333333333
位置,0,0,0,0,2,0,0,2,0.48333333333333334
imp-ofdm,3,0,2,0,33,3,0,41,11.95
比特,0,0,1,0,5,5,0,11,2.5416666666666665
psk调制,0,0,0,0,3,1,0,4,0.9666666666666667
分辨率,0,0,6,1,2,0,0,9,1.3583333333333334
调节速度,0,0,0,0,1,0,0,1,0.24166666666666667
多普勒频移,0,0,1,1,5,1,0,8,1.7
脉冲重复周期,0,0,0,0,2,1,0,3,0.725
静止时间,0,0,0,0,1,0,0,1,0.24166666666666667
载波频率,0,0,1,0,1,2,0,4,0.85
上变频调制,0,0,0,0,1,0,0,1,0.24166666666666667
基带信号,0,0,0,0,3,3,0,6,1.45
血肌,0,0,0,0,1,0,0,1,0.24166666666666667
时频资源格,0,0,1,0,1,1,0,3,0.6083333333333334
qpm,0,0,0,0,1,0,0,1,0.24166666666666667
导频,0,1,2,4,6,1,0,14,4.441666666666666
psk调制数据,0,0,0,0,1,0,0,1,0.24166666666666667
脉冲整形函数,0,0,0,0,1,0,0,1,0.24166666666666667
脉冲重复间隔,0,0,0,0,1,0,0,1,0.24166666666666667
载波频率间隔,0,0,0,0,1,0,0,1,0.24166666666666667
imp-ofdm符号,0,0,0,0,3,0,0,3,0.725
脉冲索引,0,0,0,0,1,1,0,2,0.48333333333333334
调制域,0,0,0,0,1,0,0,1,0.24166666666666667
utpj,0,0,0,0,1,0,0,1,0.24166666666666667
工-mt厂,0,0,0,0,1,0,0,1,0.24166666666666667
时域,0,0,0,2,2,1,0,5,0.975
imp-ofdm基带信号,0,0,0,0,1,0,0,1,0.24166666666666667
idft,0,0,0,0,4,3,0,7,1.6916666666666667
快速傅里叶逆变换,0,0,0,0,1,0,0,1,0.24166666666666667
发射信号,0,0,2,4,2,7,0,15,2.925
传输,0,0,3,1,1,0,0,5,0.7416666666666667
位置映射矩阵,0,0,0,0,1,0,0,1,0.24166666666666667
ofdm数据,0,0,0,0,1,2,0,3,0.725
维度,0,0,0,0,1,1,0,2,0.48333333333333334
候选序列,0,0,0,0,1,0,0,1,0.24166666666666667
gold序列,0,0,0,0,1,0,0,1,0.24166666666666667
m序列,0,0,2,0,1,0,0,3,0.4916666666666667
巴克码,0,0,0,0,1,0,0,1,0.24166666666666667
自相关函数,0,0,0,0,1,2,0,3,0.725
pslr,0,0,0,0,1,0,0,1,0.24166666666666667
旁瓣比,0,0,0,0,1,0,0,1,0.24166666666666667
低峰值,0,0,0,0,1,0,0,1,0.24166666666666667
索引矩阵,0,0,0,0,1,0,0,1,0.24166666666666667
雷达相干处,0,0,0,0,1,0,0,1,0.24166666666666667
元素,0,0,0,0,1,1,0,2,0.48333333333333334
向量,0,0,0,0,1,1,0,2,0.48333333333333334
十进制,0,0,0,0,1,0,0,1,0.24166666666666667
比特数,0,0,0,0,1,2,0,3,0.725
imp-ofdm脉冲,0,0,0,0,1,0,0,1,0.24166666666666667
比特个数,0,0,0,0,1,0,0,1,0.24166666666666667
信息,0,0,13,4,2,3,0,22,3.333333333333333
子载波位置,0,0,0,0,1,0,0,1,0.24166666666666667
索引调制,2,1,5,0,2,13,1,24,8.491666666666667
比特流,0,0,0,0,1,0,0,1,0.24166666666666667
相干处理时间间隔,0,0,0,0,4,4,0,8,1.9333333333333333
雷达脉冲,0,0,0,0,1,0,0,1,0.24166666666666667
导频子载波,1,0,7,1,7,30,0,46,10.941666666666666
雷达探测,3,0,19,4,2,1,0,29,6.6
ofdm发射信号,0,0,0,0,1,0,0,1,0.24166666666666667
jrcs发射信号模型,0,0,0,0,1,0,0,1,0.24166666666666667
dm,0,0,1,0,1,0,0,2,0.3666666666666667
imp,0,0,0,0,2,0,0,2,0.48333333333333334
速度,2,0,10,2,18,4,1,37,9.058333333333334
峰值,0,0,3,0,5,14,0,22,4.966666666666667
速度分辨率,1,0,1,1,5,7,0,15,4.15
距离分辨率,1,0,1,0,4,6,0,12,3.5416666666666665
索引,0,0,0,0,2,0,0,2,0.48333333333333334
指数,0,0,0,0,2,0,0,2,0.48333333333333334
尖峰,0,0,0,0,2,4,0,6,1.45
相对速度,0,0,3,0,17,10,0,30,6.9
土丁,0,0,0,0,1,0,0,1,0.24166666666666667
不模糊距离,0,0,0,0,4,0,0,4,0.9666666666666667
模糊,0,0,0,0,1,0,0,1,0.24166666666666667
分辨率性能,0,0,0,0,1,0,0,1,0.24166666666666667
雷达处理,0,0,3,0,1,2,0,6,1.1
步长,0,0,0,0,1,0,0,1,0.24166666666666667
离散相移,0,0,0,0,1,0,0,1,0.24166666666666667
时间轴,0,0,0,0,1,0,0,1,0.24166666666666667
频率轴,0,0,0,1,1,0,0,2,0.3666666666666667
多普勒项速度分量,0,0,0,0,1,0,0,1,0.24166666666666667
时延项,0,0,0,0,1,0,0,1,0.24166666666666667
距离信息,0,0,2,1,5,1,0,9,1.825
行向量时延,0,0,0,0,1,0,0,1,0.24166666666666667
列向量频率,0,0,0,0,1,0,0,1,0.24166666666666667
脉冲压缩矩阵,0,0,0,0,1,0,0,1,0.24166666666666667
时间线性,0,0,1,0,1,0,0,2,0.3666666666666667
频率线性,0,0,0,0,1,0,0,1,0.24166666666666667
距离件,0,0,0,0,1,0,0,1,0.24166666666666667
坐标,0,0,0,0,1,2,0,3,0.725
速度信息,0,0,2,0,1,1,0,4,0.7333333333333334
距离多普勒图,0,0,0,0,2,0,0,2,0.48333333333333334
多普勒窗格,0,0,0,0,1,0,0,1,0.24166666666666667
距离窗格,0,0,0,0,1,0,0,1,0.24166666666666667
距离信,0,0,0,0,1,0,0,1,0.24166666666666667
车辆,0,0,2,0,3,0,0,5,0.975
雷达测速测距,0,0,3,4,1,3,2,13,2.325
二维傅里叶变换,1,0,1,0,1,1,1,5,1.85
电磁波,0,0,0,7,0,0,0,7,0.875
无线通信,0,0,8,8,0,0,2,18,2.4833333333333334
信息传输,0,0,2,3,0,0,0,5,0.625
通信系统,0,0,5,19,1,0,0,25,3.2416666666666667
雷达通信波形一体化,0,0,0,1,0,0,0,1,0.125
信号处理,0,0,1,3,0,0,0,4,0.5
工作频段,0,0,0,2,0,0,0,2,0.25
硬件设备,0,0,2,3,0,0,0,5,0.625
电磁波特性,0,0,0,1,0,0,0,1,0.125
信息获取过程,0,0,0,1,0,0,0,1,0.125
传输信息,0,0,0,1,0,0,0,1,0.125
电磁波应用,0,0,0,1,0,0,0,1,0.125
电子设备,0,0,2,1,0,0,0,3,0.375
测距,0,0,2,1,0,1,0,4,0.6166666666666667
无限电探测,0,0,0,1,0,0,0,1,0.125
传递,0,0,0,1,0,0,0,1,0.125
信息交换,0,0,0,1,0,0,0,1,0.125
交换,0,0,0,1,0,0,0,1,0.125
有线通信,0,0,0,1,0,0,0,1,0.125
波形融合,0,0,5,1,0,0,0,6,0.75
一体化,0,0,4,5,3,1,1,14,2.333333333333333
jrcs,0,0,8,0,6,2,0,16,2.9333333333333336
雷达通信一体化,3,1,3,1,2,0,2,12,6.466666666666667
雷达接收机,1,0,1,0,2,3,1,8,2.575
解调处,0,0,0,0,1,0,0,1,0.24166666666666667
通信接收机,0,0,0,1,1,0,0,2,0.3666666666666667
imp-ofdm信号,0,0,0,0,2,1,0,3,0.725
发射机,0,0,1,3,2,2,0,8,1.4666666666666668
私密性,0,0,0,0,1,0,0,1,0.24166666666666667
安全性,0,0,0,0,1,0,0,1,0.24166666666666667
相位噪声,0,0,0,0,1,0,0,1,0.24166666666666667
通信数据符号信息,0,0,0,0,1,0,0,1,0.24166666666666667
脉冲内相位变化,0,0,0,0,1,0,0,1,0.24166666666666667
多普勒,0,0,0,0,1,4,0,5,1.2083333333333333
多普勒容限,0,0,0,0,1,0,0,1,0.24166666666666667
运动,0,0,0,0,1,2,0,3,0.725
反射,0,0,0,1,1,1,0,3,0.6083333333333334
单次反射,0,0,0,0,1,0,0,1,0.24166666666666667
20波信号,0,0,0,0,1,0,0,1,0.24166666666666667
节点,0,0,0,0,4,0,0,4,0.9666666666666667
radarcrosssection,0,0,0,0,1,0,0,1,0.24166666666666667
雷达横截面积,0,0,0,0,1,0,0,1,0.24166666666666667
目标模型,0,0,0,0,1,0,0,1,0.24166666666666667
点目标,0,0,0,0,1,0,0,1,0.24166666666666667
目标节点,0,0,0,0,2,0,0,2,0.48333333333333334
单点散射体,0,0,0,0,1,0,0,1,0.24166666666666667
横截面积,0,0,0,0,1,0,0,1,0.24166666666666667
相干处理区,0,0,0,0,1,0,0,1,0.24166666666666667
相干处理时间,0,0,0,0,3,1,0,4,0.9666666666666667
ofdm持续时间,0,0,0,0,1,0,0,1,0.24166666666666667
p-ofdm,0,0,0,0,21,0,0,21,5.075
信噪比,0,0,0,0,14,0,0,14,3.3833333333333333
无模糊距离,1,0,4,0,10,9,1,25,6.333333333333333
参数,1,0,2,1,11,3,0,18,4.758333333333333
比特传输速率,0,0,0,0,13,0,0,13,3.1416666666666666
通信数据,0,0,11,1,10,1,0,23,4.158333333333333
相对距离,0,0,1,0,8,12,0,21,4.958333333333333
性能,0,0,5,1,5,1,0,12,2.2
通信性能,2,0,3,0,7,0,3,15,4.791666666666666
无模糊相对速度,0,0,0,0,3,0,0,3,0.725
无模糊相对距离,0,0,0,0,3,0,0,3,0.725
相对距离测量,0,0,0,0,3,0,0,3,0.725
动态范围,0,0,0,0,3,0,0,3,0.725
静默时间,0,0,0,0,3,3,0,6,1.45
雷达性能,1,0,4,0,7,0,3,15,3.9166666666666665
误码率,0,0,2,0,2,0,0,4,0.7333333333333334
通信误码率,0,0,1,0,2,0,0,3,0.6083333333333334
imp-ofdm方案,0,0,0,0,4,0,0,4,0.9666666666666667
imp-ofdm方,0,0,0,0,2,0,0,2,0.48333333333333334
通信数据比特传输速率,0,0,0,0,3,0,0,3,0.725
相对速度测量,0,0,0,0,2,0,0,2,0.48333333333333334
波长,0,0,0,0,2,0,0,2,0.48333333333333334
通信速率,0,0,0,0,1,0,0,1,0.24166666666666667
无模糊估计距离,0,0,0,0,1,0,0,1,0.24166666666666667
雷达探测性能,0,0,5,0,1,0,0,6,0.8666666666666667
传输可靠性,0,0,0,0,1,0,0,1,0.24166666666666667
通信传输性能,0,0,0,0,1,0,0,1,0.24166666666666667
信道均衡,0,0,0,0,1,0,0,1,0.24166666666666667
通信编码,0,0,0,0,1,0,0,1,0.24166666666666667
通信传输,0,0,2,1,1,1,0,5,0.8583333333333334
梳状插入子载波,0,0,0,0,1,0,0,1,0.24166666666666667
脉冲个数,0,0,0,0,1,1,0,2,0.48333333333333334
循环前缀时间,0,0,0,0,1,0,0,1,0.24166666666666667
符号时间,0,0,0,0,1,0,0,1,0.24166666666666667
nr,0,0,0,0,1,0,0,1,0.24166666666666667
符号数,0,0,0,0,1,1,0,2,0.48333333333333334
导频子载波数,0,0,0,0,1,0,0,1,0.24166666666666667
子载波总数,0,0,0,0,1,1,0,2,0.48333333333333334
载频,0,0,1,0,1,1,0,3,0.6083333333333334
波形参数,0,0,0,0,1,0,0,1,0.24166666666666667
ps,0,0,0,0,1,0,0,1,0.24166666666666667
p-ofdm方,0,0,0,0,1,0,0,1,0.24166666666666667
雷达相干处理时间,0,0,0,0,2,0,0,2,0.48333333333333334
红色线,0,0,0,0,1,0,0,1,0.24166666666666667
子载波索引调制,0,0,0,0,3,0,0,3,0.725
动态范,0,0,0,0,1,0,0,1,0.24166666666666667
距离测量,1,0,0,0,1,0,0,2,1.2416666666666667
动态,0,0,2,0,1,0,0,3,0.4916666666666667
旁瓣,0,0,2,1,1,0,0,4,0.6166666666666667
待测目标,0,0,0,0,1,1,0,2,0.48333333333333334
相对速度量,0,0,0,0,1,0,0,1,0.24166666666666667
多目标探测,0,0,0,0,1,0,0,1,0.24166666666666667
雷达功能,1,0,5,0,2,0,0,8,2.1083333333333334
imp-ofdm雷达通信,0,0,0,0,2,2,1,5,1.2083333333333333
纵坐标,0,0,0,0,1,0,0,1,0.24166666666666667
待测,0,0,1,0,1,0,0,2,0.3666666666666667
横坐标,0,0,0,0,1,0,0,1,0.24166666666666667
探测,0,0,4,2,1,1,0,8,1.2333333333333334
待检测目标,0,0,0,0,1,0,0,1,0.24166666666666667
待探测目标,0,0,0,0,1,0,0,1,0.24166666666666667
软件仿真平台,0,0,0,0,1,0,0,1,0.24166666666666667
不模糊速度,0,0,0,0,1,0,0,1,0.24166666666666667
频率间隔,0,0,0,0,1,0,0,1,0.24166666666666667
通信子载波个数,0,0,0,0,1,0,0,1,0.24166666666666667
雷达子载波个数,0,0,0,0,2,0,0,2,0.48333333333333334
中心频率,0,0,0,0,1,0,0,1,0.24166666666666667
仿真平台,0,0,0,0,1,1,0,2,0.48333333333333334
汽车系统,0,0,0,0,1,0,0,1,0.24166666666666667
估计精度,0,0,1,0,1,0,0,2,0.3666666666666667
角度,0,0,1,1,1,0,0,3,0.4916666666666667
毫米波,0,0,0,0,1,0,0,1,0.24166666666666667
毫米波频段,0,0,0,0,1,0,0,1,0.24166666666666667
近中程雷达,0,0,0,0,1,0,0,1,0.24166666666666667
仿真程序,0,0,0,0,1,1,0,2,0.48333333333333334
软件程序仿真,0,0,0,0,1,0,0,1,0.24166666666666667
matlab,0,0,0,0,1,0,0,1,0.24166666666666667
智能驾驶汽车,1,0,0,0,1,0,0,2,1.2416666666666667
车联网,0,0,3,0,2,0,3,8,1.5833333333333333
通信融合系统,0,0,0,0,1,0,0,1,0.24166666666666667
imp-ofdm雷达,0,0,0,0,1,0,0,1,0.24166666666666667
仿真分析,0,0,0,0,1,1,0,2,0.48333333333333334
步进型导频,1,0,1,0,0,14,4,20,5.475
失真,0,0,1,0,0,1,0,2,0.3666666666666667
速度处理矩阵列,0,0,0,0,0,1,0,1,0.24166666666666667
滤波器,0,0,1,0,4,5,0,10,2.3
时间指标,0,0,0,0,0,1,0,1,0.24166666666666667
速度距离处理矩阵,0,0,0,0,0,1,0,1,0.24166666666666667
峰值振幅,0,0,0,0,0,1,0,1,0.24166666666666667
畸变,0,0,0,0,0,1,0,1,0.24166666666666667
失真尖峰,0,0,0,0,0,1,0,1,0.24166666666666667
距离剖面,0,0,0,0,0,2,0,2,0.48333333333333334
步进型导频子载波放置,0,0,0,0,0,1,0,1,0.24166666666666667
处理矩阵,0,0,0,0,0,1,0,1,0.24166666666666667
相对距离信息,0,0,0,0,0,1,0,1,0.24166666666666667
峰值采样,0,0,0,0,0,1,0,1,0.24166666666666667
匹配滤波器,0,0,0,0,1,1,1,3,0.725
多脉冲相位积累,0,0,0,0,0,1,0,1,0.24166666666666667
接收信号,0,0,0,0,4,10,0,14,3.3833333333333333
解调操,0,0,0,0,0,1,0,1,0.24166666666666667
采样,0,0,0,0,3,3,0,6,1.45
体化波形,0,0,0,0,0,1,0,1,0.24166666666666667
倍数,0,0,0,0,0,1,0,1,0.24166666666666667
整数,0,0,0,0,0,1,0,1,0.24166666666666667
余数,0,0,0,0,0,1,0,1,0.24166666666666667
频带,0,0,0,0,0,2,0,2,0.48333333333333334
阶梯式,0,0,0,0,0,1,0,1,0.24166666666666667
无模糊探测距离,0,0,0,0,0,3,0,3,0.725
导频个数,1,0,2,0,0,2,0,5,1.7333333333333334
波形设,0,0,0,0,0,1,0,1,0.24166666666666667
频谱资源,1,0,7,1,0,0,0,9,2.0
无人机,1,0,3,0,0,0,0,4,1.375
无人机监控雷达,0,0,2,0,0,0,0,2,0.25
通信功能,0,0,6,0,0,0,0,6,0.75
jrcs波形,0,0,1,0,0,4,0,5,1.0916666666666668
抗窄带干扰能力,0,0,1,0,0,0,0,1,0.125
多普勒耦合,0,0,1,0,0,0,0,1,0.125
信息传输性能,0,0,1,0,0,0,0,1,0.125
信道状态,0,0,1,0,0,0,0,1,0.125
感知探测,0,0,1,0,0,0,0,1,0.125
通信设备,0,0,1,0,0,0,0,1,0.125
通信技术,0,0,1,2,0,0,0,3,0.375
5gnr,0,0,1,0,0,0,0,1,0.125
wlan,0,0,1,0,0,0,0,1,0.125
.11,0,0,1,0,0,0,0,1,0.125
longtermevolution,0,0,2,0,0,0,0,2,0.25
长期演进技术,0,0,1,0,0,0,0,1,0.125
移动通信标准,0,0,2,0,0,0,0,2,0.25
通信标准,0,0,2,0,0,0,0,2,0.25
抗选择性衰落,0,0,1,0,0,0,0,1,0.125
intercarrierinter,0,0,1,0,0,0,0,1,0.125
isi,0,0,1,0,0,0,0,1,0.125
intersymbolinter,0,0,1,0,0,0,0,1,0.125
码间干扰,0,0,1,0,0,0,0,1,0.125
通信增益,0,0,1,0,0,0,0,1,0.125
周围环境信息,0,0,1,0,0,0,0,1,0.125
雷达图像,0,0,2,0,0,1,0,3,0.4916666666666667
探测概率,0,0,1,0,0,0,0,1,0.125
通信网络,1,0,1,0,0,0,0,2,1.125
增益,0,0,1,0,0,0,0,1,0.125
无人机雷达监管系统,0,0,1,0,0,0,0,1,0.125
jrcs技术,0,0,1,0,0,0,0,1,0.125
通信链路,0,0,1,0,0,0,0,1,0.125
交通安全管理,0,0,1,0,0,0,0,1,0.125
公共安全,0,0,1,0,0,0,0,1,0.125
救灾,0,0,1,0,0,0,0,1,0.125
地理勘探,0,0,1,0,0,0,0,1,0.125
物流运输,0,0,1,0,0,0,0,1,0.125
应急通信,0,0,1,0,0,0,0,1,0.125
高数据率通信传输,0,0,1,0,0,0,0,1,0.125
高分辨率雷达传感,0,0,1,0,0,0,0,1,0.125
高移动,0,0,1,0,0,0,0,1,0.125
高速通信,0,0,1,0,0,0,0,1,0.125
收发平台,0,0,1,0,0,0,0,1,0.125
毫米波雷达,0,0,1,0,0,0,0,1,0.125
全自动无人驾驶,0,0,1,0,0,0,0,1,0.125
娱乐互动信息,0,0,1,0,0,0,0,1,0.125
三维导航地图,0,0,1,0,0,0,0,1,0.125
高精度,0,0,1,0,0,0,0,1,0.125
数据传输率,0,0,1,0,0,0,0,1,0.125
车载终端,0,0,1,0,0,0,0,1,0.125
十字路口,0,0,1,0,0,0,0,1,0.125
交通信息,0,0,1,0,0,0,0,1,0.125
道路安全性,0,0,1,0,0,0,0,1,0.125
通信数据传输,1,0,2,0,0,0,1,4,1.4916666666666667
环境状态信息,0,0,1,0,0,0,0,1,0.125
空中交通管理系统,0,0,1,0,0,0,0,1,0.125
无人机监控网络,0,0,1,0,0,0,0,1,0.125
智能交通系统,0,0,1,0,0,0,0,1,0.125
商业场景,0,0,1,0,0,0,0,1,0.125
战争,0,0,1,0,0,0,0,1,0.125
信息交互,0,0,1,0,0,0,0,1,0.125
实时环境感知,0,0,1,0,0,0,0,1,0.125
无人群战系统,0,0,1,0,0,0,0,1,0.125
航空电子系统,0,0,1,0,0,0,0,1,0.125
电磁系统,0,0,1,0,0,0,0,1,0.125
海军舰艇,0,0,1,0,0,0,0,1,0.125
集成,0,0,1,0,0,0,0,1,0.125
兼容性,0,0,1,0,0,0,0,1,0.125
电磁干扰,0,0,1,0,0,0,0,1,0.125
天线孔径,0,0,1,0,0,0,0,1,0.125
射频系统,0,0,1,0,0,0,0,1,0.125
天线,0,0,2,1,0,0,0,3,0.375
甲板,0,0,1,0,0,0,0,1,0.125
桥梁,0,0,1,0,0,0,0,1,0.125
生存概率,0,0,1,0,0,0,0,1,0.125
互操作性,0,0,1,0,0,0,0,1,0.125
军事平台,0,0,1,0,0,0,0,1,0.125
军舰,0,0,1,0,0,0,0,1,0.125
飞机,0,0,1,0,0,0,0,1,0.125
坦克,0,0,1,0,0,0,0,1,0.125
目标信息,0,0,2,0,0,0,0,2,0.25
无线通信数据传输,0,0,1,0,0,0,0,1,0.125
jointradarandcommunicationssystem,0,0,1,0,0,0,0,1,0.125
联合系统,0,0,2,0,0,0,0,2,0.25
数字信号,0,0,1,0,0,0,0,1,0.125
无线通信技术,0,0,1,0,0,0,0,1,0.125
射频前端架构,0,0,1,0,0,0,0,1,0.125
数量级,0,0,1,0,0,0,0,1,0.125
微波系统,0,0,1,0,0,0,0,1,0.125
载波频段,0,0,1,0,0,0,0,1,0.125
6g无线通信系统,0,0,1,0,0,0,0,1,0.125
智能化系统,0,0,1,0,0,0,0,1,0.125
联网设备,0,0,1,0,0,0,0,1,0.125
无线通信行业,0,0,1,0,0,0,0,1,0.125
chirp信号,0,0,10,0,0,0,0,10,1.25
初始频率,0,0,4,0,0,0,0,4,0.5
导频信号,1,0,4,6,0,0,0,11,2.25
步进频雷达,0,0,3,0,0,0,0,3,0.375
脉冲压缩,2,0,4,0,3,0,1,10,3.466666666666667
频域,0,0,2,2,1,0,0,5,0.7416666666666667
联合波形,0,0,2,0,0,0,0,2,0.25
papr,0,0,2,0,0,0,0,2,0.25
rft,0,0,2,0,0,0,0,2,0.25
调频率,0,0,2,0,0,0,0,2,0.25
互补码,0,0,2,0,0,0,0,2,0.25
接收,0,0,2,0,0,0,0,2,0.25
脉冲压缩技,0,0,2,0,0,0,0,2,0.25
旋转,0,0,2,0,0,0,0,2,0.25
距离轴,0,0,1,0,0,0,0,1,0.125
目标运动,0,0,2,0,0,4,0,6,1.2166666666666668
导频数据,0,0,1,0,0,0,0,1,0.125
测速,0,0,1,0,0,1,0,2,0.3666666666666667
均匀导频ofdm帧,0,0,1,0,0,0,0,1,0.125
步进型导频ofdm帧,0,0,1,0,0,0,0,1,0.125
匹配,0,0,1,0,1,1,0,3,0.6083333333333334
无源探测,0,0,1,0,0,0,0,1,0.125
雷达测距测速,0,0,1,0,0,0,0,1,0.125
内存,0,0,2,0,0,0,0,2,0.25
符号数量,0,0,2,0,0,0,0,2,0.25
方位探测,0,0,1,0,0,0,0,1,0.125
方位角信息,0,0,1,0,0,0,0,1,0.125
mimo-ofdm,0,0,1,0,0,0,0,1,0.125
multiplexing,0,0,2,0,0,0,0,2,0.25
vision,0,0,1,0,0,0,0,1,0.125
orthogonalfrequency,0,0,3,0,0,0,0,3,0.375
multiple,0,0,1,0,0,0,0,1,0.125
multipleinput,0,0,1,0,0,0,0,1,0.125
鲁棒性,0,0,2,0,0,0,0,2,0.25
用户数据,0,0,1,0,0,0,0,1,0.125
随机性,0,0,1,0,0,1,0,2,0.3666666666666667
fastfouriertransform,0,0,1,0,0,0,0,1,0.125
快速傅里叶变换,0,0,3,0,1,2,0,6,1.1
基带频域,0,0,1,0,0,0,0,1,0.125
时域ofdm,0,0,1,0,0,0,0,1,0.125
ofdm基带信号,0,0,1,0,0,0,0,1,0.125
通信容量,0,0,1,0,0,0,0,1,0.125
约束,0,0,1,0,0,0,0,1,0.125
均方根带宽,0,0,1,0,0,0,0,1,0.125
加权,0,0,1,0,0,0,0,1,0.125
at,0,0,1,0,0,0,0,1,0.125
恒定包络,0,0,1,0,0,0,0,1,0.125
pr,0,0,1,0,0,0,0,1,0.125
average,0,0,1,0,0,0,0,1,0.125
峰均比,0,0,1,0,0,0,0,1,0.125
基础波形,0,0,1,0,0,0,0,1,0.125
ofdm无线通信系统,0,0,1,0,0,0,0,1,0.125
大容量,0,0,1,0,0,0,0,1,0.125
4g-lte,0,0,1,0,0,0,0,1,0.125
thgeneration,0,0,1,0,0,0,0,1,0.125
长期演进,0,0,1,0,0,0,0,1,0.125
多径传播效应,0,0,1,0,0,0,0,1,0.125
抗衰落,0,0,1,0,0,0,0,1,0.125
ofdm波形,0,0,4,0,0,0,0,4,0.5
步进频雷达处理技术,0,0,1,0,0,0,0,1,0.125
波形融合方案,0,0,2,0,0,0,0,2,0.25
宽带雷达通信,0,0,1,0,0,0,0,1,0.125
子脉冲,0,0,1,0,0,0,0,1,0.125
随机步进线性调频信号,0,0,1,0,0,0,0,1,0.125
点对点雷达探测,0,0,1,0,0,0,0,1,0.125
频数,0,0,1,0,0,0,0,1,0.125
步进频,0,0,1,0,0,0,0,1,0.125
时间周期,0,0,1,0,0,1,0,2,0.3666666666666667
复杂度,0,0,1,0,0,0,0,1,0.125
数据率,0,0,1,0,0,0,0,1,0.125
多载波chiip信号,0,0,1,0,0,0,0,1,0.125
cyclicprefix,0,0,1,0,0,0,0,1,0.125
ns,0,0,1,0,0,0,0,1,0.125
inversefractionalfourier,0,0,1,0,0,0,0,1,0.125
傅里叶变化,0,0,1,0,0,0,0,1,0.125
逆分数阶,0,0,1,0,0,0,0,1,0.125
符号调制,0,0,1,0,0,0,0,1,0.125
信息比特,0,0,3,0,3,1,0,7,1.3416666666666668
输信息,0,0,1,0,0,1,0,2,0.3666666666666667
变频率,0,0,1,0,0,0,0,1,0.125
正交chirp,0,0,1,0,0,0,0,1,0.125
调制通信信息,0,0,1,0,0,0,0,1,0.125
多载波雷达通信,0,0,2,0,0,0,0,2,0.25
传输数据,0,0,1,1,0,0,0,2,0.25
探测性能,0,0,1,0,0,1,0,2,0.3666666666666667
多载波chirp信号,0,0,1,0,0,0,0,1,0.125
单载波chirp信号,0,0,1,0,0,0,0,1,0.125
ofdm体制,0,0,1,0,0,0,0,1,0.125
步进频体制,0,0,1,0,0,0,0,1,0.125
多载波chirp信号体制,0,0,1,0,0,0,0,1,0.125
多载波融合,0,0,1,0,0,0,0,1,0.125
频谱利用率,0,0,3,0,0,0,0,3,0.375
能量聚集现,0,0,1,0,0,0,0,1,0.125
frft,0,0,1,0,0,0,0,1,0.125
解调,0,0,2,1,1,0,0,4,0.6166666666666667
fractionalfouriertrans,0,0,1,0,0,0,0,1,0.125
分数阶傅里叶变换,0,0,1,0,0,0,0,1,0.125
发射端,0,0,1,0,0,1,0,2,0.3666666666666667
自相关特性,0,0,2,0,1,4,0,7,1.4583333333333333
性质,0,0,1,0,0,1,0,2,0.3666666666666667
正交扩频融合波形,0,0,1,0,0,0,0,1,0.125
一体化发射波形,0,0,1,0,0,0,0,1,0.125
准连续波雷达通信,0,0,1,0,0,0,0,1,0.125
互补码序列,0,0,1,0,0,0,0,1,0.125
电子标记,0,0,1,0,0,0,0,1,0.125
radiofrequency,0,0,1,0,0,0,0,1,0.125
无线频率识别,0,0,1,0,0,0,0,1,0.125
异频雷达接收机,0,0,1,0,0,0,0,1,0.125
脉内调制,0,0,1,0,0,0,0,1,0.125
脉冲信号,0,0,1,1,0,0,0,2,0.25
处通信传输数据,0,0,1,0,0,0,0,1,0.125
qpsk解调,0,0,1,0,0,0,0,1,0.125
配滤波器,0,0,1,0,0,1,0,2,0.3666666666666667
一体化发射信号,0,0,1,0,0,0,0,1,0.125
相位旋转,0,0,1,0,0,0,0,1,0.125
qpsk符号,0,0,1,0,0,0,0,1,0.125
二进制数据调制,0,0,1,0,0,0,0,1,0.125
相位,0,0,1,0,0,0,0,1,0.125
lfm信号,0,0,1,0,0,0,0,1,0.125
qpsk,0,0,1,0,0,0,0,1,0.125
quadraturephaseshiftkey,0,0,1,0,0,0,0,1,0.125
正交相移键控信号,0,0,1,0,0,0,0,1,0.125
线性调频脉冲雷达,0,0,1,0,0,0,0,1,0.125
单载波波形,0,0,1,0,0,0,0,1,0.125
体化,0,0,2,0,0,0,0,2,0.25
无线通信传输,0,0,1,0,0,0,0,1,0.125
雷达通信一体化技术,0,0,1,0,0,0,0,1,0.125
室内定位,0,0,1,0,0,0,0,1,0.125
隐蔽通信,0,0,1,0,0,0,0,1,0.125
车载网络,0,0,1,0,0,0,0,1,0.125
射频环境,0,0,1,0,0,0,0,1,0.125
资源共享,0,0,1,0,0,0,0,1,0.125
能量,0,0,3,1,0,0,0,4,0.5
系统资源,0,0,1,0,0,0,0,1,0.125
同时体制,0,0,1,1,0,0,0,2,0.25
雷达探测功能,0,0,2,0,1,0,0,3,0.4916666666666667
融合波形,0,0,1,0,0,0,0,1,0.125
复用技术,0,0,1,0,0,0,0,1,0.125
一体化波形融合,0,0,1,0,0,0,0,1,0.125
梳状导频,0,0,0,6,1,0,0,7,0.9916666666666667
块状导频,0,0,0,3,0,0,0,3,0.375
ofdm导频结构,0,0,0,1,0,0,0,1,0.125
离散导频,0,0,0,1,0,0,0,1,0.125
通信传,0,0,0,1,0,0,0,1,0.125
梳状导频信号,0,0,0,1,0,0,0,1,0.125
无导频,0,0,0,1,0,0,0,1,0.125
主瓣宽度,0,0,0,1,0,0,0,1,0.125
速度模,0,0,0,1,0,0,0,1,0.125
旁瓣宽度,0,0,0,1,0,0,0,1,0.125
速度模糊,0,0,0,1,0,0,0,1,0.125
离散型导频,0,0,0,1,0,0,0,1,0.125
用效率,0,0,0,1,0,0,0,1,0.125
离散导频结构,0,0,0,1,0,0,0,1,0.125
衰落,0,0,0,1,0,0,0,1,0.125
时间,0,0,0,1,0,0,0,1,0.125
频率选择性衰落,0,0,0,1,0,0,0,1,0.125
离散分布,0,0,0,1,0,0,0,1,0.125
时间域,0,0,0,1,0,0,0,1,0.125
频率选择性衰落信道,0,0,0,1,0,0,0,1,0.125
内插,0,0,0,1,0,0,0,1,0.125
离散状导频,0,0,0,1,0,0,0,1,0.125
导频结构,0,0,0,1,0,0,0,1,0.125
抗衰落能力,0,0,0,1,0,0,0,1,0.125
信道估计,0,0,0,1,0,0,0,1,0.125
导频图案,0,0,0,1,0,2,0,3,0.6083333333333334
通信信道,0,0,0,1,0,0,0,1,0.125
无源探测性能,0,0,0,1,0,0,0,1,0.125
功率,0,0,0,4,0,0,0,4,0.5
ofdm导频信号,0,0,0,1,0,0,0,1,0.125
测速测距,0,0,5,0,0,4,0,9,1.5916666666666668
序列,0,0,2,0,1,1,0,4,0.7333333333333334
自相关性,0,0,3,0,1,0,0,4,0.6166666666666667
相位编码,0,0,2,0,0,0,0,2,0.25
ofdm时频资源,0,0,1,0,0,0,0,1,0.125
雷达探测效果,0,0,1,0,0,0,0,1,0.125
ofdm通信符号,0,0,1,0,0,0,0,1,0.125
测速测距功能,0,0,1,0,0,0,0,1,0.125
感知目标,0,0,1,0,0,0,0,1,0.125
测速测距分辨率,0,0,1,0,0,0,0,1,0.125
ofdm雷达接收机信号,0,0,1,0,0,0,0,1,0.125
时延多普勒信息,0,0,1,0,0,0,0,1,0.125
发送信号,0,0,1,0,0,0,0,1,0.125
调制符号域,0,0,2,0,0,6,1,9,1.9416666666666667
雷达探测感知,0,0,1,0,1,0,0,2,0.3666666666666667
雷达测速,0,0,1,0,0,0,0,1,0.125
多滤波器,0,0,1,0,0,0,0,1,0.125
等性能,0,0,1,0,0,0,0,1,0.125
雷达探测技术,0,0,1,0,0,0,0,1,0.125
无线通信传输数据,0,0,1,0,0,0,0,1,0.125
雷达探测参数,0,0,1,0,0,0,0,1,0.125
作用时间,0,0,1,0,0,0,0,1,0.125
持续性,0,0,1,0,0,0,0,1,0.125
通信传输功能,0,0,1,0,1,0,0,2,0.3666666666666667
波形一,0,0,1,0,0,0,0,1,0.125
雷达目标测速测距技,0,0,1,0,0,0,0,1,0.125
远程,0,0,1,0,0,0,0,1,0.125
短程,0,0,1,0,0,0,0,1,0.125
安全级别,0,0,1,0,0,0,0,1,0.125
行驶信息,0,0,1,0,0,0,0,1,0.125
障碍物,0,0,1,0,0,0,0,1,0.125
感知,0,0,1,0,0,0,0,1,0.125
传感器,0,0,1,0,0,0,0,1,0.125
自动驾驶,0,0,1,0,0,0,0,1,0.125
无人车辆,0,0,1,0,0,0,0,1,0.125
路况信息,0,0,1,0,0,0,0,1,0.125
智能设备,0,0,1,0,0,0,0,1,0.125
智能驾驶,1,0,2,0,1,0,3,7,2.216666666666667
频段,0,0,0,6,0,0,0,6,0.75
数字信号处理技术,0,0,0,2,0,0,0,2,0.25
接收天线,0,0,0,2,0,0,0,2,0.25
工作频率,0,0,0,2,0,0,0,2,0.25
射频接收机,0,0,0,1,0,0,0,1,0.125
射频发射机,0,0,0,1,0,0,0,1,0.125
基带数据处理模块,0,0,0,1,0,0,0,1,0.125
发射天线,0,0,0,3,0,0,0,3,0.375
毫米波段,0,0,0,1,0,0,0,1,0.125
电磁场理论,0,0,0,1,0,0,0,1,0.125
电信联,0,0,0,1,0,0,0,1,0.125
接收机模块,0,0,0,1,0,0,0,1,0.125
中继转发,0,0,0,1,0,0,0,1,0.125
散射,0,0,0,1,0,0,0,1,0.125
传播,0,0,0,1,0,1,0,2,0.3666666666666667
工作体制,0,0,0,1,0,0,0,1,0.125
体制,0,0,0,1,0,0,0,1,0.125
信号处理理论,0,0,0,1,0,0,0,1,0.125
电磁波理论,0,0,0,1,0,0,0,1,0.125
短距离,2,0,3,0,0,0,1,6,2.6166666666666667
仿真,0,0,2,0,0,2,0,4,0.7333333333333334
脉冲分组,1,0,2,0,0,3,0,6,1.975
远距离雷达,0,0,1,0,0,1,0,2,0.3666666666666667
二维,0,0,1,0,0,0,0,1,0.125
脉冲压缩重构导频矩阵,0,0,1,0,0,0,0,1,0.125
pimp-ofdm,0,0,1,0,0,14,1,16,3.75
multiplex,0,0,1,0,0,0,0,1,0.125
pulse,0,0,1,0,0,0,0,1,0.125
packetindexmodulation,0,0,1,0,0,0,0,1,0.125
远距离探测,0,0,1,0,0,0,0,1,0.125
indexmodulationpilot,0,0,1,0,0,0,0,1,0.125
智能驾驶汽车场景,0,0,1,0,0,0,0,1,0.125
波形共享信号,0,0,1,0,1,0,0,2,0.3666666666666667
波形复用,0,0,3,0,0,0,0,3,0.375
通信一体化,0,0,1,0,0,0,0,1,0.125
数据比特,1,0,1,0,0,6,0,8,2.575
均匀步进型导频,0,0,1,0,0,0,0,1,0.125
远距离雷达探测场,0,0,1,0,0,0,0,1,0.125
高精度探测,0,0,1,0,0,0,0,1,0.125
频带宽度,0,0,1,0,0,1,0,2,0.3666666666666667
ofdm子载波索引调制,0,0,1,0,0,0,1,2,0.3666666666666667
导频子载波脉冲压缩,0,0,1,0,0,0,0,1,0.125
速率,0,0,1,0,0,0,0,1,0.125
反射信号,0,0,1,0,0,0,0,1,0.125
信号模型,0,0,1,0,0,0,3,4,0.85
一体化波形设,0,0,1,0,0,0,0,1,0.125
ofdm索引调制,0,0,1,0,0,0,0,1,0.125
pimp-ofdm波形,0,0,0,0,0,13,4,17,4.108333333333333
比特信息,0,0,0,0,0,1,0,1,0.24166666666666667
导频脉冲压缩,0,0,0,0,0,1,0,1,0.24166666666666667
远距离目标,1,0,0,0,0,5,1,7,2.45
无模糊估计范围,0,0,0,0,0,1,0,1,0.24166666666666667
子载波个数,0,0,0,0,0,3,0,3,0.725
分组索引调制,0,0,0,0,0,1,0,1,0.24166666666666667
imp-ofdm波形,0,0,0,0,0,2,4,6,1.45
远距离目标探测,1,0,0,0,0,3,1,5,1.9666666666666668
通信波形,0,0,5,0,0,0,0,5,0.625
时分复用,0,0,4,0,0,0,0,4,0.5
雷达波形,0,0,4,0,0,0,0,4,0.5
波束,0,0,3,1,0,0,0,4,0.5
码分复用,0,0,3,0,0,0,0,3,0.375
空分复用,0,0,3,0,0,0,0,3,0.375
频分复用,0,0,3,0,0,0,0,3,0.375
bpsk通信信号,0,0,2,0,0,0,0,2,0.25
步进频雷达信号,0,0,2,0,0,0,0,2,0.25
雷达波束,0,0,2,0,0,0,0,2,0.25
离散相位调制,0,0,2,0,0,0,0,2,0.25
单载波雷达通信,0,0,2,0,0,0,0,2,0.25
共享,0,0,1,0,0,0,0,1,0.125
干扰管理技术,0,0,1,0,0,0,0,1,0.125
控制中心,0,0,1,0,0,0,0,1,0.125
协调能,0,0,1,0,0,0,0,1,0.125
通信波束,0,0,1,0,0,0,0,1,0.125
总能量,0,0,1,0,0,0,0,1,0.125
相控阵阵面,0,0,1,0,0,0,0,1,0.125
资源,0,0,1,0,0,0,0,1,0.125
复用,0,0,1,0,0,0,0,1,0.125
空分,0,0,1,0,0,0,0,1,0.125
码分,0,0,1,0,0,0,0,1,0.125
频分,0,0,1,0,0,0,0,1,0.125
时分,0,0,1,0,0,0,0,1,0.125
ofdm通信信号,0,0,1,0,0,0,0,1,0.125
频谱间隙,0,0,1,0,0,0,0,1,0.125
噪声雷达,0,0,1,0,0,0,0,1,0.125
频率调制,0,0,1,0,0,0,0,1,0.125
ro,0,0,1,0,0,0,0,1,0.125
奇数项子载波,0,0,1,0,0,0,0,1,0.125
相干解调,0,0,1,0,0,0,0,1,0.125
多载波信号,0,0,1,0,0,0,0,1,0.125
隐蔽性,0,0,1,0,0,0,0,1,0.125
抗干扰性,0,0,1,0,0,0,0,1,0.125
低频bpsk信号,0,0,1,0,0,0,0,1,0.125
ce-ofdm信号,0,0,1,0,0,0,0,1,0.125
通信模式,0,0,1,0,0,0,0,1,0.125
数字脉冲压缩器,0,0,1,0,0,0,0,1,0.125
相位编码调制,0,0,1,0,0,0,0,1,0.125
雷达模,0,0,1,0,0,0,0,1,0.125
ce-ofdm,0,0,1,0,0,0,0,1,0.125
constantenvelope-,0,0,1,0,0,0,0,1,0.125
正交频分复用,0,0,1,0,0,0,0,1,0.125
恒包络,0,0,1,0,0,0,0,1,0.125
数字相位调制,0,0,1,0,0,0,0,1,0.125
通信传输速率,0,0,1,0,0,0,0,1,0.125
多目标测距,0,0,1,0,0,0,0,1,0.125
开关键控调制,0,0,1,0,0,0,0,1,0.125
通信发射周期,0,0,1,0,0,0,0,1,0.125
雷达时隙周期,0,0,1,0,0,0,0,1,0.125
ty,0,0,1,0,0,0,0,1,0.125
多载波体制,0,0,1,0,0,0,0,1,0.125
效率,0,0,1,0,0,0,0,1,0.125
频谱混叠,0,0,1,0,0,0,0,1,0.125
超视距通信,0,0,1,0,0,0,0,1,0.125
散射原,0,0,1,0,0,0,0,1,0.125
舰载环,0,0,1,0,0,0,0,1,0.125
突发通信,0,0,1,0,0,0,0,1,0.125
连续通信,0,0,1,0,0,0,0,1,0.125
波束复用体制,0,0,1,0,0,0,0,1,0.125
相控阵天线,0,0,1,0,0,0,0,1,0.125
通信接收,0,0,1,0,0,0,0,1,0.125
有源相控阵雷达接收机,0,0,1,0,0,0,0,1,0.125
有源相控阵雷达,0,0,1,0,0,0,0,1,0.125
扩频信号,0,0,1,0,0,0,0,1,0.125
接收功率,0,0,1,0,0,0,0,1,0.125
类噪声发射信号,0,0,1,0,0,0,0,1,0.125
二进制伪随机序列,0,0,1,0,0,0,0,1,0.125
直接序列扩频,0,0,1,0,0,0,0,1,0.125
盲信号分离算法,0,0,1,0,0,0,0,1,0.125
同态滤波,0,0,1,0,0,0,0,1,0.125
雷达设备,0,0,1,0,0,0,0,1,0.125
软件无线电技术,0,0,1,0,0,0,0,1,0.125
sk,0,0,1,0,0,0,0,1,0.125
binaryphaseshiftkey,0,0,1,0,0,0,0,1,0.125
二进制相移键控,0,0,1,0,0,0,0,1,0.125
lfm,0,0,1,0,0,0,0,1,0.125
linearfrequencymodulation,0,0,1,0,0,0,0,1,0.125
线性调频信号,0,0,1,0,0,0,0,1,0.125
信息滞后,0,0,1,0,0,0,0,1,0.125
分时隙,0,0,1,0,0,0,0,1,0.125
频率差,0,0,1,0,0,0,0,1,0.125
时延,0,0,1,0,0,3,0,4,0.85
回波,0,0,1,1,0,0,0,2,0.25
线性,0,0,1,0,0,1,0,2,0.3666666666666667
调频连续波,0,0,1,1,0,0,0,2,0.25
雷达周期,0,0,1,0,0,0,0,1,0.125
时隙发射,0,0,1,0,0,0,0,1,0.125
onm,0,0,1,0,0,0,0,1,0.125
随机数据,0,0,1,0,0,1,0,2,0.3666666666666667
波形共享,0,0,1,0,0,0,0,1,0.125
扩频序列,0,0,1,0,0,0,0,1,0.125
扩频正交技术,0,0,1,0,0,0,0,1,0.125
波束能量,0,0,1,0,0,0,0,1,0.125
波束成形技术,0,0,1,0,0,0,0,1,0.125
相控阵,0,0,1,0,0,0,0,1,0.125
时隙,0,0,1,1,0,0,0,2,0.25
时间分割,0,0,1,0,0,0,0,1,0.125
复用波形,0,0,1,0,0,0,0,1,0.125
一体化波形复用,0,0,1,0,0,0,0,1,0.125
脉冲分组索引调制,0,0,0,0,0,1,0,1,0.24166666666666667
步进,0,0,0,0,0,1,0,1,0.24166666666666667
远距离目标雷达通信,0,0,0,0,0,1,0,1,0.24166666666666667
双目标,0,0,0,0,0,4,0,4,0.9666666666666667
导频子载波个数,0,0,0,0,0,3,0,3,0.725
剖面,0,0,0,0,0,3,0,3,0.725
导频图样,0,0,0,0,0,6,1,7,1.6916666666666667
pimp-ofdm符号,0,0,0,0,0,3,0,3,0.725
导频子载波占比,0,0,0,0,0,2,0,2,0.48333333333333334
额外传输,0,0,0,0,0,2,0,2,0.48333333333333334
占比,0,0,0,0,0,2,0,2,0.48333333333333334
误差,0,0,0,0,0,2,0,2,0.48333333333333334
个数,0,0,0,0,0,1,0,1,0.24166666666666667
远距离,1,0,0,0,0,3,1,5,1.9666666666666668
pimp-ofdm图样,0,0,0,0,0,1,0,1,0.24166666666666667
总子载波个数,0,0,0,0,0,1,0,1,0.24166666666666667
响应幅度,0,0,0,0,0,1,0,1,0.24166666666666667
脉冲组,0,0,0,0,0,1,0,1,0.24166666666666667
剖面图,0,0,0,0,0,1,0,1,0.24166666666666667
精度,0,0,0,0,0,1,0,1,0.24166666666666667
脉冲压缩导频矩阵,0,0,0,0,0,1,0,1,0.24166666666666667
pimp-ofdm脉冲,0,0,0,0,0,1,0,1,0.24166666666666667
周期性,0,0,0,0,0,1,0,1,0.24166666666666667
阶梯,0,0,0,0,0,2,0,2,0.48333333333333334
距离分量,0,0,0,0,0,1,0,1,0.24166666666666667
步进型jrcs波形,0,0,0,0,0,1,0,1,0.24166666666666667
远距离场景仿真参数,0,0,0,0,0,1,0,1,0.24166666666666667
源发射机,0,0,0,0,0,1,0,1,0.24166666666666667
重复周期,0,0,0,0,0,1,0,1,0.24166666666666667
3位巴克码,0,0,0,0,0,1,0,1,0.24166666666666667
随机比特数据,0,0,0,0,0,1,0,1,0.24166666666666667
远距离场景,0,0,0,0,0,1,0,1,0.24166666666666667
远距离雷达通信,0,0,0,0,0,1,0,1,0.24166666666666667
目标信息矩阵,0,0,0,0,0,3,0,3,0.725
时延指数,0,0,0,0,0,2,0,2,0.48333333333333334
相对速度信息,0,0,0,0,0,2,0,2,0.48333333333333334
短距离目标探测,0,0,0,0,0,2,1,3,0.725
cs,0,0,0,0,0,2,0,2,0.48333333333333334
导频脉冲压缩矩阵,0,0,0,0,0,2,2,4,0.9666666666666667
相对速度分辨率,0,0,0,0,0,1,0,1,0.24166666666666667
相对距离分辨率,0,0,0,0,0,1,0,1,0.24166666666666667
pimp-ofdm雷达通信,1,0,0,0,0,1,0,2,1.2416666666666667
车载雷达通信,0,0,0,0,0,1,3,4,0.9666666666666667
多普勒指数,0,0,0,0,0,1,0,1,0.24166666666666667
多普勒图,0,0,0,0,0,1,0,1,0.24166666666666667
ejmnx,0,0,0,0,0,1,0,1,0.24166666666666667
idft变换,0,0,0,0,1,1,0,2,0.48333333333333334
零值,0,0,0,0,0,1,0,1,0.24166666666666667
数据子载波位置,0,0,0,0,0,1,0,1,0.24166666666666667
导频子载波位置,0,0,0,0,0,1,0,1,0.24166666666666667
丘轴,0,0,0,0,1,1,0,2,0.48333333333333334
索弓,0,0,0,0,0,1,0,1,0.24166666666666667
pimp-ofdm信号,0,0,0,0,0,1,0,1,0.24166666666666667
离散信号,0,0,0,0,0,1,0,1,0.24166666666666667
基带,0,0,0,0,1,1,0,2,0.48333333333333334
通用系统架构,0,0,0,1,0,0,0,1,0.125
一体化工作体制,0,0,0,1,0,0,0,1,0.125
波形融,0,0,0,1,0,0,0,1,0.125
imp-ofdm发射信号模型,0,0,0,0,1,0,0,1,0.24166666666666667
ofdm导频,1,0,0,0,1,0,0,2,1.2416666666666667
指数分量,0,0,0,0,3,0,0,3,0.725
dft,0,0,0,0,2,0,0,2,0.48333333333333334
离散傅里叶变换,0,0,0,0,2,0,0,2,0.48333333333333334
速度参数,0,0,0,0,1,0,0,1,0.24166666666666667
峰值处采样,0,0,0,0,1,0,0,1,0.24166666666666667
p4,0,0,0,0,1,0,0,1,0.24166666666666667
口龙,0,0,0,0,1,0,0,1,0.24166666666666667
传输序列,0,0,0,0,1,0,0,1,0.24166666666666667
载波间隔,0,0,0,0,1,1,0,2,0.48333333333333334
相位偏移,0,0,0,0,1,0,0,1,0.24166666666666667
idft操,0,0,0,0,1,0,0,1,0.24166666666666667
指数项,0,0,0,0,1,0,0,1,0.24166666666666667
离散,0,0,0,0,1,0,0,1,0.24166666666666667
综合影响系数,0,0,0,0,1,0,0,1,0.24166666666666667
rcs,0,0,0,0,1,0,0,1,0.24166666666666667
双向衰减常数,0,0,0,0,1,0,0,1,0.24166666666666667
光速,0,0,0,0,1,1,0,2,0.48333333333333334
目标反射,0,0,0,1,1,0,0,2,0.3666666666666667
多目标检测,0,0,0,0,1,0,1,2,0.48333333333333334
多目标测速测距,0,0,0,0,0,0,1,1,0.24166666666666667
目标测速测距,0,0,0,0,0,0,1,1,0.24166666666666667
雷达多目标探测,0,0,0,0,0,0,1,1,0.24166666666666667
系统模型,0,0,0,0,0,0,1,1,0.24166666666666667
调制符号,0,0,0,0,0,6,0,6,1.45
线性频移,0,0,0,0,0,1,0,1,0.24166666666666667
延时间轴,0,0,0,0,0,1,0,1,0.24166666666666667
线性相移,0,0,0,0,0,1,0,1,0.24166666666666667
间延频率轴,0,0,0,0,0,1,0,1,0.24166666666666667
离和速度,0,0,0,0,0,1,0,1,0.24166666666666667
含了,0,0,0,0,0,1,0,1,0.24166666666666667
接收符号,0,0,0,0,0,1,0,1,0.24166666666666667
反射物体,0,0,0,0,0,1,0,1,0.24166666666666667
接收矩阵,0,0,0,0,0,1,0,1,0.24166666666666667
副载波,0,0,0,0,0,1,0,1,0.24166666666666667
调制符号矩阵,0,0,0,0,0,1,0,1,0.24166666666666667
传输距离,0,0,0,0,0,1,0,1,0.24166666666666667
频移,0,0,0,0,0,1,0,1,0.24166666666666667
复调制符号,0,0,0,0,0,1,0,1,0.24166666666666667
符号个数,0,0,0,0,0,1,0,1,0.24166666666666667
ofdm发射端信号,0,0,0,0,0,1,0,1,0.24166666666666667
雷达算法,0,0,0,0,0,1,0,1,0.24166666666666667
接收调制符号,0,0,0,0,0,1,0,1,0.24166666666666667
载频辐射,0,0,0,0,0,1,0,1,0.24166666666666667
本地振荡器,0,0,0,0,0,1,0,1,0.24166666666666667
模拟信号,0,0,0,0,0,1,0,1,0.24166666666666667
并串转换,0,0,0,0,0,1,0,1,0.24166666666666667
傅里叶逆变换,0,0,0,0,0,1,0,1,0.24166666666666667
快速,0,0,0,0,0,1,0,1,0.24166666666666667
调制映射,0,0,0,0,0,1,0,1,0.24166666666666667
符号数据,0,0,0,0,0,1,0,1,0.24166666666666667
特性,0,0,0,0,0,1,0,1,0.24166666666666667
二维结构,0,0,0,0,0,1,0,1,0.24166666666666667
联合距离,0,0,0,0,0,1,0,1,0.24166666666666667
散射目标,0,0,0,0,0,2,0,2,0.48333333333333334
雷达测量,0,0,0,0,0,2,0,2,0.48333333333333334
升余弦滚降滤波器,0,0,0,0,0,1,0,1,0.24166666666666667
基带脉冲码序列,0,0,0,0,0,1,0,1,0.24166666666666667
关函数,0,0,0,0,0,1,0,1,0.24166666666666667
基带脉冲整形信号,0,0,0,0,0,1,0,1,0.24166666666666667
积分项,0,0,0,0,0,1,0,1,0.24166666666666667
ym,0,0,0,0,0,1,0,1,0.24166666666666667
ln冲厂,0,0,0,0,0,1,0,1,0.24166666666666667
lnsyntlnsyni,0,0,0,0,0,1,0,1,0.24166666666666667
雷达处理器,0,0,0,0,0,1,0,1,0.24166666666666667
相移,0,0,0,0,0,1,0,1,0.24166666666666667
衰减,0,0,0,0,0,1,0,1,0.24166666666666667
散射过程,0,0,0,0,0,1,0,1,0.24166666666666667
复杂振幅因子,0,0,0,0,0,1,0,1,0.24166666666666667
函数,0,0,0,0,0,1,0,1,0.24166666666666667
雷达接收机处理器,0,0,0,0,0,1,0,1,0.24166666666666667
伪随机序列,0,0,0,0,0,1,0,1,0.24166666666666667
传输信号,0,0,0,0,0,1,0,1,0.24166666666666667
fft变换,0,0,0,0,0,1,0,1,0.24166666666666667
相关接收,0,0,0,0,0,1,0,1,0.24166666666666667
匹配滤波,0,0,0,0,0,1,0,1,0.24166666666666667
自由空间,0,0,0,0,1,0,0,1,0.24166666666666667
jrcs信号,0,0,0,0,1,0,0,1,0.24166666666666667
目标反射者,0,0,0,0,1,0,0,1,0.24166666666666667
信息接收者,0,0,0,0,1,0,0,1,0.24166666666666667
雷达处理平台,0,0,0,0,1,0,0,1,0.24166666666666667
通信数据发送者,0,0,0,0,1,0,0,1,0.24166666666666667
雷达通信系统,0,0,0,1,1,0,0,2,0.3666666666666667
通信节点,0,0,0,0,1,0,0,1,0.24166666666666667
车联网雷达通信,0,0,0,0,1,0,0,1,0.24166666666666667
imp-ofdm发射信号,0,0,0,0,1,0,0,1,0.24166666666666667
信号波形,0,0,0,2,0,0,0,2,0.25
系统,0,0,0,1,1,0,0,2,0.3666666666666667
功能,0,0,0,2,0,0,0,2,0.25
通信距离,0,0,0,2,0,0,0,2,0.25
雷达探测能力,0,0,0,1,0,0,0,1,0.125
能量分配,0,0,0,1,0,0,0,1,0.125
探测功能,0,0,0,1,0,0,0,1,0.125
相控阵雷达阵面,0,0,0,1,0,0,0,1,0.125
分波束,0,0,0,1,0,0,0,1,0.125
探测盲区,0,0,0,1,0,0,0,1,0.125
雷达发射,0,0,0,1,0,0,0,1,0.125
时间资源,0,0,0,1,0,0,0,1,0.125
天线资源,0,0,0,1,0,0,0,1,0.125
分时,0,0,0,1,0,0,0,1,0.125
发射功率,0,0,0,5,0,0,0,5,0.625
系统带宽,0,0,0,3,0,0,0,3,0.375
阵列天线,0,0,0,2,0,0,0,2,0.25
大容量通信系统,0,0,0,2,0,0,0,2,0.25
fmcw,0,0,0,2,0,0,0,2,0.25
差异性,0,0,0,1,0,0,0,1,0.125
波束跟踪,0,0,0,1,0,0,0,1,0.125
毫米波无线通信系统,0,0,0,1,0,0,0,1,0.125
全向天线发射信号,0,0,0,1,0,0,0,1,0.125
覆盖,0,0,0,1,0,0,0,1,0.125
测量,0,0,0,1,0,0,0,1,0.125
连续波信号,0,0,0,1,0,0,0,1,0.125
时延差,0,0,0,1,0,0,0,1,0.125
照射待检测区域,0,0,0,1,0,0,0,1,0.125
工作制,0,0,0,1,0,0,0,1,0.125
大容量通信,0,0,0,1,0,0,0,1,0.125
相位调制,0,0,0,1,0,0,0,1,0.125
数字通信信息,0,0,0,1,0,0,0,1,0.125
雷达信息,0,0,0,1,0,0,0,1,0.125
类似信号,0,0,0,1,0,0,0,1,0.125
ontinuouswave,0,0,0,1,0,0,0,1,0.125
frequencymodulate,0,0,0,1,0,0,0,1,0.125
常规雷达系统,0,0,0,1,0,0,0,1,0.125
功率放大器,0,0,0,1,0,0,0,1,0.125
信号采样器,0,0,0,1,0,0,0,1,0.125
大带宽信号,0,0,0,1,0,0,0,1,0.125
最小分辨距离,0,0,0,1,0,0,0,1,0.125
信号带宽,0,0,0,1,0,0,0,1,0.125
4g移动通信,0,0,0,1,0,0,0,1,0.125
扩频通信系统,0,0,0,1,0,0,0,1,0.125
通信电台,0,0,0,1,0,0,0,1,0.125
兆瓦,0,0,0,1,0,0,0,1,0.125
感知距离,0,0,0,1,0,0,0,1,0.125
探测目标,0,0,0,1,0,0,0,1,0.125
无线电,0,0,0,1,0,0,0,1,0.125
编码,0,0,0,1,0,0,0,1,0.125
数字化,0,0,0,1,0,0,0,1,0.125
调制,0,0,0,1,0,0,0,1,0.125
信宿,0,0,0,1,0,0,0,1,0.125
信源,0,0,0,1,0,0,0,1,0.125
方位信息,0,0,0,1,0,0,0,1,0.125
高度,0,0,0,1,0,0,0,1,0.125
距离变化率,0,0,0,1,0,0,0,1,0.125
径向速度,0,0,0,1,0,0,0,1,0.125
接收设备,0,0,0,1,0,0,0,1,0.125
雷达天线,0,0,0,1,0,0,0,1,0.125
电磁波反射,0,0,0,1,0,0,0,1,0.125
电磁波能量,0,0,0,1,0,0,0,1,0.125
起始子载波,0,0,0,0,0,5,0,5,1.2083333333333333
周期,0,0,0,0,0,2,0,2,0.48333333333333334
脉冲同步,0,0,0,0,0,1,0,1,0.24166666666666667
帧头,0,0,0,0,0,1,0,1,0.24166666666666667
静默时间间隔,0,0,0,0,0,1,0,1,0.24166666666666667
上变频,0,0,0,0,0,1,0,1,0.24166666666666667
比特映射,0,0,0,0,0,1,0,1,0.24166666666666667
位置映射,0,0,0,0,0,1,0,1,0.24166666666666667
额外数据,0,0,0,0,0,1,0,1,0.24166666666666667
-ofdm,0,0,0,0,0,1,0,1,0.24166666666666667
比特映射关系,0,0,0,0,0,1,0,1,0.24166666666666667
iog,0,0,0,0,0,1,0,1,0.24166666666666667
多传输,0,0,0,0,0,1,0,1,0.24166666666666667
比特数据,0,0,0,0,0,1,0,1,0.24166666666666667
分配图样,0,0,0,0,0,1,0,1,0.24166666666666667
远距离车载雷达通信,0,0,0,0,0,1,0,1,0.24166666666666667
波形复用方案,0,0,1,0,0,0,0,1,0.125
传输效率,0,0,0,0,1,0,0,1,0.24166666666666667
位置索引,0,0,0,0,1,0,0,1,0.24166666666666667
估计距离,0,0,0,0,1,0,0,1,0.24166666666666667
通信解调,0,0,0,0,1,0,0,1,0.24166666666666667
nscmlog,0,0,0,0,1,0,0,1,0.24166666666666667
log,0,0,0,0,1,0,0,1,0.24166666666666667
fl,0,0,0,0,1,0,0,1,0.24166666666666667
不模糊距离心计,0,0,0,0,1,0,0,1,0.24166666666666667
nsmlog2,0,0,0,0,1,0,0,1,0.24166666666666667
雷达探测距离,0,0,0,0,1,0,0,1,0.24166666666666667
插入导频,0,0,0,0,1,0,0,1,0.24166666666666667
导频矩阵,1,0,0,0,2,0,0,3,1.4833333333333334
雷达信号接收,0,0,0,0,1,0,0,1,0.24166666666666667
雷达探测感知功能,0,0,0,0,1,0,0,1,0.24166666666666667
导频矩阵脉冲压缩,0,0,0,0,1,0,0,1,0.24166666666666667
coherentprocessing,0,0,0,0,1,0,0,1,0.24166666666666667
ofdm雷达通信,0,0,0,0,1,0,0,1,0.24166666666666667
导频插入,0,0,0,0,1,0,0,1,0.24166666666666667
雷达目标探测,0,0,0,0,1,0,0,1,0.24166666666666667
无线通信功能,1,0,0,0,1,0,0,2,1.2416666666666667
源节点,0,0,0,0,1,0,0,1,0.24166666666666667
短距离目标,1,0,0,0,1,0,0,2,1.2416666666666667
OFDM,0,1,0,0,0,0,0,1,2.0
一体化波形方案,1,0,0,0,0,0,0,1,1.0
标运动,1,0,0,0,0,0,0,1,1.0
短距离目,1,0,0,0,0,0,0,1,1.0
子载波传输,1,0,0,0,0,0,0,1,1.0
频谱资源利用率,1,0,0,0,0,0,0,1,1.0
计精度,1,0,0,0,0,0,0,1,1.0
目标检测,1,0,0,0,0,0,0,1,1.0
信息技术,1,0,0,0,0,0,0,1,1.0
智能平台,1,0,0,0,0,0,0,1,1.0
