,摘要,关键词,第一章,第二章,第三章,第四章,第五章,总词频,加权得分
无人机,9,0,112,19,52,189,7,388,85.30833333333334
路径,3,0,26,7,0,44,7,87,19.45
多址接入协议,0,0,25,13,2,0,0,40,5.233333333333333
碰撞,2,0,20,3,4,19,2,50,10.916666666666668
接入,0,0,8,3,4,0,0,15,2.341666666666667
控制信道,2,0,8,18,50,0,1,79,17.575
通信,3,0,12,0,14,7,2,38,10.058333333333334
数据包,1,0,7,3,42,1,2,56,13.125
节点,2,0,25,23,72,4,2,128,26.85
感知通信一体化,0,0,2,0,0,0,0,2,0.25
划算法,0,0,1,0,0,0,0,1,0.125
仿真验证算法,0,0,1,0,0,0,0,1,0.125
无冲突路径,0,0,1,0,0,3,0,4,0.85
碰撞信息,0,0,1,0,0,0,0,1,0.125
划信息,0,0,1,0,0,0,0,1,0.125
历史路径,0,0,1,0,0,0,0,1,0.125
反应距离,1,0,1,1,0,16,1,20,5.358333333333333
误差,0,0,1,0,0,0,0,1,0.125
轨迹预测,0,0,1,0,0,0,0,1,0.125
仿真,0,0,1,1,11,4,0,17,3.875
轨迹预测误差,0,0,1,0,0,7,0,8,1.8166666666666667
通信信息,0,0,1,3,0,7,1,12,2.4333333333333336
雷达,3,0,17,2,25,11,3,61,14.8
卡尔曼滤波器,0,0,3,7,0,20,2,32,6.566666666666666
共享碰撞信息,0,0,1,0,0,0,0,1,0.125
目标识别,1,0,1,0,0,1,0,3,1.3666666666666667
探测,0,0,1,1,5,6,0,13,2.908333333333333
一体化信号,0,0,1,1,4,15,1,22,5.083333333333333
调度雷达,0,0,1,0,1,0,0,2,0.3666666666666667
协议,3,0,3,1,4,0,1,12,4.708333333333333
三维动态障碍物,0,0,1,1,0,0,1,3,0.4916666666666667
自主防碰撞算法,0,0,1,0,0,0,1,2,0.3666666666666667
时延,2,0,2,4,19,6,1,34,9.033333333333333
吞吐量,1,0,5,2,19,0,2,29,6.95
优先级,0,0,4,0,7,0,0,11,2.1916666666666664
长度,0,0,1,0,9,0,0,10,2.3
信道复用模,0,0,1,0,0,0,0,1,0.125
多信道模型,0,0,1,2,1,0,0,4,0.6166666666666667
预留机制,3,0,1,1,18,0,1,24,7.841666666666667
拓扑,1,0,4,0,0,0,0,5,1.5
自主网络,0,0,2,0,0,0,0,2,0.25
调度,1,0,2,0,0,1,0,4,1.4916666666666667
雷达模式,0,0,1,0,0,0,0,1,0.125
一体化模式,0,0,1,0,0,0,0,1,0.125
一体化复用模式,0,0,1,0,0,0,0,1,0.125
雷达通信,1,0,8,2,13,0,1,25,5.633333333333333
飞行自组网络,0,0,1,0,0,0,0,1,0.125
组网,0,0,2,0,0,1,0,3,0.4916666666666667
防碰撞技术,0,0,3,2,0,2,1,8,1.35
无人机集群,0,0,4,0,0,7,0,11,2.1916666666666664
感知通信,1,0,1,1,0,0,1,4,1.4916666666666667
无人机网络,2,0,20,1,8,4,2,37,8.008333333333333
无人机自组网,2,0,8,1,1,0,0,12,3.3666666666666667
雷达通信一体化技术,0,0,3,0,0,0,0,3,0.375
遥控器,0,0,2,0,0,0,0,2,0.25
防撞技术,0,0,2,1,0,0,0,3,0.375
飞行活动,0,0,5,0,0,0,0,5,0.625
信道资源,0,0,2,4,6,0,0,12,2.2
mac协议,2,0,11,4,27,1,2,47,11.125
基础设施,1,0,2,0,0,0,0,3,1.25
单无人机系统,0,0,2,0,0,0,0,2,0.25
信息,0,0,5,1,4,5,0,15,2.925
一体化系统,0,0,1,0,0,0,0,1,0.125
通信系统,0,0,4,0,0,0,0,4,0.5
雷达通信一体化,0,0,2,0,2,0,0,4,0.7333333333333334
节点间通信功能,0,0,1,0,0,0,0,1,0.125
雷达功能,0,0,1,0,0,0,0,1,0.125
智能交通,0,0,1,0,0,0,0,1,0.125
系统性能,0,0,1,0,1,0,0,2,0.3666666666666667
频谱,0,0,2,0,0,0,0,2,0.25
尺寸,0,0,1,0,1,1,0,3,0.6083333333333334
飞行安全,0,0,2,1,2,1,0,6,1.1
路径规划,1,0,7,1,0,10,0,19,4.416666666666666
防碰撞,1,1,4,1,1,9,0,17,6.041666666666666
障碍物,1,0,12,0,1,18,0,32,7.091666666666667
无人机遥控器,0,0,1,0,0,0,0,1,0.125
无线通信链路,0,0,1,0,0,0,0,1,0.125
风湍流,0,0,1,0,0,0,0,1,0.125
民用无人机,0,0,1,0,0,0,0,1,0.125
商用无人机,0,0,1,0,0,0,0,1,0.125
民用航空,0,0,2,0,0,0,0,2,0.25
航空,0,0,1,0,0,0,0,1,0.125
有效通信机制,0,0,1,0,0,0,0,1,0.125
多址接入技术,0,0,1,1,0,0,0,2,0.25
qualityofservice,0,0,1,0,0,0,0,1,0.125
服务质量,0,0,1,0,0,0,0,1,0.125
负载,0,0,1,0,0,0,0,1,0.125
有效,0,0,1,0,0,0,0,1,0.125
通信协议,0,0,1,1,0,0,0,2,0.25
车载自组织,0,0,1,0,0,0,0,1,0.125
定位,0,0,1,0,0,0,0,1,0.125
计算能力,0,0,1,0,0,0,0,1,0.125
功耗,0,0,1,0,0,0,0,1,0.125
无线传播,0,0,1,0,0,0,0,1,0.125
移动性模式,0,0,1,0,0,0,0,1,0.125
节点密度,0,0,1,0,0,0,0,1,0.125
移动性,0,0,2,0,0,0,0,2,0.25
车载自主网络,0,0,1,0,0,0,0,1,0.125
移动自组织网络,0,0,1,0,0,0,0,1,0.125
飞行自组织网络,0,0,1,0,0,0,0,1,0.125
网络,0,0,3,0,1,0,0,4,0.6166666666666667
通信基础设施,0,0,1,0,0,0,0,1,0.125
灾难,0,0,1,0,0,0,0,1,0.125
通信互连,0,0,1,0,0,0,0,1,0.125
路由协议,0,0,1,0,0,0,0,1,0.125
动态拓扑,0,0,1,0,0,0,0,1,0.125
组网技术,0,0,1,0,0,0,0,1,0.125
全球定位系统,0,0,1,0,0,0,0,1,0.125
电池,0,0,1,0,0,0,0,1,0.125
无线接口,0,0,1,0,0,0,0,1,0.125
传感器,0,0,3,0,0,6,0,9,1.825
抗毁,0,0,1,0,0,0,0,1,0.125
效率,0,0,2,1,1,0,0,4,0.6166666666666667
军事,0,0,1,0,0,0,0,1,0.125
定位打击,0,0,1,0,0,0,0,1,0.125
边防巡逻,0,0,1,0,0,0,0,1,0.125
监视,0,0,1,0,0,1,0,2,0.3666666666666667
战场,0,0,1,0,0,0,0,1,0.125
监测,0,0,1,0,0,0,0,1,0.125
货物运输,0,0,1,0,0,0,0,1,0.125
农林植保作业,0,0,1,0,0,0,0,1,0.125
鲁棒,1,0,1,0,0,0,0,2,1.125
预测误差,0,0,1,3,0,10,0,14,2.9166666666666665
链路,0,0,0,3,2,0,0,5,0.8583333333333334
节点接入,1,0,0,3,1,0,0,5,1.6166666666666667
无人机防碰撞技术,0,0,0,1,0,0,0,1,0.125
算法,0,0,2,1,0,3,0,6,1.1
多无人机路径,0,0,0,1,0,0,0,1,0.125
危险,1,0,0,1,0,1,1,4,1.6083333333333334
感知信息,0,0,1,1,0,1,0,3,0.4916666666666667
感知模,0,0,0,1,0,0,0,1,0.125
性能,1,0,5,7,13,2,1,29,6.366666666666667
性能指标,0,0,0,1,0,0,0,1,0.125
数据传输,0,0,4,3,15,0,0,22,4.5
预约传输,0,0,0,1,0,0,0,1,0.125
节点接入模,0,0,0,1,0,0,0,1,0.125
a2a链路,0,0,0,1,4,0,0,5,1.0916666666666668
信道复用,0,0,0,1,3,0,0,4,0.85
airto,0,0,0,1,0,0,0,1,0.125
空地,0,0,0,1,0,0,0,1,0.125
airtoair,0,0,0,1,0,0,0,1,0.125
空对空,0,0,0,1,0,0,0,1,0.125
无人机网络链路,0,0,0,1,0,0,0,1,0.125
邻居表,0,0,0,0,6,0,0,6,1.45
邻居,0,0,0,0,8,0,0,8,1.9333333333333333
hello包,0,0,0,0,3,0,0,3,0.725
广播,0,0,1,2,3,0,0,6,1.1
邻居表信息,0,0,0,0,3,0,0,3,0.725
加速度,0,0,0,0,2,5,0,7,1.6916666666666667
速度,0,0,4,0,2,3,0,9,1.7083333333333333
接收,0,0,0,0,2,2,0,4,0.9666666666666667
发送,0,0,1,0,3,0,0,4,0.85
拓扑结构,0,0,1,0,3,0,0,4,0.85
握手,0,0,1,0,1,1,0,3,0.6083333333333334
id标识,0,0,0,0,1,0,0,1,0.24166666666666667
冲突,0,0,0,1,1,4,0,6,1.3333333333333333
邻居无人机,0,0,1,0,1,0,0,2,0.3666666666666667
通信握手,0,0,0,0,1,0,0,1,0.24166666666666667
扫描,0,0,0,0,3,1,1,5,1.2083333333333333
飞行环境,0,0,1,1,2,2,0,6,1.2166666666666668
传感器网络,0,0,0,0,1,0,0,1,0.24166666666666667
探测阶段,0,0,0,0,1,0,0,1,0.24166666666666667
信道,0,0,8,10,45,0,0,63,13.125
饱和吞吐量,0,0,0,0,14,0,0,14,3.3833333333333333
带宽,0,0,0,3,9,0,0,12,2.55
信道数目,0,0,0,0,5,0,0,5,1.2083333333333333
平均信道,0,0,0,0,2,0,0,2,0.48333333333333334
平均吞吐量,0,0,0,0,2,0,0,2,0.48333333333333334
信道数,0,0,0,0,2,0,0,2,0.48333333333333334
节点数,0,0,0,0,4,0,0,4,0.9666666666666667
数据信道,1,0,2,3,31,0,0,37,9.116666666666667
业务量,0,0,0,0,1,0,0,1,0.24166666666666667
总吞吐量,0,0,0,0,1,0,0,1,0.24166666666666667
信道带宽分配,0,0,0,0,1,0,0,1,0.24166666666666667
吐量,0,0,0,0,2,0,0,2,0.48333333333333334
平均,0,0,0,0,1,0,0,1,0.24166666666666667
总带宽系统,0,0,0,0,1,0,0,1,0.24166666666666667
数目系统,0,0,0,0,1,0,0,1,0.24166666666666667
系统,0,0,2,3,2,0,0,7,1.1083333333333334
传输速度,0,0,0,0,1,0,0,1,0.24166666666666667
纵坐标,0,0,0,0,3,2,0,5,1.2083333333333333
横坐标,0,0,0,0,3,2,0,5,1.2083333333333333
仿真参数,0,0,0,0,5,4,0,9,2.175
物理层速率,0,0,0,0,3,0,0,3,0.725
吞吐it,0,0,0,0,1,0,0,1,0.24166666666666667
公共控制信道,0,0,3,9,2,0,0,14,1.9833333333333334
公共跳频序列,0,0,1,4,0,0,0,5,0.625
公共控制时期,0,0,2,3,0,0,0,5,0.625
多信道mac协议,0,0,4,3,3,0,1,11,1.8416666666666668
mmac,0,0,1,2,0,0,0,3,0.375
聋音,0,0,0,2,0,0,0,2,0.25
隐藏终端,0,0,1,2,0,0,0,3,0.375
系统传输,0,0,1,2,0,0,0,3,0.375
能量消耗,0,0,1,2,0,0,0,3,0.375
信道间干扰,0,0,1,2,0,0,0,3,0.375
数据信息,0,0,3,3,2,0,0,8,1.2333333333333334
控制信息,0,0,3,2,2,0,0,7,1.1083333333333334
多信道,0,0,3,3,1,0,0,7,0.9916666666666667
分配控制信道,0,0,1,1,0,0,0,2,0.25
发送时延,0,0,1,1,0,0,0,2,0.25
hrma,0,0,1,1,0,0,0,2,0.25
acd-mac,0,0,1,1,0,0,0,2,0.25
fm-mac,0,0,1,1,0,0,0,2,0.25
数据包发送时延,0,0,0,1,0,0,0,1,0.125
数据包传输错误,0,0,1,1,0,0,0,2,0.25
时段,0,0,0,1,1,0,0,2,0.3666666666666667
路径规划算法,0,0,2,0,0,2,0,4,0.7333333333333334
历史路径规划信息,0,0,0,0,0,1,0,1,0.24166666666666667
无人机路径,0,0,1,0,0,1,0,2,0.3666666666666667
防碰撞算法,0,0,0,1,0,2,1,4,0.85
预测精度,2,0,0,0,0,4,1,7,3.208333333333333
多传感器,0,0,0,0,0,1,0,1,0.24166666666666667
感知模块,0,0,1,2,0,1,0,4,0.6166666666666667
防碰撞系统,0,0,1,2,0,0,0,3,0.375
避障动,0,0,0,1,0,0,0,1,0.125
操纵面,0,0,0,1,0,0,0,1,0.125
发动机,0,0,0,1,0,0,0,1,0.125
控制信号,0,0,1,1,0,0,0,2,0.25
约束,0,0,0,1,0,0,0,1,0.125
防碰撞决策模块,0,0,0,1,0,0,0,1,0.125
传感器设备,0,0,0,1,0,0,0,1,0.125
飞行控制系统,0,0,0,1,0,0,0,1,0.125
决策模块,0,0,0,1,0,0,0,1,0.125
预测模块,0,0,0,1,0,0,0,1,0.125
自主避障系统,0,0,0,1,0,0,0,1,0.125
接入节点,1,0,0,0,5,0,0,6,2.208333333333333
参数,0,0,1,0,10,8,0,19,4.475
预留时隙,0,0,0,0,3,0,0,3,0.725
接入数目,0,0,0,0,2,0,0,2,0.48333333333333334
无人机节点,0,0,3,0,10,1,0,14,3.033333333333333
预留时隙数,0,0,0,0,1,0,0,1,0.24166666666666667
固定接入节点,0,0,0,0,1,0,0,1,0.24166666666666667
接入数,0,0,0,0,1,0,0,1,0.24166666666666667
时隙,0,0,2,0,19,0,0,21,4.841666666666667
looobyte,0,0,0,0,2,0,0,2,0.48333333333333334
平均数据包,0,0,0,0,1,0,0,1,0.24166666666666667
bcts数据包,0,0,0,0,5,0,0,5,1.2083333333333333
slottime,0,0,0,0,2,0,0,2,0.48333333333333334
时隙长度,0,0,0,0,2,0,0,2,0.48333333333333334
cts数据包,0,0,0,0,10,0,0,10,2.4166666666666665
difs,0,0,0,0,2,0,0,2,0.48333333333333334
分布式协调帧间间隔,0,0,0,0,2,0,0,2,0.48333333333333334
rts数据包,0,0,0,0,7,0,0,7,1.6916666666666667
sifs,0,0,0,0,3,0,0,3,0.725
短帧间间隔,0,0,0,0,3,0,0,3,0.725
mac层包头,0,0,0,0,3,0,0,3,0.725
ack数据包,0,0,0,0,2,0,0,2,0.48333333333333334
lphy,0,0,0,0,1,0,0,1,0.24166666666666667
包头,0,0,0,0,5,0,0,5,1.2083333333333333
物理层,0,0,0,0,1,0,0,1,0.24166666666666667
resdata,0,0,0,0,1,0,0,1,0.24166666666666667
传输速率,0,0,0,0,1,0,0,1,0.24166666666666667
预约数据包长度,0,0,0,0,1,0,0,1,0.24166666666666667
传输时延,0,0,1,0,1,0,0,2,0.3666666666666667
预约数据包,0,0,0,0,1,0,0,1,0.24166666666666667
动态帧长,0,0,0,0,2,0,0,2,0.48333333333333334
预约时延,0,0,0,0,1,0,0,1,0.24166666666666667
动态多信道,0,0,0,0,2,0,0,2,0.48333333333333334
时间,0,0,2,0,7,2,0,11,2.425
留时隙,0,0,0,0,1,0,0,1,0.24166666666666667
泊松分布,0,0,0,0,1,0,0,1,0.24166666666666667
数据包传输,0,0,0,0,3,0,0,3,0.725
心血°,0,0,0,0,1,0,0,1,0.24166666666666667
节点i业务数据包,0,0,0,0,1,0,0,1,0.24166666666666667
业务数据包时延,0,0,0,0,1,0,0,1,0.24166666666666667
tdma,0,0,5,0,0,0,0,5,0.625
资源,0,0,4,0,4,0,0,8,1.4666666666666668
ur-mac,0,0,3,0,0,0,0,3,0.375
传输,1,0,4,0,3,0,0,8,2.225
接入冲突,0,0,3,0,2,0,1,6,1.1
lodmac,0,0,3,0,0,0,0,3,0.375
s-aloha,0,0,3,0,0,0,0,3,0.375
csma,0,0,3,0,0,0,0,3,0.375
车联网,0,0,2,0,5,0,0,7,1.4583333333333333
吞吐量性能,1,0,2,0,0,0,0,3,1.25
一体化,0,0,2,1,4,0,0,7,1.3416666666666668
空间,0,0,5,0,0,2,0,7,1.1083333333333334
雷达回波,0,0,2,0,2,1,0,5,0.975
多址接收机,0,0,2,0,0,0,0,2,0.25
通信信号,0,0,2,0,5,1,0,8,1.7
一体化波形,0,0,2,0,0,0,0,2,0.25
频谱资源,0,0,2,0,1,1,0,4,0.7333333333333334
mmac-da协议,0,0,2,0,0,0,0,2,0.25
cogmor-mac,0,0,2,0,0,0,0,2,0.25
控制时期,0,0,2,0,0,0,0,2,0.25
sdc-mac,0,0,2,0,0,0,0,2,0.25
运动,0,0,2,0,0,0,0,2,0.25
csma协议,0,0,2,0,0,0,0,2,0.25
tdma协议,0,0,2,0,0,0,0,2,0.25
优先级无人机节点,0,0,2,0,0,0,0,2,0.25
ca,0,0,2,0,0,0,0,2,0.25
multipleacces,0,0,2,0,0,0,0,2,0.25
终端,0,0,2,0,0,0,0,2,0.25
定向通信,0,0,2,0,1,0,0,3,0.4916666666666667
dtdma-mac,0,0,2,0,0,0,0,2,0.25
s-aloha协议,0,0,2,0,0,0,0,2,0.25
aloha协议,0,0,2,0,0,0,0,2,0.25
容量,0,0,2,0,0,0,0,2,0.25
复用,0,0,1,0,1,0,1,3,0.6083333333333334
帧长,0,0,1,0,1,0,0,2,0.3666666666666667
概率,0,0,2,0,0,1,0,3,0.4916666666666667
雷达波束,0,0,1,0,0,0,0,1,0.125
竞争节点数,0,0,1,0,0,0,0,1,0.125
智能车队,0,0,1,0,0,0,0,1,0.125
体化,0,0,1,0,3,0,1,5,1.0916666666666668
解码通信信息,0,0,1,0,0,0,0,1,0.125
频率,0,0,1,0,0,0,0,1,0.125
联合,0,0,1,0,0,0,0,1,0.125
通信发射机,0,0,1,0,0,0,0,1,0.125
一体化多址系统架构,0,0,1,0,0,0,0,1,0.125
干扰信号,0,0,1,0,0,0,0,1,0.125
接收机,0,0,1,0,0,0,0,1,0.125
时间自由度,0,0,1,0,0,0,0,1,0.125
自适应空间自由度,0,0,1,0,0,0,0,1,0.125
mcmur,0,0,1,0,0,0,0,1,0.125
多信道多用户接收机,0,0,1,0,0,0,0,1,0.125
波形,0,0,1,0,4,0,0,5,1.0916666666666668
fm,0,0,1,0,0,0,0,1,0.125
modulation,0,0,1,0,0,0,0,1,0.125
linearfrequency,0,0,1,0,0,0,0,1,0.125
线性调频,0,0,1,0,0,0,0,1,0.125
雷达波形,0,0,1,0,0,0,0,1,0.125
波形网,0,0,1,0,0,0,0,1,0.125
ofdm,0,0,1,0,0,0,0,1,0.125
multiplex,0,0,1,0,0,0,0,1,0.125
vision,0,0,1,0,0,0,0,1,0.125
orthogonalfrequency,0,0,1,0,0,0,0,1,0.125
正交频分复用,0,0,1,0,0,0,0,1,0.125
探测任,0,0,1,0,0,0,0,1,0.125
通信波形,0,0,1,0,0,0,0,1,0.125
雷达通信分离技术,0,0,1,0,0,0,0,1,0.125
通信共享资源,0,0,1,0,0,0,0,1,0.125
传感器信息,0,0,1,0,0,0,0,1,0.125
多雷达,0,0,1,0,0,0,0,1,0.125
雷达组网,0,0,1,0,0,0,0,1,0.125
波束对准,0,0,1,0,0,0,0,1,0.125
信道估计,0,0,1,0,0,0,0,1,0.125
加速动态网络,0,0,1,0,0,0,0,1,0.125
干扰,0,0,1,0,2,0,0,3,0.6083333333333334
干扰源,0,0,1,0,0,0,0,1,0.125
波束成形,0,0,1,0,0,0,0,1,0.125
预编码,0,0,1,0,0,0,0,1,0.125
干扰抑制,0,0,1,0,0,0,0,1,0.125
通信带宽,0,0,1,0,0,0,0,1,0.125
可用资源,0,0,1,0,2,0,0,3,0.6083333333333334
中高频,0,0,1,0,0,0,0,1,0.125
无线通信,0,0,1,0,0,0,0,1,0.125
通信模块,0,0,1,0,0,0,0,1,0.125
雷达模块,0,0,1,0,0,0,0,1,0.125
业务,0,0,1,0,0,0,0,1,0.125
待传输,0,0,1,0,0,0,0,1,0.125
带宽资源,0,0,1,0,0,0,0,1,0.125
多址技术,0,0,1,1,0,0,0,2,0.25
网络拓扑,0,0,1,0,0,0,0,1,0.125
多接入技术,0,0,1,0,0,0,0,1,0.125
动态,0,0,1,0,1,0,0,2,0.3666666666666667
高速运动,0,0,1,0,1,0,0,2,0.3666666666666667
多信道技术,0,0,1,2,0,0,0,3,0.375
安全信息包,1,0,1,0,6,0,0,8,2.575
定向天线,0,0,1,0,0,0,0,1,0.125
mmac-da,0,0,1,0,0,0,0,1,0.125
定向收发,0,0,1,0,0,0,0,1,0.125
duengoc,0,0,1,0,0,0,0,1,0.125
rbcs,0,0,1,0,0,0,0,1,0.125
信道选择协议,0,0,1,0,0,0,0,1,0.125
dca协议,1,0,1,8,31,0,0,41,9.616666666666667
分配信息,0,0,1,0,0,0,0,1,0.125
公共控制信道技术,0,0,1,0,0,0,0,1,0.125
交会,0,0,1,0,0,0,0,1,0.125
频谱感知,0,0,1,0,0,0,0,1,0.125
cogmor-mac协议,0,0,1,0,0,0,0,1,0.125
等待时间,0,0,1,0,0,0,0,1,0.125
预约机制,0,0,1,0,1,0,0,2,0.3666666666666667
多信道机,0,0,1,0,0,0,0,1,0.125
t多信道机,0,0,1,0,0,0,0,1,0.125
无线电,0,0,1,0,0,0,0,1,0.125
单跳预约多址协议,0,0,1,0,0,0,0,1,0.125
跳频,0,0,1,0,0,0,0,1,0.125
可用信道,0,0,1,0,0,0,0,1,0.125
跳频技术,0,0,1,0,0,0,0,1,0.125
公共跳频序列技术,0,0,1,0,0,0,0,1,0.125
同步,0,0,1,0,1,0,0,2,0.3666666666666667
hap,0,0,1,0,0,0,0,1,0.125
highaltitude,0,0,1,0,0,0,0,1,0.125
高空平台,0,0,1,0,0,0,0,1,0.125
业务信道,0,0,1,0,1,0,0,2,0.3666666666666667
业务负载,0,0,1,0,0,0,0,1,0.125
自适应信道,0,0,1,0,0,0,0,1,0.125
公共控制时,0,0,1,0,0,0,0,1,0.125
数据包传输时延,0,0,1,0,0,0,0,1,0.125
安全数据包传输,0,0,1,0,0,0,0,1,0.125
竞争接入,0,0,1,0,1,0,0,2,0.3666666666666667
时分复用,0,0,1,0,2,0,0,3,0.6083333333333334
fm-mac控制信息,0,0,1,0,0,0,0,1,0.125
qos保证,0,0,1,0,0,0,0,1,0.125
业务分组,0,0,1,0,0,0,0,1,0.125
链路中断,0,0,1,0,0,0,0,1,0.125
多信道接入协议,0,0,1,0,0,0,0,1,0.125
单网卡多信道mac协议,0,0,1,0,0,0,0,1,0.125
临时控制信道,0,0,1,0,0,0,0,1,0.125
控制,0,0,1,0,0,0,0,1,0.125
数据传输时期,0,0,1,0,0,0,0,1,0.125
公共控制,0,0,1,1,0,0,0,2,0.25
信道协,0,0,1,0,0,0,0,1,0.125
qos,0,0,1,0,0,0,0,1,0.125
车载自组网,0,0,1,0,0,0,0,1,0.125
多信道机制,0,0,1,5,0,0,0,6,0.75
性能变差,0,0,1,1,0,0,0,2,0.25
单信道,0,0,1,0,0,0,0,1,0.125
网络结构,0,0,1,0,0,0,0,1,0.125
中心,0,0,1,1,0,0,0,2,0.25
接入信道,0,0,1,0,0,0,0,1,0.125
簇内节点,0,0,1,0,0,0,0,1,0.125
fdma,0,0,1,0,0,0,0,1,0.125
multiplexing,0,0,1,0,0,0,0,1,0.125
frequencydivision,0,0,1,0,0,0,0,1,0.125
频分多址,0,0,1,0,0,0,0,1,0.125
簇头节点,0,0,1,0,0,0,0,1,0.125
调度型mac协议,0,0,1,0,0,0,0,1,0.125
动态分配,0,0,1,0,0,0,0,1,0.125
主从无人机节点,0,0,1,0,0,0,0,1,0.125
cc-mac,0,0,1,0,0,0,0,1,0.125
碰撞协调,0,0,1,0,0,0,0,1,0.125
窗口,0,0,1,0,0,0,0,1,0.125
紧急数据,0,0,1,0,0,2,0,3,0.6083333333333334
普通数据,0,0,1,0,0,0,0,1,0.125
实时多址接入协议,0,0,1,0,0,0,0,1,0.125
无人机通信模型,0,0,1,0,0,0,0,1,0.125
通信时间,0,0,1,0,0,0,0,1,0.125
fs-mac协议,0,0,1,0,0,0,0,1,0.125
切换,0,0,1,0,0,0,0,1,0.125
容错机制,0,0,1,0,0,0,0,1,0.125
q学习算法,0,0,1,0,0,0,0,1,0.125
fs-mac,0,0,1,0,0,0,0,1,0.125
容错同步协议,0,0,1,0,0,0,0,1,0.125
混合式,0,0,1,0,0,0,0,1,0.125
单一,0,0,1,0,0,0,0,1,0.125
混合类,0,0,1,0,0,0,0,1,0.125
资源利用率,0,0,1,0,0,0,0,1,0.125
cdma协议,0,0,1,0,0,0,0,1,0.125
pfsc-mac,0,0,1,0,0,0,0,1,0.125
优先帧,0,0,1,0,0,0,0,1,0.125
codedivision,0,0,1,0,0,0,0,1,0.125
码分多址,0,0,1,0,0,0,0,1,0.125
ud-mac,0,0,1,0,0,0,0,1,0.125
时延容忍,0,0,1,0,0,0,0,1,0.125
timedivision,0,0,1,0,0,0,0,1,0.125
时分多址,0,0,1,0,0,0,0,1,0.125
三维无人机自组网,0,0,1,0,0,0,0,1,0.125
信道传输数据,0,0,1,0,0,0,0,1,0.125
冲突处理机制,0,0,1,0,0,0,0,1,0.125
密集网络,0,0,1,0,0,0,0,1,0.125
时延性能,1,0,1,0,0,0,1,3,1.3666666666666667
重传,0,0,1,0,0,0,0,1,0.125
退避,0,0,1,0,0,0,0,1,0.125
冲突变,0,0,1,0,0,0,0,1,0.125
网络延迟,0,0,1,0,0,0,0,1,0.125
收发器,0,0,1,0,0,0,0,1,0.125
不对称,0,0,1,0,0,0,0,1,0.125
802.11dcf,0,0,1,1,0,0,0,2,0.25
定向多址接入协议,0,0,1,0,0,0,0,1,0.125
退避策略,0,0,1,0,0,0,0,1,0.125
制帧,0,0,1,0,0,0,0,1,0.125
11csma,0,0,1,0,0,0,0,1,0.125
coordinationfunction,0,0,1,0,0,0,0,1,0.125
ributed,0,0,1,0,0,0,0,1,0.125
di,0,0,1,0,0,0,0,1,0.125
分布式协调功能,0,0,1,0,0,0,0,1,0.125
信道利用率,0,0,1,0,0,0,0,1,0.125
时间同步,0,0,1,0,0,0,0,1,0.125
存储,0,0,1,0,0,0,0,1,0.125
主节点,0,0,1,0,0,0,0,1,0.125
无线模块,0,0,1,0,0,0,0,1,0.125
动态多址协议,0,0,1,0,0,0,0,1,0.125
接入通信,0,0,1,0,0,0,0,1,0.125
slotted-aloh,0,0,1,0,0,0,0,1,0.125
时隙aloha,0,0,1,0,0,0,0,1,0.125
ca)协议,0,0,1,0,0,0,0,1,0.125
sion,0,0,1,0,0,0,0,1,0.125
ac,0,0,1,0,0,0,0,1,0.125
ip,0,0,1,0,0,0,0,1,0.125
em,0,0,1,0,0,0,0,1,0.125
carriers,0,0,1,0,0,0,0,1,0.125
碰撞避免,0,0,2,0,0,3,0,5,0.975
多点接入,0,0,1,0,0,0,0,1,0.125
载波监听,0,0,1,0,0,0,0,1,0.125
非竞争,0,0,1,0,0,0,0,1,0.125
竞争,0,0,1,0,0,0,0,1,0.125
历史信息,0,0,0,0,0,1,0,1,0.24166666666666667
感知,0,0,2,1,1,6,0,10,2.0666666666666664
防碰撞过程,0,0,1,0,0,2,1,4,0.85
紧急信息,0,0,0,0,2,1,0,3,0.725
威胁,0,0,0,0,0,1,0,1,0.24166666666666667
环境,0,0,0,0,1,1,0,2,0.48333333333333334
信息交换,0,0,0,0,0,1,0,1,0.24166666666666667
无人机集群防碰撞技术,0,0,0,0,0,1,0,1,0.24166666666666667
波束复用,0,0,0,0,2,0,0,2,0.48333333333333334
理论性能,0,0,0,0,1,0,0,1,0.24166666666666667
时隙预约,0,0,0,0,1,0,0,1,0.24166666666666667
时隙复用,0,0,0,0,1,0,0,1,0.24166666666666667
信息传输,0,0,0,0,2,0,0,2,0.48333333333333334
跳数,0,0,0,0,1,0,0,1,0.24166666666666667
4a2a链路,0,0,0,0,1,0,0,1,0.24166666666666667
接入效率,0,0,0,1,6,0,0,7,1.575
接入次数,0,0,0,0,3,0,0,3,0.725
节点接入效率,1,0,0,0,1,0,1,3,1.4833333333333334
机制,0,0,0,0,1,0,0,1,0.24166666666666667
接入时隙,0,0,0,0,1,0,0,1,0.24166666666666667
跳节点,0,0,0,0,1,0,0,1,0.24166666666666667
拥塞,0,0,0,2,2,0,0,4,0.7333333333333334
碰撞概率,0,0,1,0,2,0,0,3,0.6083333333333334
竞争窗口,0,0,0,0,1,0,0,1,0.24166666666666667
空闲时隙,0,0,0,0,2,0,0,2,0.48333333333333334
res数据包,0,0,0,0,1,0,0,1,0.24166666666666667
错误帧间间隔,0,0,0,0,1,0,0,1,0.24166666666666667
重传次数,0,0,0,0,1,0,0,1,0.24166666666666667
2dca协议,0,0,0,0,1,0,0,1,0.24166666666666667
雷达通信波形,0,0,0,0,3,0,1,4,0.9666666666666667
复用模式,0,0,0,0,3,0,0,3,0.725
rc模式,0,0,0,0,1,0,0,1,0.24166666666666667
r模式,0,0,0,0,1,0,0,1,0.24166666666666667
雷达通信系统,0,0,0,0,1,0,0,1,0.24166666666666667
扫描方,0,0,0,0,1,0,0,1,0.24166666666666667
radarcommunication,0,0,0,0,1,0,0,1,0.24166666666666667
radar,0,0,0,0,1,0,0,1,0.24166666666666667
雷达通信波形一体化,0,0,0,0,1,0,0,1,0.24166666666666667
通信方向,0,0,0,0,1,0,0,1,0.24166666666666667
复用模式雷达,0,0,0,0,1,0,0,1,0.24166666666666667
信号,0,0,3,0,1,0,0,4,0.6166666666666667
探测频段,0,0,0,0,1,0,0,1,0.24166666666666667
空间隔离,0,0,0,0,1,0,0,1,0.24166666666666667
波束,0,0,0,0,9,0,0,9,2.175
间复用,0,0,0,0,1,0,0,1,0.24166666666666667
频段,0,0,0,0,2,0,0,2,0.48333333333333334
频分复用模式,0,0,0,0,1,0,0,1,0.24166666666666667
连续探测,0,0,0,0,1,0,0,1,0.24166666666666667
空分,0,0,0,0,1,0,0,1,0.24166666666666667
频分,0,0,0,0,1,0,0,1,0.24166666666666667
时分,0,0,0,0,1,0,0,1,0.24166666666666667
安全数据包,0,0,0,0,2,0,0,2,0.48333333333333334
低时延,0,0,0,0,2,0,0,2,0.48333333333333334
信道预留机制,0,0,0,0,1,0,0,1,0.24166666666666667
协商,0,0,0,0,1,0,0,1,0.24166666666666667
业务数据包,1,0,0,0,9,0,1,11,3.4166666666666665
数据,0,0,0,0,4,2,0,6,1.45
危险警示,0,0,0,0,1,0,0,1,0.24166666666666667
位置信息,0,0,1,0,1,1,0,3,0.6083333333333334
车辆,0,0,0,0,1,0,0,1,0.24166666666666667
三维运动,0,0,0,0,1,0,0,1,0.24166666666666667
道路,0,0,0,0,1,0,0,1,0.24166666666666667
拓扑变化,0,0,0,0,1,0,0,1,0.24166666666666667
暴露终端,0,0,0,0,1,0,0,1,0.24166666666666667
雷达通信分离,0,0,0,0,1,0,0,1,0.24166666666666667
设备,0,0,0,1,1,0,0,2,0.3666666666666667
无人机集群节点接入,0,0,0,0,1,0,0,1,0.24166666666666667
动态障碍物,0,0,2,2,0,31,0,35,7.991666666666667
雷达探测,0,0,0,0,1,5,0,6,1.45
安全距离,0,0,0,0,0,6,0,6,1.45
一体化探测,0,0,0,0,0,6,0,6,1.45
飞行路径信息,0,0,0,0,0,2,0,2,0.48333333333333334
普通障碍物,0,0,0,0,0,5,0,5,1.2083333333333333
等效半径,0,0,0,0,0,3,0,3,0.725
轨迹点,0,0,0,0,0,2,0,2,0.48333333333333334
无人机集群信息,0,0,0,0,0,1,0,1,0.24166666666666667
共享轨迹信息,0,0,0,0,0,2,0,2,0.48333333333333334
远距离通信,0,0,0,0,0,1,0,1,0.24166666666666667
探测信息,0,0,0,0,0,2,0,2,0.48333333333333334
rrt树,0,0,0,2,0,1,0,3,0.4916666666666667
握手通信,0,0,0,0,0,1,0,1,0.24166666666666667
响应,0,0,0,0,0,1,0,1,0.24166666666666667
rrt*算法,0,0,0,4,0,10,0,14,2.9166666666666665
路径共享,0,0,0,0,0,1,0,1,0.24166666666666667
历史信息路径,0,0,0,0,0,1,0,1,0.24166666666666667
重置起点,0,0,0,0,0,1,0,1,0.24166666666666667
集合,0,0,0,2,0,1,0,3,0.4916666666666667
rrt*,0,0,0,0,0,1,0,1,0.24166666666666667
起始点,0,0,0,0,0,1,0,1,0.24166666666666667
点集,0,0,0,0,0,1,0,1,0.24166666666666667
障碍物轨迹信息,0,0,0,0,0,1,0,1,0.24166666666666667
动态障碍物轨迹,0,0,0,0,0,1,1,2,0.48333333333333334
路径冲突,0,0,0,0,0,1,0,1,0.24166666666666667
t时刻,0,0,0,0,0,1,0,1,0.24166666666666667
距离,0,0,1,1,1,7,0,10,2.1833333333333336
飞行轨迹点,0,0,0,0,0,1,0,1,0.24166666666666667
动态障碍物轨迹信息,0,0,0,0,0,1,0,1,0.24166666666666667
运动方程,0,0,0,0,0,1,0,1,0.24166666666666667
观测信息,0,0,0,0,0,3,0,3,0.725
球体模型,0,0,0,0,0,1,0,1,0.24166666666666667
环境信息,0,0,1,0,0,1,0,2,0.3666666666666667
轨迹,0,0,2,0,0,9,2,13,2.908333333333333
飞行轨迹,0,0,1,0,0,1,0,2,0.3666666666666667
地图,0,0,0,0,0,1,0,1,0.24166666666666667
碰撞模型,0,0,0,0,0,5,0,5,1.2083333333333333
实时,0,0,0,0,0,4,0,4,0.9666666666666667
纵向距离,0,0,0,0,0,4,0,4,0.9666666666666667
横向距离,0,0,0,0,0,4,0,4,0.9666666666666667
反应时间,0,0,0,0,0,3,0,3,0.725
半径,0,0,0,1,0,5,0,6,1.3333333333333333
避免过程,0,0,0,0,0,2,0,2,0.48333333333333334
初始反应距离,0,0,0,0,0,2,0,2,0.48333333333333334
减速运动,0,0,0,0,0,2,0,2,0.48333333333333334
实时距离,0,0,0,0,0,2,0,2,0.48333333333333334
躲避措,0,0,0,0,0,2,0,2,0.48333333333333334
飞行速度,0,0,0,0,0,5,0,5,1.2083333333333333
外接球,0,0,0,0,0,2,0,2,0.48333333333333334
转向角速度,0,0,0,0,0,2,0,2,0.48333333333333334
运动位移,0,0,0,0,0,1,0,1,0.24166666666666667
sinyfsina,0,0,0,0,0,1,0,1,0.24166666666666667
躲避措施,0,0,0,0,0,1,0,1,0.24166666666666667
匀速直线运动,0,0,0,0,0,1,0,1,0.24166666666666667
最小,0,0,0,0,0,1,0,1,0.24166666666666667
小距离,0,0,0,0,0,1,0,1,0.24166666666666667
转向,0,0,0,0,0,1,0,1,0.24166666666666667
最小距离,0,0,0,0,0,1,0,1,0.24166666666666667
位移,0,0,0,0,0,1,0,1,0.24166666666666667
右时刻速度,0,0,0,0,0,1,0,1,0.24166666666666667
匀减速直线运动,0,0,0,0,0,1,0,1,0.24166666666666667
变加速,0,0,0,0,0,1,0,1,0.24166666666666667
转向角速,0,0,0,0,0,1,0,1,0.24166666666666667
旋转角速度,0,0,0,0,0,3,0,3,0.725
转向角,0,0,0,0,0,1,0,1,0.24166666666666667
xoy平面,0,0,0,0,0,1,0,1,0.24166666666666667
平面,0,0,0,1,0,1,0,2,0.3666666666666667
理时间,0,0,0,0,0,1,0,1,0.24166666666666667
成功通信,0,0,0,0,0,1,0,1,0.24166666666666667
飞行航向,0,0,0,0,0,1,0,1,0.24166666666666667
巩血,0,0,0,0,0,1,0,1,0.24166666666666667
zj,0,0,0,0,0,1,0,1,0.24166666666666667
避障,0,0,3,1,0,3,0,7,1.225
运动约束,0,0,0,0,0,1,0,1,0.24166666666666667
无人机制动系统,0,0,0,0,0,1,0,1,0.24166666666666667
偏离航线,0,0,0,0,0,1,0,1,0.24166666666666667
航线,0,0,0,0,0,1,0,1,0.24166666666666667
预测,0,0,1,0,0,3,0,4,0.85
碰撞避免策略,0,0,0,0,0,1,0,1,0.24166666666666667
预约时隙,0,0,0,0,4,0,0,4,0.9666666666666667
节点接入过程,0,0,0,0,2,0,0,2,0.48333333333333334
预约信道,0,0,0,0,1,0,0,1,0.24166666666666667
预约,0,0,0,0,5,0,0,5,1.2083333333333333
rts-cts-bcts,0,0,0,0,1,0,0,1,0.24166666666666667
周边节点,0,0,0,1,1,0,0,2,0.3666666666666667
预约信息,0,0,0,0,4,0,0,4,0.9666666666666667
bcts包,0,0,0,0,1,0,0,1,0.24166666666666667
无人机a,0,0,0,0,1,0,0,1,0.24166666666666667
节点a,0,0,0,0,1,0,0,1,0.24166666666666667
信道占用,0,0,0,0,1,0,0,1,0.24166666666666667
rts请求,0,0,0,0,1,0,0,1,0.24166666666666667
节点d,0,0,0,0,1,0,0,1,0.24166666666666667
转弯路径,0,0,0,0,0,1,0,1,0.24166666666666667
传输路径,0,0,0,0,1,1,0,2,0.48333333333333334
连通路径,0,0,0,0,0,1,0,1,0.24166666666666667
地面控制站无人机,0,0,0,0,1,1,0,2,0.48333333333333334
无人机通信,0,0,0,0,0,1,0,1,0.24166666666666667
回波,0,0,0,0,1,1,0,2,0.48333333333333334
雷达感知,0,0,0,0,0,1,0,1,0.24166666666666667
动态障碍,0,0,0,0,0,1,0,1,0.24166666666666667
a2g链路,0,0,0,0,5,1,0,6,1.45
cnpc链路,0,0,0,0,2,0,0,2,0.48333333333333334
安全信息,1,0,0,0,3,0,1,5,1.9666666666666668
地面控制站,0,0,0,0,4,0,0,4,0.9666666666666667
低时延传输,1,0,0,0,1,0,0,2,1.2416666666666667
紧急数据包,1,0,0,0,10,2,2,15,4.383333333333333
时隙资源,0,0,0,0,4,0,0,4,0.9666666666666667
紧急信息包,0,0,0,0,2,0,0,2,0.48333333333333334
跟踪,0,0,0,0,1,0,0,1,0.24166666666666667
cnpca2a链路,0,0,0,0,1,0,0,1,0.24166666666666667
cnpca2g链路,0,0,0,0,1,0,0,1,0.24166666666666667
波段,0,0,0,0,1,0,0,1,0.24166666666666667
l波段,0,0,0,0,1,0,0,1,0.24166666666666667
回避信息,0,0,0,0,1,0,0,1,0.24166666666666667
状态,0,0,0,5,1,1,0,7,1.1083333333333334
飞机,0,0,3,1,1,0,0,5,0.7416666666666667
地面系统,0,0,0,0,1,0,0,1,0.24166666666666667
cnpc,0,0,0,0,1,0,0,1,0.24166666666666667
安全关键信息,0,0,0,0,1,0,0,1,0.24166666666666667
双向通信,0,0,0,0,1,0,0,1,0.24166666666666667
延迟,0,0,0,0,1,0,0,1,0.24166666666666667
可靠性,0,0,0,0,1,0,0,1,0.24166666666666667
无人机系统,0,0,1,0,1,0,0,2,0.3666666666666667
全双工,0,0,0,0,1,0,0,1,0.24166666666666667
丢包,0,0,0,0,1,0,0,1,0.24166666666666667
多信道多址接入协议,0,0,0,1,2,0,0,3,0.6083333333333334
任务数据包,0,0,0,0,3,0,0,3,0.725
广播信息,0,0,0,1,1,0,0,2,0.3666666666666667
确认信息,0,0,0,0,1,0,0,1,0.24166666666666667
调度无人机通信,0,0,0,0,1,0,0,1,0.24166666666666667
分布式网络,0,0,0,0,1,0,0,1,0.24166666666666667
链路图,0,0,0,0,1,0,0,1,0.24166666666666667
pc,0,0,0,0,1,0,0,1,0.24166666666666667
payloadcommunication,0,0,0,0,1,0,0,1,0.24166666666666667
non,0,0,0,0,1,0,0,1,0.24166666666666667
无负载通信,0,0,0,0,1,0,0,1,0.24166666666666667
无人机任务,0,0,0,0,1,0,0,1,0.24166666666666667
a2a链路传输,0,0,0,0,1,0,0,1,0.24166666666666667
系统链路,0,0,0,0,2,0,0,2,0.48333333333333334
碰撞检测模块,0,0,0,0,0,3,0,3,0.725
碰撞避免模块,0,0,0,0,0,2,0,2,0.48333333333333334
防碰撞措施,0,0,0,0,0,1,0,1,0.24166666666666667
碰撞状态,0,0,0,0,1,1,0,2,0.48333333333333334
通信连接,0,0,0,0,0,1,0,1,0.24166666666666667
ack确认信号,0,0,0,0,0,1,0,1,0.24166666666666667
收发碰撞,0,0,0,0,0,1,0,1,0.24166666666666667
飞行,2,0,1,0,1,1,0,5,2.6083333333333334
飞行状态,0,0,0,0,0,1,0,1,0.24166666666666667
定向探测,0,0,0,0,0,1,0,1,0.24166666666666667
一体化信号通信,0,0,0,0,0,1,0,1,0.24166666666666667
探测识别,0,0,0,0,0,1,0,1,0.24166666666666667
雷达检测,0,0,0,0,0,1,0,1,0.24166666666666667
感知数据,0,0,0,0,0,1,0,1,0.24166666666666667
波形一体化,1,0,0,0,0,1,1,3,1.4833333333333334
感知过程,0,0,0,0,0,1,0,1,0.24166666666666667
体化题,0,0,0,0,0,1,0,1,0.24166666666666667
自主防碰撞系统,0,0,1,0,0,1,0,2,0.3666666666666667
rrt算法,0,0,10,10,0,6,0,26,3.95
蚁群算法,0,0,7,0,0,0,0,7,0.875
遗传算法,0,0,7,0,0,1,0,8,1.1166666666666667
小型无人机,0,0,7,0,0,0,0,7,0.875
人工势场算法,0,0,5,0,0,0,0,5,0.625
ads-b,0,0,5,0,0,0,0,5,0.625
神经网络算法,0,0,4,0,0,0,0,4,0.5
flarm,0,0,4,0,0,0,0,4,0.5
位置,0,0,4,0,1,0,0,5,0.7416666666666667
染色体,0,0,3,0,0,0,0,3,0.375
启发式算法,0,0,3,0,0,0,0,3,0.375
收敛速度,0,0,3,0,0,0,0,3,0.375
多边形,0,0,3,0,0,0,0,3,0.375
voronoi图,0,0,3,0,0,0,0,3,0.375
laguerre图算法,0,0,3,0,0,0,0,3,0.375
dubins曲线算法,0,0,3,0,0,0,0,3,0.375
dubins曲线,0,0,3,0,0,0,0,3,0.375
碰撞区域,0,0,3,0,0,0,0,3,0.375
图论,0,0,3,0,0,0,0,3,0.375
tcas,0,0,3,0,0,0,0,3,0.375
碰撞预测,0,0,3,2,0,4,0,9,1.5916666666666668
轻型无人机,0,0,3,0,0,0,0,3,0.375
飞行限制,0,0,2,0,0,0,0,2,0.25
路径搜索,0,0,2,0,0,1,0,3,0.4916666666666667
机器人,0,0,2,0,0,0,0,2,0.25
飞行路径,0,0,2,0,0,4,0,6,1.2166666666666668
voronoi图搜索算法,0,0,2,0,0,0,0,2,0.25
垂直平分线,0,0,2,0,0,0,0,2,0.25
voronoi图算法,0,0,2,0,0,0,0,2,0.25
切线,0,0,2,0,0,0,0,2,0.25
碰撞锥算法,0,0,2,0,0,0,0,2,0.25
几何算法,0,0,2,0,0,0,0,2,0.25
几何,0,0,2,0,0,0,0,2,0.25
ekf,0,0,2,0,0,0,0,2,0.25
kalmanfilter,0,0,2,0,0,0,0,2,0.25
噪声,0,0,2,0,0,0,0,2,0.25
非视觉检测,0,0,2,0,0,0,0,2,0.25
视觉检测,0,0,2,0,0,0,0,2,0.25
无人机感知系统,0,0,2,0,0,0,0,2,0.25
障碍物信息,0,0,2,0,0,0,0,2,0.25
合作式,0,0,2,0,0,0,0,2,0.25
预警系统,0,0,2,0,0,0,0,2,0.25
飞行员,0,0,2,1,0,0,0,3,0.375
隔离空域,0,0,2,0,0,0,0,2,0.25
飞行空域,0,0,2,0,0,0,0,2,0.25
民用航空局,0,0,2,0,0,0,0,2,0.25
飞行控制法规,0,0,2,0,0,0,0,2,0.25
空间搜索,0,0,1,0,0,0,0,1,0.125
收敛能力,0,0,1,0,0,0,0,1,0.125
学习机制,0,0,1,0,0,0,0,1,0.125
引导因子,0,0,1,0,0,0,0,1,0.125
状态转移,0,0,1,0,0,0,0,1,0.125
引导系统,0,0,1,0,0,0,0,1,0.125
正反馈信号,0,0,1,0,0,0,0,1,0.125
蚂蚁,0,0,1,0,0,0,0,1,0.125
遗传算子,0,0,1,0,0,0,0,1,0.125
过早停滞,0,0,1,0,0,0,0,1,0.125
自适应微分多目标优,0,0,1,0,0,0,0,1,0.125
多基因结构,0,0,1,0,0,0,0,1,0.125
多目标优化,0,0,1,0,0,0,0,1,0.125
兴趣点,0,0,1,0,0,0,0,1,0.125
man,0,0,1,0,0,0,0,1,0.125
解编码,0,0,1,0,0,0,0,1,0.125
优化,0,0,1,0,0,0,0,1,0.125
智能优化算法,0,0,1,0,0,0,0,1,0.125
训练速度,0,0,1,0,0,0,0,1,0.125
神经网络,0,0,1,0,0,0,0,1,0.125
行为空间,0,0,1,0,0,0,0,1,0.125
感知空间,0,0,1,0,0,0,0,1,0.125
广义模糊竞争神经网络,0,0,1,0,0,0,0,1,0.125
路径规划算,0,0,1,0,0,1,0,2,0.3666666666666667
控制指令,0,0,1,0,0,0,0,1,0.125
反向传播算法,0,0,1,0,0,0,0,1,0.125
图像,0,0,1,0,0,0,0,1,0.125
无人机视觉系统,0,0,1,0,0,0,0,1,0.125
人工神经网络,0,0,1,0,0,0,0,1,0.125
图像信息,0,0,1,0,0,0,0,1,0.125
gps位置信息,0,0,1,0,0,0,0,1,0.125
启发式避碰算法,0,0,1,0,0,0,0,1,0.125
最优,0,0,1,0,0,0,0,1,0.125
近似,0,0,1,0,0,0,0,1,0.125
无人飞行器,0,0,1,0,0,0,0,1,0.125
航向角,0,0,1,0,0,0,0,1,0.125
势函数,0,0,1,0,0,0,0,1,0.125
势函数信息,0,0,1,0,0,0,0,1,0.125
rt,0,0,1,0,0,0,0,1,0.125
anytimerrt,0,0,1,0,0,0,0,1,0.125
时间rrt算法,0,0,1,0,0,0,0,1,0.125
bi-directionalrrt,0,0,1,0,0,0,0,1,0.125
双向rrt算法,0,0,1,0,0,0,0,1,0.125
无人机路径规划,0,0,1,0,0,0,0,1,0.125
动态约束,0,0,1,0,0,1,0,2,0.3666666666666667
威胁区域,0,0,1,0,0,0,0,1,0.125
rrt,0,0,1,0,0,1,0,2,0.3666666666666667
domtree,0,0,1,0,0,0,0,1,0.125
exploration,0,0,1,0,0,0,0,1,0.125
rapid,0,0,1,0,0,0,0,1,0.125
快速搜索树,0,0,1,0,0,0,0,1,0.125
快速搜索树算法,0,0,1,0,0,0,0,1,0.125
障碍物模型,0,0,1,0,0,0,0,1,0.125
高斯混合模型,0,0,1,0,0,0,0,1,0.125
力场,0,0,1,0,0,0,0,1,0.125
虚拟力场,0,0,1,0,0,0,0,1,0.125
laguerre算法,0,0,1,0,0,0,0,1,0.125
飞行任务,0,0,1,0,0,0,0,1,0.125
laguerre图,0,0,1,0,0,0,0,1,0.125
圆形,0,0,1,0,0,0,0,1,0.125
直线,0,0,1,0,0,0,0,1,0.125
laguerre,0,0,1,0,0,0,0,1,0.125
dijkstra,0,0,1,0,0,0,0,1,0.125
网格,0,0,1,0,0,0,0,1,0.125
静态目标,0,0,1,0,0,0,0,1,0.125
路径算法,0,0,1,0,0,0,0,1,0.125
地面避障,0,0,1,0,0,0,0,1,0.125
二维路径,0,0,1,0,0,0,0,1,0.125
最短路径,0,0,1,0,0,0,0,1,0.125
dijkstra算法,0,0,1,0,0,0,0,1,0.125
障碍物多边形,0,0,1,0,0,0,0,1,0.125
最短曲线,0,0,1,0,0,0,0,1,0.125
避碰,0,0,1,0,0,0,0,1,0.125
转弯,0,0,1,0,0,0,0,1,0.125
夹角,0,0,1,0,0,0,0,1,0.125
球形风险区域,0,0,1,0,0,0,0,1,0.125
避让策略,0,0,1,0,0,0,0,1,0.125
相对速度,0,0,1,0,0,0,0,1,0.125
相对,0,0,1,0,0,0,0,1,0.125
锥体,0,0,1,0,0,0,0,1,0.125
圆柱,0,0,1,0,0,0,0,1,0.125
球体,0,0,1,0,0,0,0,1,0.125
空中避碰,0,0,1,0,0,0,0,1,0.125
经典算法,0,0,1,0,0,0,0,1,0.125
飞行平台,0,0,1,0,0,0,0,1,0.125
短期碰撞,0,0,1,0,0,0,0,1,0.125
滤波器算法,0,0,1,0,0,0,0,1,0.125
外界干扰,0,0,1,0,0,0,0,1,0.125
风阻,0,0,1,0,0,0,0,1,0.125
移动障碍物,0,0,1,0,0,0,0,1,0.125
ekf算法,0,0,1,0,0,0,0,1,0.125
路径损耗,0,0,1,0,0,0,0,1,0.125
强度,0,0,1,0,0,0,0,1,0.125
通信接收信号,0,0,1,0,0,0,0,1,0.125
运动状态,0,0,1,0,0,0,0,1,0.125
先验,0,0,1,0,0,0,0,1,0.125
kf,0,0,1,0,0,0,0,1,0.125
扩展,0,0,1,0,0,0,0,1,0.125
滤波器,0,0,1,1,0,1,0,3,0.4916666666666667
检测滤波法,0,0,1,0,0,0,0,1,0.125
碰撞检测算法,0,0,1,0,0,0,0,1,0.125
目标轨迹,0,0,1,0,0,0,0,1,0.125
测滤波法,0,0,1,0,0,0,0,1,0.125
通信链路,0,0,1,0,1,0,0,2,0.3666666666666667
高分辨率,0,0,1,0,0,0,0,1,0.125
避障雷达,0,0,1,0,0,0,0,1,0.125
雷达传感系统,0,0,1,0,0,0,0,1,0.125
飞行控制器,0,0,1,0,0,0,0,1,0.125
避障系统,0,0,1,0,0,0,0,1,0.125
探测概率,0,0,1,0,0,0,0,1,0.125
探测距离,0,0,1,0,0,0,0,1,0.125
雷达设计,0,0,1,0,0,0,0,1,0.125
检测,0,0,1,0,0,0,0,1,0.125
角度检测,0,0,1,0,0,0,0,1,0.125
雷达系统,0,0,1,0,0,0,0,1,0.125
mimo,0,0,1,0,0,0,0,1,0.125
multiple,0,0,1,0,0,0,0,1,0.125
multipleinput,0,0,1,0,0,0,0,1,0.125
多输lb,0,0,1,0,0,0,0,1,0.125
多输入,0,0,1,0,0,0,0,1,0.125
障碍物检测,0,0,1,0,0,0,0,1,0.125
主动传感器,0,0,1,0,0,0,0,1,0.125
障碍,0,0,1,0,0,0,0,1,0.125
发送信号,0,0,1,0,0,0,0,1,0.125
声纳,0,0,1,0,0,0,0,1,0.125
激光,0,0,1,0,0,0,0,1,0.125
主动型,0,0,1,0,0,0,0,1,0.125
被动型传感器,0,0,1,0,0,0,0,1,0.125
电光,0,0,1,0,0,0,0,1,0.125
热成像,0,0,1,0,0,0,0,1,0.125
红外,0,0,1,0,0,0,0,1,0.125
被动型,0,0,1,0,0,0,0,1,0.125
被动,0,0,1,0,0,0,0,1,0.125
主动,0,0,1,0,0,0,0,1,0.125
视觉系统,0,0,1,0,0,0,0,1,0.125
反射性表面,0,0,1,0,0,0,0,1,0.125
天气,0,0,1,0,0,0,0,1,0.125
视觉环境,0,0,1,0,0,0,0,1,0.125
避撞,0,0,1,0,0,0,0,1,0.125
数字图像处理算法,0,0,1,0,0,0,0,1,0.125
视觉检测技术,0,0,1,0,0,0,0,1,0.125
障碍物感知,0,0,1,0,0,0,0,1,0.125
信息共享,0,0,1,0,0,0,0,1,0.125
无人机间,0,0,1,0,0,0,1,2,0.3666666666666667
合作式感知系统,0,0,1,0,0,0,0,1,0.125
轨迹编码,0,0,1,0,0,0,0,1,0.125
交通感知技术,0,0,1,0,0,0,0,1,0.125
标识信息,0,0,1,0,0,0,0,1,0.125
四维位置信息,0,0,1,0,0,0,0,1,0.125
民航,0,0,1,0,0,0,0,1,0.125
ads-b监控技术,0,0,1,0,0,0,0,1,0.125
自动广播,0,0,1,0,0,0,0,1,0.125
垂直机动指令,0,0,1,0,0,0,0,1,0.125
tcas系统,0,0,1,0,0,0,0,1,0.125
航向,0,0,1,0,0,0,0,1,0.125
高度,0,0,1,0,0,4,0,5,1.0916666666666668
询问信号,0,0,1,0,0,0,0,1,0.125
感知系统,0,0,1,0,0,0,0,1,0.125
大中型无人机,0,0,1,0,0,0,0,1,0.125
otcas,0,0,1,0,0,0,0,1,0.125
flightalarm,0,0,1,0,0,0,0,1,0.125
飞行警报系统,0,0,1,0,0,0,0,1,0.125
防撞系统,0,0,1,0,0,0,0,1,0.125
障碍物感知系统,0,0,1,0,0,0,0,1,0.125
状态信息,0,0,1,0,0,0,0,1,0.125
合作式感知设备,0,0,1,0,0,0,0,1,0.125
态势信,0,0,1,0,0,0,0,1,0.125
共享飞行区域,0,0,1,0,0,0,0,1,0.125
合作,0,0,1,0,0,0,0,1,0.125
无人机障碍物,0,0,1,0,0,0,0,1,0.125
规避,0,0,1,0,0,0,0,1,0.125
无人机感知,0,0,1,0,0,0,0,1,0.125
自主防碰撞,0,0,1,0,0,0,0,1,0.125
运动速度,0,0,1,0,0,0,0,1,0.125
as,0,0,1,0,0,0,0,1,0.125
trafficcollisionavoidancesystem,0,0,1,0,0,0,0,1,0.125
交通避碰系统,0,0,1,0,0,0,0,1,0.125
broadcastsystem,0,0,1,0,0,0,0,1,0.125
rveillance,0,0,1,0,0,0,0,1,0.125
automaticdependent,0,0,1,0,0,0,0,1,0.125
广播系统,0,0,1,0,0,0,0,1,0.125
监视-,0,0,1,0,0,0,0,1,0.125
自动相,0,0,1,0,0,0,0,1,0.125
飞行器,0,0,1,0,0,0,0,1,0.125
订单号,0,0,1,0,0,0,0,1,0.125
第三方系统,0,0,1,0,0,0,0,1,0.125
远程识别,0,0,1,0,0,0,0,1,0.125
航空局,0,0,1,0,0,0,0,1,0.125
动态数据,0,0,1,0,0,0,0,1,0.125
飞行持续时间,0,0,1,0,0,0,0,1,0.125
植保无人机,0,0,1,0,0,0,0,1,0.125
飞行动态数据,0,0,1,0,0,0,0,1,0.125
轻型,0,0,1,0,0,0,0,1,0.125
飞行条件,0,0,1,0,0,0,0,1,0.125
飞行空间,0,0,1,0,0,0,0,1,0.125
运营商,0,0,1,0,0,0,0,1,0.125
民用,0,0,1,0,0,0,0,1,0.125
联邦航空条例,0,0,1,0,0,0,0,1,0.125
联邦航空局,0,0,1,0,0,0,0,1,0.125
中大型无人机,0,0,1,0,0,0,0,1,0.125
垂直,0,0,1,0,0,0,0,1,0.125
水平,0,0,1,0,0,0,0,1,0.125
小型,0,0,1,0,0,0,0,1,0.125
飞行区域,0,0,1,0,0,0,0,1,0.125
航路,0,0,1,0,0,0,0,1,0.125
无人机防碰撞系统,0,0,1,0,0,0,0,1,0.125
邻域,0,0,0,3,0,1,0,4,0.6166666666666667
父节点,0,0,0,3,0,0,0,3,0.375
连线,0,0,0,3,0,0,0,3,0.375
测量向量,0,0,0,3,0,0,0,3,0.375
状态向量,0,0,0,3,0,1,0,4,0.6166666666666667
路径代价,0,0,0,2,0,0,0,2,0.25
znearest,0,0,0,2,0,0,0,2,0.25
布线,0,0,0,2,0,1,0,3,0.4916666666666667
乙如,0,0,0,2,0,0,0,2,0.25
协方差矩阵,0,0,0,2,0,2,0,4,0.7333333333333334
状态更新,0,0,0,2,0,0,0,2,0.25
状态预测,0,0,0,2,0,0,0,2,0.25
泰勒级数,0,0,0,2,0,0,0,2,0.25
冲突区域,0,0,0,1,0,1,0,2,0.3666666666666667
乙申,0,0,0,1,0,0,0,1,0.125
znew,0,0,0,1,0,0,0,1,0.125
are,0,0,0,1,0,0,0,1,0.125
z应帕,0,0,0,1,0,0,0,1,0.125
邻域节点,0,0,0,1,0,1,0,2,0.3666666666666667
快速探索随机树,0,0,0,1,0,0,0,1,0.125
初始状态,0,0,0,1,0,0,0,1,0.125
最小检测步长,0,0,0,1,0,0,0,1,0.125
叶子节点,0,0,0,1,0,0,0,1,0.125
检测步长,0,0,0,1,0,0,0,1,0.125
采样点,0,0,0,1,0,0,0,1,0.125
rrt搜索树,0,0,0,1,0,0,0,1,0.125
节点信息,0,0,0,1,0,0,0,1,0.125
目标点,0,0,0,1,0,0,0,1,0.125
初始点,0,0,0,1,0,2,0,3,0.6083333333333334
扩展节点,0,0,0,1,0,0,0,1,0.125
根节点,0,0,0,1,0,0,0,1,0.125
构造采样点,0,0,0,1,0,0,0,1,0.125
随机扩展树,0,0,0,1,0,0,0,1,0.125
叶节点,0,0,0,1,0,0,0,1,0.125
采样,0,0,0,1,0,1,0,2,0.3666666666666667
搜索,0,0,0,1,0,0,0,1,0.125
概率采样,0,0,0,1,0,0,0,1,0.125
三维空间,0,0,0,1,0,0,0,1,0.125
静态障碍物,0,0,0,1,0,6,0,7,1.575
更新状态向量,0,0,0,1,0,0,0,1,0.125
滤波增益,0,0,0,1,0,0,0,1,0.125
龙伙,0,0,0,1,0,0,0,1,0.125
观测向量,0,0,0,1,0,2,0,3,0.6083333333333334
时刻,0,0,0,1,0,1,0,2,0.3666666666666667
1时刻,0,0,0,1,0,0,0,1,0.125
卡尔曼滤波器算法,0,0,0,1,0,0,0,1,0.125
外作用,0,0,0,1,0,0,0,1,0.125
雅可,0,0,0,1,0,0,0,1,0.125
测量噪声,0,0,0,1,0,0,0,1,0.125
过程噪声,0,0,0,1,0,0,0,1,0.125
预测测量,0,0,0,1,0,0,0,1,0.125
预测状态,0,0,0,1,0,0,0,1,0.125
时间步长,0,0,0,1,0,0,0,1,0.125
测量模型函数,0,0,0,1,0,0,0,1,0.125
动态模型函数,0,0,0,1,0,0,0,1,0.125
状态向量滤波值,0,0,0,1,0,0,0,1,0.125
测量方程,0,0,0,1,0,0,0,1,0.125
过程方程,0,0,0,1,0,0,0,1,0.125
测量值,0,0,0,1,0,0,0,1,0.125
动态行为,0,0,0,1,0,0,0,1,0.125
向量,0,0,0,1,0,1,0,2,0.3666666666666667
卡尔曼滤波,0,0,0,1,0,0,0,1,0.125
收敛,0,0,0,1,0,0,0,1,0.125
输入量,0,0,0,1,0,0,0,1,0.125
偏差,0,0,0,1,0,0,0,1,0.125
最优轨迹预测,0,0,0,1,0,0,0,1,0.125
轨迹预测能力,0,0,0,1,0,0,0,1,0.125
线性化,0,0,0,1,0,0,0,1,0.125
非线性系统,0,0,0,1,0,0,0,1,0.125
均方误差,0,0,0,1,0,0,0,1,0.125
紧急信息数据包,0,0,0,0,1,0,0,1,0.24166666666666667
信道队列,0,0,0,0,1,0,0,1,0.24166666666666667
定向传输数据包,0,0,0,0,1,0,0,1,0.24166666666666667
identification,0,0,0,0,1,0,0,1,0.24166666666666667
身份标识,0,0,0,0,1,0,0,1,0.24166666666666667
接入瓶颈,0,0,0,0,1,0,0,1,0.24166666666666667
通信信道,0,0,0,0,1,0,0,1,0.24166666666666667
空闲状态,0,0,0,0,1,0,0,1,0.24166666666666667
侦听信道,0,0,0,0,1,0,0,1,0.24166666666666667
指令,0,0,0,0,1,0,0,1,0.24166666666666667
频分复用,0,0,0,0,1,0,0,1,0.24166666666666667
速度信息,0,0,0,0,1,0,0,1,0.24166666666666667
地面,0,0,0,0,1,0,0,1,0.24166666666666667
周边环境,0,0,0,0,1,0,0,1,0.24166666666666667
数据包格式,1,0,0,0,2,0,0,3,1.4833333333333334
业务数据表,0,0,0,0,1,0,0,1,0.24166666666666667
雷达保护间隔,0,0,0,0,1,0,0,1,0.24166666666666667
分量,0,0,0,0,0,2,0,2,0.48333333333333334
三维坐标轴,0,0,0,0,0,2,0,2,0.48333333333333334
k时刻无人机,0,0,0,0,0,2,0,2,0.48333333333333334
运动状态信息,0,0,0,0,0,2,0,2,0.48333333333333334
融合过程,0,0,0,0,0,1,0,1,0.24166666666666667
多传感器信息,0,0,0,0,0,1,0,1,0.24166666666666667
雷达探测信息,0,0,0,0,0,1,0,1,0.24166666666666667
测量数据,0,0,0,0,0,1,0,1,0.24166666666666667
非线性运动,0,0,0,0,0,1,0,1,0.24166666666666667
状态向量融合,0,0,0,0,0,1,0,1,0.24166666666666667
测量数据融合,0,0,0,0,0,1,0,1,0.24166666666666667
多无人机信息融合,0,0,0,0,0,1,0,1,0.24166666666666667
目标观测数据,0,0,0,0,0,1,0,1,0.24166666666666667
障碍物轨迹,1,0,0,0,0,1,0,2,1.2416666666666667
观测噪声协方差矩阵,0,0,0,0,0,1,0,1,0.24166666666666667
过程噪声协方差矩阵,0,0,0,0,0,2,0,2,0.48333333333333334
初始化协方差矩阵,0,0,0,0,0,1,0,1,0.24166666666666667
竖坐标,0,0,0,0,0,1,0,1,0.24166666666666667
直角坐标系,0,0,0,0,0,1,0,1,0.24166666666666667
直角坐标,0,0,0,0,0,1,0,1,0.24166666666666667
俯仰角,0,0,0,0,0,1,0,1,0.24166666666666667
偏航角,0,0,0,0,0,1,0,1,0.24166666666666667
k时刻雷达,0,0,0,0,0,1,0,1,0.24166666666666667
雷达观测值,0,0,0,0,0,1,0,1,0.24166666666666667
通信预测值,0,0,0,0,0,1,0,1,0.24166666666666667
融合信息,0,0,0,0,0,1,0,1,0.24166666666666667
信息融合,0,0,0,0,0,1,0,1,0.24166666666666667
雷达扫描,1,0,0,0,0,1,0,2,1.2416666666666667
通信范围,0,0,0,0,0,1,0,1,0.24166666666666667
自组网,0,0,0,4,0,0,0,4,0.5
逻辑控制层,0,0,0,2,0,0,0,2,0.25
数据链路层,0,0,0,2,0,0,0,2,0.25
多址接入,2,1,0,1,0,0,0,4,4.125
新能,0,0,0,1,0,0,0,1,0.125
业务数据包传输,0,0,0,1,0,0,0,1,0.125
通信机制,0,0,0,1,0,0,0,1,0.125
自组织网络结构,0,0,0,1,0,0,0,1,0.125
高动态拓扑,0,0,0,1,0,0,0,1,0.125
信道带宽,0,0,0,1,0,0,0,1,0.125
信道聚合技术,0,0,0,1,0,0,0,1,0.125
802.1in协议,0,0,0,1,0,0,0,1,0.125
802」lb协议,0,0,0,1,0,0,0,1,0.125
802.1la协议,0,0,0,1,0,0,0,1,0.125
wifi标准,0,0,0,1,0,0,0,1,0.125
抗干扰能力,0,0,0,1,0,0,0,1,0.125
组网效率,0,0,0,1,0,0,0,1,0.125
多接入协议,0,0,0,1,0,0,0,1,0.125
节点接入信道,0,0,0,1,0,0,0,1,0.125
连通性,0,0,0,1,0,0,0,1,0.125
用户,0,0,0,1,0,0,0,1,0.125
用户调度信道资源,0,0,0,1,0,0,0,1,0.125
子层,0,0,0,1,0,0,0,1,0.125
分层,0,0,0,1,0,0,0,1,0.125
信息碰撞,0,0,0,1,0,0,0,1,0.125
分配,1,0,0,1,0,0,0,2,1.125
资源管理,0,0,0,1,0,0,0,1,0.125
点坐标,0,0,0,0,0,2,0,2,0.48333333333333334
坐标,0,0,0,0,0,2,0,2,0.48333333333333334
等效球半径,0,0,0,0,0,2,0,2,0.48333333333333334
基带ram,0,0,0,0,0,2,0,2,0.48333333333333334
操作系统,0,0,0,0,0,2,0,2,0.48333333333333334
处理器,0,0,0,0,0,2,0,2,0.48333333333333334
仿真实验环境,0,0,0,0,0,2,0,2,0.48333333333333334
多无人机,0,0,0,0,0,4,0,4,0.9666666666666667
目标点坐标,0,0,0,0,0,1,0,1,0.24166666666666667
初始点坐标,0,0,0,0,0,1,0,1,0.24166666666666667
仿真多无人机,0,0,0,0,0,1,0,1,0.24166666666666667
路径探索信息,0,0,0,0,0,1,0,1,0.24166666666666667
时延方差,0,0,0,0,0,1,0,1,0.24166666666666667
时延曲线,0,0,0,0,1,1,0,2,0.48333333333333334
仿真次数,0,0,0,0,0,1,0,1,0.24166666666666667
紧急制动,0,0,0,0,0,1,0,1,0.24166666666666667
风速,0,0,0,0,0,1,0,1,0.24166666666666667
目标,0,0,0,0,0,1,0,1,0.24166666666666667
运动轨迹,0,0,0,0,0,1,0,1,0.24166666666666667
规划空间,0,0,0,0,0,1,0,1,0.24166666666666667
三维,0,0,0,0,0,1,0,1,0.24166666666666667
一体化探测信息,0,0,0,0,0,1,0,1,0.24166666666666667
角速度,0,0,0,0,0,1,0,1,0.24166666666666667
旋转,0,0,0,0,0,1,0,1,0.24166666666666667
飞行速,0,0,0,0,0,1,0,1,0.24166666666666667
10,0,0,0,0,0,1,0,1,0.24166666666666667
笔记本,0,0,0,0,0,1,0,1,0.24166666666666667
2020,0,0,0,0,0,1,0,1,0.24166666666666667
matlab,0,0,0,0,0,1,0,1,0.24166666666666667
仿真软件,0,0,0,0,0,1,0,1,0.24166666666666667
10pro,0,0,0,0,0,1,0,1,0.24166666666666667
64位,0,0,0,0,0,1,0,1,0.24166666666666667
仿真实验,0,0,0,0,0,2,0,2,0.48333333333333334
预约接入,0,0,0,0,1,0,0,1,0.24166666666666667
无人机业务,0,0,0,0,1,0,0,1,0.24166666666666667
无人机业务数据包,0,0,0,0,1,0,0,1,0.24166666666666667
紧急信息包时延,0,0,0,0,1,0,0,1,0.24166666666666667
感知避障系统,0,0,0,2,0,0,0,2,0.25
空域,0,0,0,1,0,0,0,1,0.125
规避系统,0,0,0,1,0,0,0,1,0.125
安全通信,0,0,0,0,1,0,0,1,0.24166666666666667
调度模式,0,0,0,0,1,0,0,1,0.24166666666666667
雷达通信复用模式,0,0,0,0,1,0,0,1,0.24166666666666667
探测功能,0,0,0,0,1,0,0,1,0.24166666666666667
安全,0,0,0,0,1,0,0,1,0.24166666666666667
通信时延,0,0,0,0,0,2,0,2,0.48333333333333334
曲线,0,0,0,0,0,2,0,2,0.48333333333333334
展翼长度,0,0,0,0,0,2,0,2,0.48333333333333334
航向方向长度,0,0,0,0,0,2,0,2,0.48333333333333334
仿真图,0,0,0,0,0,1,0,1,0.24166666666666667
紧急通信时延,0,0,0,0,0,1,0,1,0.24166666666666667
分界线,0,0,0,0,0,1,0,1,0.24166666666666667
安全区域,0,0,0,0,0,1,0,1,0.24166666666666667
紧急通信,0,0,0,0,0,1,0,1,0.24166666666666667
固定无人机,0,0,0,0,0,1,0,1,0.24166666666666667
紧急通信时间,0,0,0,0,0,1,0,1,0.24166666666666667
雷达通信信息融合,0,0,0,0,0,1,1,2,0.48333333333333334
单无人机探测,0,0,0,0,0,1,0,1,0.24166666666666667
无人机探测信息,0,0,0,0,0,1,0,1,0.24166666666666667
单无人机,0,0,0,0,0,1,0,1,0.24166666666666667
无人机信息,0,0,0,0,0,1,0,1,0.24166666666666667
雷达误差,0,0,0,0,0,1,0,1,0.24166666666666667
采样周期,0,0,0,0,0,1,0,1,0.24166666666666667
飞行参数,0,0,0,0,0,1,0,1,0.24166666666666667
大疆无人机,0,0,0,0,0,1,0,1,0.24166666666666667
对角矩阵,0,0,0,0,0,1,0,1,0.24166666666666667
对角线,0,0,0,0,0,1,0,1,0.24166666666666667
观测噪声,0,0,0,0,0,1,0,1,0.24166666666666667
三维直角坐标系,0,0,0,0,0,1,0,1,0.24166666666666667
转弯运动,0,0,0,0,0,1,0,1,0.24166666666666667
目标速度,0,0,0,0,0,1,0,1,0.24166666666666667
旋转角,0,0,0,0,0,1,0,1,0.24166666666666667
3d障碍物,0,0,0,0,0,2,0,2,0.48333333333333334
无人机集群防碰撞,1,0,0,0,0,1,0,2,1.2416666666666667
通信协作,0,0,0,0,0,1,0,1,0.24166666666666667
三维环境,0,0,0,0,0,1,0,1,0.24166666666666667
三维动态障碍物环,0,0,0,0,0,1,0,1,0.24166666666666667
3d动态障碍物,0,0,0,0,0,1,0,1,0.24166666666666667
d*lite算法,0,0,0,0,0,1,0,1,0.24166666666666667
冲突检查,0,0,0,0,0,1,0,1,0.24166666666666667
无人机飞行,0,0,0,0,0,1,0,1,0.24166666666666667
飞行环境信息,0,0,0,0,0,1,0,1,0.24166666666666667
运动相机,0,0,0,0,0,1,0,1,0.24166666666666667
3d-informedrrt,0,0,0,0,0,1,0,1,0.24166666666666667
飞行能耗,0,0,0,0,0,1,0,1,0.24166666666666667
威胁区,0,0,0,0,0,1,0,1,0.24166666666666667
蚁群优化算法,0,0,0,0,0,1,0,1,0.24166666666666667
人工势场法,0,0,0,0,0,1,0,1,0.24166666666666667
图论方法,0,0,0,0,0,1,0,1,0.24166666666666667
无人,0,0,0,0,0,1,0,1,0.24166666666666667
复杂度,0,0,0,0,0,1,0,1,0.24166666666666667
路径点,0,0,0,0,0,1,0,1,0.24166666666666667
物理约束,0,0,0,0,0,1,0,1,0.24166666666666667
环境约束,0,0,0,0,0,1,0,1,0.24166666666666667
侦察,0,0,0,0,0,1,0,1,0.24166666666666667
发送节点,0,0,0,3,6,0,0,9,1.825
数据接口,0,0,0,3,1,0,0,4,0.6166666666666667
控制接口,0,0,0,3,0,0,0,3,0.375
控制瓶颈,0,0,0,1,0,0,0,1,0.125
信道瓶颈,0,0,0,1,0,0,0,1,0.125
数据信道资源,0,0,0,1,0,0,0,1,0.125
接入网络,0,0,0,1,0,0,0,1,0.125
协议接入,0,0,0,1,0,0,0,1,0.125
目的节点,0,0,0,1,0,0,0,1,0.125
信息包,0,0,0,1,0,0,0,1,0.125
serve,0,0,0,1,0,0,0,1,0.125
预留,0,0,0,1,0,0,0,1,0.125
cts,0,0,0,1,0,0,0,1,0.125
clear,0,0,0,1,0,0,0,1,0.125
清除发送,0,0,0,1,0,0,0,1,0.125
rts信息,0,0,0,1,0,0,0,1,0.125
rts,0,0,0,1,1,0,0,2,0.3666666666666667
request,0,0,0,1,0,0,0,1,0.125
请求,0,0,0,1,0,0,0,1,0.125
协商信道,0,0,0,1,0,0,0,1,0.125
信道分配,0,0,0,1,0,0,0,1,0.125
节点数据,0,0,0,1,0,0,0,1,0.125
协商效率,0,0,0,1,0,0,0,1,0.125
接入过程,0,0,0,1,0,0,0,1,0.125
信道分配策,0,0,0,1,0,0,0,1,0.125
空闲信道,0,0,0,1,0,0,0,1,0.125
数据收发,0,0,0,1,0,0,0,1,0.125
信道信息,0,0,0,1,2,0,0,3,0.6083333333333334
协商信息,0,0,0,1,0,0,0,1,0.125
瓶颈,0,0,0,0,3,0,0,3,0.725
时隙数,0,0,0,0,2,0,0,2,0.48333333333333334
传输时间,0,0,0,0,2,0,0,2,0.48333333333333334
有效载荷,0,0,0,0,2,0,0,2,0.48333333333333334
预约请求,0,0,0,0,1,0,0,1,0.24166666666666667
多信道协议,0,0,0,0,1,0,0,1,0.24166666666666667
prlslcls,0,0,0,0,1,0,0,1,0.24166666666666667
发送队列,0,0,0,0,1,0,0,1,0.24166666666666667
预约数据,0,0,0,0,1,0,0,1,0.24166666666666667
时间损耗,0,0,0,0,1,0,0,1,0.24166666666666667
数据包包长,0,0,0,0,1,0,0,1,0.24166666666666667
物理信道速率,0,0,0,0,1,0,0,1,0.24166666666666667
传输效率,0,0,0,0,1,0,0,1,0.24166666666666667
dr,0,0,0,0,1,0,0,1,0.24166666666666667
物理层包头,0,0,0,0,1,0,0,1,0.24166666666666667
有效载荷信息,0,0,0,0,1,0,0,1,0.24166666666666667
碰撞时间,0,0,0,0,1,0,0,1,0.24166666666666667
空闲概率,0,0,0,0,1,0,0,1,0.24166666666666667
成功传输概率,0,0,0,0,1,0,0,1,0.24166666666666667
数据包长度,0,0,0,0,1,0,0,1,0.24166666666666667
pctc,0,0,0,0,1,0,0,1,0.24166666666666667
pna,0,0,0,0,1,0,0,1,0.24166666666666667
tpsts,0,0,0,0,1,0,0,1,0.24166666666666667
数据预约,0,0,0,0,1,0,0,1,0.24166666666666667
信道协商,0,0,0,0,1,0,0,1,0.24166666666666667
饱和,0,0,0,0,1,0,0,1,0.24166666666666667
时间长度,0,0,0,0,1,0,0,1,0.24166666666666667
单位,0,0,0,0,1,0,0,1,0.24166666666666667
有效数据包长度,0,0,0,0,1,0,0,1,0.24166666666666667
端对端,0,0,0,0,1,0,0,1,0.24166666666666667
接收节点,0,0,0,0,5,0,0,5,1.2083333333333333
雷达回波间隔,0,0,0,0,3,0,0,3,0.725
雷达回波信号,0,0,0,0,2,0,0,2,0.48333333333333334
确认信号,0,0,0,0,2,0,0,2,0.48333333333333334
小数据包,0,0,0,0,2,0,0,2,0.48333333333333334
传输过程,0,0,0,0,1,0,0,1,0.24166666666666667
探测能力,0,0,0,0,1,0,0,1,0.24166666666666667
802.11n协议,0,0,0,0,1,0,0,1,0.24166666666666667
雷达距离分辨率,0,0,0,0,1,0,0,1,0.24166666666666667
分辨率,0,0,0,0,1,0,0,1,0.24166666666666667
光速,0,0,0,0,1,0,0,1,0.24166666666666667
dm=chb,0,0,0,0,1,0,0,1,0.24166666666666667
分辨率性能,0,0,0,0,1,0,0,1,0.24166666666666667
探测性能,0,0,0,0,1,0,0,1,0.24166666666666667
噪声干扰,0,0,0,0,1,0,0,1,0.24166666666666667
解调雷达信号,0,0,0,0,1,0,0,1,0.24166666666666667
送信号,0,0,0,0,1,0,0,1,0.24166666666666667
雷达信号,0,0,0,0,1,0,0,1,0.24166666666666667
雷达回波发射,0,0,0,0,1,0,0,1,0.24166666666666667
acknowledgement,0,0,0,0,1,0,0,1,0.24166666666666667
shortinterframespace,0,0,0,0,1,0,0,1,0.24166666666666667
回波间隔,0,0,0,0,1,0,0,1,0.24166666666666667
头部,0,0,0,0,2,0,0,2,0.48333333333333334
定向传输数据,0,0,0,0,1,0,0,1,0.24166666666666667
收发节点,0,0,0,0,1,0,0,1,0.24166666666666667
无冲突接入,0,0,0,0,1,0,0,1,0.24166666666666667
广播bcts数据包,0,0,0,0,1,0,0,1,0.24166666666666667
rts数据,0,0,0,0,1,0,0,1,0.24166666666666667
无人机网络节点,0,0,0,0,1,0,0,1,0.24166666666666667
邻居广播,0,0,0,0,1,0,0,1,0.24166666666666667
新规划算法,0,0,0,0,0,0,1,1,0.24166666666666667
共享路径,0,0,0,0,0,0,1,1,0.24166666666666667
控制信道瓶颈,1,0,0,0,0,0,1,2,1.2416666666666667
传输时隙,0,0,0,0,0,0,1,1,0.24166666666666667
低优先级数据包,0,0,0,0,0,0,1,1,0.24166666666666667
高优先级数据包,0,0,0,0,0,0,1,1,0.24166666666666667
信道复用模式,1,0,0,0,0,0,1,2,1.2416666666666667
动态性,0,0,0,0,0,0,1,1,0.24166666666666667
雷达回波干扰,1,0,0,0,0,0,1,2,1.2416666666666667
快速节点接入,0,0,0,0,0,0,1,1,0.24166666666666667
gps信息,0,0,0,0,4,0,0,4,0.9666666666666667
紧急数据包结构,0,0,0,0,1,0,0,1,0.24166666666666667
数据包类型,0,0,0,0,1,0,0,1,0.24166666666666667
业务数据包结构,0,0,0,0,1,0,0,1,0.24166666666666667
接收方,0,0,0,0,1,0,0,1,0.24166666666666667
发送方,0,0,0,0,1,0,0,1,0.24166666666666667
持续时间,0,0,0,0,1,0,0,1,0.24166666666666667
帧控制,0,0,0,0,1,0,0,1,0.24166666666666667
类型,1,0,0,0,1,0,0,2,1.2416666666666667
gps优先级数据包,0,0,0,0,1,0,0,1,0.24166666666666667
包头部,0,0,0,0,1,0,0,1,0.24166666666666667
业务信息,0,0,0,0,1,0,0,1,0.24166666666666667
碰撞状态信息,0,0,0,0,1,0,0,1,0.24166666666666667
普通优先级,0,0,0,0,1,0,0,1,0.24166666666666667
可靠传输,0,0,0,0,1,0,0,1,0.24166666666666667
控制数据包,0,0,0,0,1,0,0,1,0.24166666666666667
cts数据包结构,0,0,0,0,1,0,0,1,0.24166666666666667
rts数据包结构,0,0,0,0,1,0,0,1,0.24166666666666667
选择信息,0,0,0,0,1,0,0,1,0.24166666666666667
回复信息,0,0,0,0,1,0,0,1,0.24166666666666667
framechecksequence,0,0,0,0,1,0,0,1,0.24166666666666667
帧校验序列,0,0,0,0,1,0,0,1,0.24166666666666667
波束信息,0,0,0,0,1,0,0,1,0.24166666666666667
信道资源信息,0,0,0,0,1,0,0,1,0.24166666666666667
bcts,0,0,0,0,1,0,0,1,0.24166666666666667
broadcast,0,0,0,0,1,0,0,1,0.24166666666666667
广播cts,0,0,0,0,1,0,0,1,0.24166666666666667
一体化无人机网络,0,1,0,0,0,0,0,1,2.0
三维动态障碍物环境,0,1,0,0,0,0,0,1,2.0
路径重新规划算法,2,0,0,0,0,0,0,2,2.0
一体化感知,1,0,0,0,0,0,0,1,1.0
融合通信,1,0,0,0,0,0,0,1,1.0
雷达信息,1,0,0,0,0,0,0,1,1.0
通信调度模,1,0,0,0,0,0,0,1,1.0
雷达回波保护间隔,1,0,0,0,0,0,0,1,1.0
动态信道,1,0,0,0,0,0,0,1,1.0
dynamicchannelas,1,0,0,0,0,0,0,1,1.0
dca,1,0,0,0,0,0,0,1,1.0
时系统,1,0,0,0,0,0,0,1,1.0
传输数据包,1,0,0,0,0,0,0,1,1.0
四信道,1,0,0,0,0,0,0,1,1.0
六信道,1,0,0,0,0,0,0,1,1.0
抗摧毁性,1,0,0,0,0,0,0,1,1.0
一体化技术,1,0,0,0,0,0,0,1,1.0
多址接入控制,1,0,0,0,0,0,0,1,1.0
multipleaccesscontrol,1,0,0,0,0,0,0,1,1.0
