,摘要,关键词,第一章,第二章,第三章,第四章,第五章,总词频,加权得分
手势识别技术,2,0,18,2,0,0,0,22,4.5
手势识别,6,1,23,3,4,21,4,62,18.258333333333333
视频,2,0,9,11,3,15,0,40,8.85
注意力机制,0,1,2,0,0,16,0,19,6.116666666666667
循环神经网络,0,0,4,16,11,0,1,32,5.4
卷积神经网络,0,0,4,33,16,4,0,57,9.458333333333332
注意力模型,0,0,2,0,0,9,1,12,2.6666666666666665
双模态融合识别,0,0,1,0,0,0,0,1,0.125
手势,0,0,10,2,17,13,3,45,9.475
手势识别精度,1,0,1,0,1,2,1,6,2.091666666666667
深度视频,0,0,1,0,7,1,0,9,2.0583333333333336
rgb视频,0,0,2,1,7,2,0,12,2.55
多任务迁移,0,0,1,0,0,7,1,9,2.0583333333333336
手势模型,0,0,1,0,1,0,0,2,0.3666666666666667
rgb-d手势双模态视频数据,0,0,1,0,0,0,0,1,0.125
tsenet,0,0,1,0,0,2,0,3,0.6083333333333334
时序压缩激励网络,0,0,2,0,0,2,1,5,0.975
关键帧提取,0,0,1,0,0,1,0,2,0.3666666666666667
senet,0,0,1,0,0,3,0,4,0.85
squeeze-excitationnet,0,0,1,0,0,0,0,1,0.125
压缩激励网络,0,0,1,0,0,4,0,5,1.0916666666666668
三维手势视频,0,0,1,0,0,0,0,1,0.125
残差注意力模型,0,0,1,0,0,1,0,2,0.3666666666666667
二维,0,0,1,0,0,0,0,1,0.125
时空注意力模型,0,0,1,0,0,7,1,9,2.0583333333333336
关键帧,0,0,1,0,0,4,0,5,1.0916666666666668
手部检测,1,0,1,0,0,4,0,6,2.091666666666667
动卷手势识别,0,0,1,0,0,0,0,1,0.125
计算机视觉技术,0,0,3,0,0,0,0,3,0.375
手势识别算法,0,0,2,0,0,0,0,2,0.25
时空多尺度特征融合算法,0,0,1,0,1,0,0,2,0.3666666666666667
数据集模型,0,0,1,0,0,2,0,3,0.6083333333333334
数据集,1,0,2,1,17,5,0,26,6.691666666666666
微调学习,0,0,1,0,5,7,0,13,3.025
预训练,0,0,1,0,3,0,0,4,0.85
动态手势识别算法,0,0,1,0,2,1,2,6,1.3333333333333333
数据,0,0,2,17,4,3,0,26,4.066666666666666
数据增强,0,0,1,0,0,0,0,1,0.125
网络,0,0,1,5,0,3,0,9,1.475
网络结构,0,0,1,1,3,0,0,5,0.975
串行,0,0,1,0,0,0,0,1,0.125
动态手势识别模型,0,0,1,0,0,0,0,1,0.125
时空多尺度特征,1,0,2,0,7,14,1,25,6.566666666666666
卷积循环神经网络,0,0,1,5,8,1,1,16,3.1666666666666665
动态手势识别,0,0,4,3,6,2,1,16,3.05
变体结构,0,0,1,0,2,0,0,3,0.6083333333333334
时序关系模型,0,0,1,0,0,0,0,1,0.125
模型,1,0,1,14,16,10,2,44,9.641666666666666
手势特征,0,0,1,0,1,2,1,5,1.0916666666666668
三维卷积神经网络,0,0,2,6,23,2,2,35,7.525
时间维度卷积,0,0,2,1,1,0,0,4,0.6166666666666667
二维卷积神经网络,0,0,2,5,4,1,1,13,2.325
深度学习,3,0,1,3,1,3,1,12,4.708333333333333
手工特征提取,0,0,1,0,0,0,0,1,0.125
机器学习,0,0,2,23,4,4,0,33,5.058333333333334
串行结构,0,0,0,0,3,0,0,3,0.725
cnn,0,0,1,1,3,0,0,5,0.975
时序关系,0,0,2,0,5,2,0,9,1.9416666666666667
动态手势,1,0,6,1,11,6,2,27,6.466666666666667
动态手势视频,3,0,2,2,8,4,1,20,6.641666666666667
算法,0,0,1,0,3,0,0,4,0.85
融合变体网络,0,0,0,0,1,0,0,1,0.24166666666666667
卷积门控循环单元结构,0,0,0,0,2,0,0,2,0.48333333333333334
三维卷积神经网络模块,0,0,0,0,3,0,0,3,0.725
时空多尺度,0,0,0,0,7,1,0,8,1.9333333333333333
长短期时空特征,0,0,0,0,3,0,1,4,0.9666666666666667
融合,0,0,0,0,1,0,0,1,0.24166666666666667
convgru结构,0,0,0,0,1,0,0,1,0.24166666666666667
手势时空特征,2,0,0,0,6,0,1,9,3.6916666666666664
时空多尺度三维卷积神经网络,0,0,0,0,7,0,0,7,1.6916666666666667
学习,0,0,0,1,2,0,0,3,0.6083333333333334
参数量,0,0,0,2,10,2,0,14,3.15
机器学习模型,0,0,1,4,1,2,0,8,1.35
识别,1,0,2,0,3,0,1,7,2.216666666666667
学习能力,0,0,0,0,1,0,0,1,0.24166666666666667
神经网络,0,0,1,10,4,2,0,17,2.825
网络结构融,0,0,0,0,1,0,0,1,0.24166666666666667
时空特征,0,1,7,1,12,4,3,28,7.591666666666667
空间卷积结构,0,0,0,0,1,0,0,1,0.24166666666666667
biconvlstm,0,0,0,0,2,0,0,2,0.48333333333333334
串行网络结构,0,0,0,0,2,0,0,2,0.48333333333333334
卷积长短期记忆网络,0,0,2,0,4,2,0,8,1.7
性能,0,0,0,1,1,0,0,2,0.3666666666666667
语音识别,0,0,0,0,1,1,0,2,0.48333333333333334
自然语言处理,0,0,0,0,1,0,0,1,0.24166666666666667
门控循环单元,0,0,1,4,3,0,1,9,1.5916666666666668
长短期记忆网络,0,0,1,5,5,0,0,11,1.9583333333333333
深度网络模型,0,0,0,0,1,0,0,1,0.24166666666666667
序列,0,0,0,1,4,1,0,6,1.3333333333333333
空间特征,0,0,2,0,4,0,1,7,1.4583333333333333
空间信息,0,0,1,0,3,0,0,4,0.85
时间,0,0,0,3,3,5,0,11,2.3083333333333336
手势视频,0,0,3,2,8,14,1,28,6.183333333333334
二维卷积结构,0,0,0,0,1,0,0,1,0.24166666666666667
循环神经网络结构,0,0,0,1,2,0,0,3,0.6083333333333334
时空尺度,0,0,1,0,2,0,1,4,0.85
深度学习方法,0,0,0,0,1,1,0,2,0.48333333333333334
视频分类,0,0,0,1,1,0,0,2,0.3666666666666667
序列关系,0,0,0,0,1,0,0,1,0.24166666666666667
时间尺度,0,0,0,0,9,0,0,9,2.175
图像特征,0,0,0,3,1,4,0,8,1.5833333333333333
神经元,0,0,0,25,1,0,0,26,3.3666666666666667
隐输出,0,0,0,3,0,0,0,3,0.375
s型函数,0,0,0,8,0,1,0,9,1.2416666666666667
softmax函数,0,0,0,1,4,1,0,6,1.3333333333333333
化指数函数,0,0,0,1,0,0,0,1,0.125
激活函数,0,0,0,10,1,1,0,12,1.7333333333333334
tanh,0,0,0,2,0,0,0,2,0.25
全连接结构,0,0,0,2,0,0,0,2,0.25
输入址,0,0,0,1,0,0,0,1,0.125
历史信息,0,0,0,1,0,0,0,1,0.125
时序特征,0,0,3,3,2,1,0,9,1.475
前特征,0,0,0,1,0,0,0,1,0.125
后续神经元,0,0,0,2,0,0,0,2,0.25
循环结构,0,0,0,1,0,0,0,1,0.125
常规神经元,0,0,0,1,0,0,0,1,0.125
通道数,0,0,0,7,2,4,0,13,2.325
通道,0,0,0,10,4,12,0,26,5.116666666666667
参数,1,0,0,6,2,1,1,11,2.716666666666667
卷积核,0,0,1,14,5,2,0,22,3.5666666666666664
特征数据,0,0,0,5,0,0,0,5,0.625
训练数据,0,0,0,4,1,1,0,6,0.9833333333333334
深度可分离卷积神经网络,0,0,0,3,0,0,0,3,0.375
规范化算法,0,0,0,3,0,0,0,3,0.375
神经网络模型,0,0,1,7,1,3,0,12,1.9666666666666668
批规范化,0,0,0,3,0,0,0,3,0.375
特征图,0,0,0,5,5,2,0,12,2.3166666666666664
惩罚,0,0,0,2,1,0,0,3,0.4916666666666667
正则化,0,0,0,2,0,0,0,2,0.25
学习模型,0,0,0,2,0,0,0,2,0.25
bn算法,0,0,0,2,0,0,0,2,0.25
均值,0,0,0,3,0,2,0,5,0.8583333333333334
正态分布,0,0,0,2,0,0,0,2,0.25
梯度,0,0,0,8,0,0,0,8,1.0
收敛速度,0,0,0,3,2,2,0,7,1.3416666666666668
机器模型,0,0,0,2,1,1,0,4,0.7333333333333334
层数,0,0,0,2,0,0,0,2,0.25
隐藏层数据,0,0,0,3,0,0,0,3,0.375
反向传播,0,0,0,7,0,2,0,9,1.3583333333333334
过拟合,0,0,0,3,1,0,0,4,0.6166666666666667
dropout技术,0,0,0,2,0,0,0,2,0.25
l2正则化,0,0,0,2,0,0,0,2,0.25
泛化性能,0,0,0,2,1,0,0,3,0.4916666666666667
dropout,0,0,0,2,0,0,0,2,0.25
机器学习参数,0,0,0,2,5,0,0,7,1.4583333333333333
学习参数,0,0,1,7,2,3,0,13,2.208333333333333
输出通道,0,0,0,1,0,1,0,2,0.3666666666666667
加权,0,0,0,1,0,0,0,1,0.125
卷积,0,0,0,5,4,0,0,9,1.5916666666666668
卷积神经网络结构,0,0,0,2,0,0,0,2,0.25
数量,0,0,0,1,0,0,0,1,0.125
计算资源,0,0,0,1,0,0,0,1,0.125
卷积网络,0,0,0,2,1,1,0,4,0.7333333333333334
卷积核卷积,0,0,0,1,0,0,0,1,0.125
通道特征图,0,0,0,1,0,0,0,1,0.125
权重单特征图,0,0,0,1,0,0,0,1,0.125
参数个数,0,0,0,1,0,0,0,1,0.125
卷积操作,0,0,0,7,1,0,0,8,1.1166666666666667
二维卷积,0,0,1,6,1,0,0,8,1.1166666666666667
卷积计,0,0,0,1,0,0,0,1,0.125
平移卷积运算,0,0,0,1,0,0,0,1,0.125
空间维度,0,0,4,2,6,12,0,24,5.1
卷积核结构,0,0,0,1,0,0,0,1,0.125
标准卷积,0,0,0,1,0,0,0,1,0.125
卷积维度,0,0,0,1,1,0,0,2,0.3666666666666667
机器学习参数量,0,0,0,2,3,0,0,5,0.975
共享,0,0,0,1,0,0,0,1,0.125
线性化项,0,0,0,1,0,0,0,1,0.125
机器学习权重,0,0,0,1,0,0,0,1,0.125
l2正则化项,0,0,0,1,0,0,0,1,0.125
偏置,0,0,0,1,0,0,0,1,0.125
导函数,0,0,0,2,0,0,0,2,0.25
模型学习参数,0,0,0,1,0,0,0,1,0.125
正则化惩罚系数,0,0,0,1,0,0,0,1,0.125
训练参数,0,0,0,2,0,0,0,2,0.25
预测误差损失,0,0,0,1,0,0,0,1,0.125
训练权重,0,0,0,1,0,0,0,1,0.125
损失,0,0,0,1,0,2,0,3,0.6083333333333334
模型参数,0,0,0,2,1,1,1,5,0.975
模型集成,0,0,0,1,0,0,0,1,0.125
模型简化,0,0,0,1,0,0,0,1,0.125
数据扩增,0,0,0,1,0,0,0,1,0.125
内部特征数据,0,0,0,1,0,0,0,1,0.125
样本,0,0,0,2,4,1,0,7,1.4583333333333333
可信均值,0,0,0,1,0,0,0,1,0.125
训练数据样本,0,0,0,1,0,0,0,1,0.125
泛化,0,0,0,2,0,0,0,2,0.25
比例,0,0,0,1,0,0,0,1,0.125
样本均值,0,0,0,1,0,0,0,1,0.125
规范化参数,0,0,0,1,0,0,0,1,0.125
初始化,0,0,0,2,0,0,0,2,0.25
小批次特征数据,0,0,0,1,0,0,0,1,0.125
神经网络梯度,0,0,0,1,0,0,0,1,0.125
内部数据分布,0,0,0,1,0,0,0,1,0.125
方差,0,0,0,1,0,0,0,1,0.125
隐藏层神经元,0,0,0,1,1,0,0,2,0.3666666666666667
中间层,0,0,0,1,0,1,0,2,0.3666666666666667
学习率,0,0,0,1,2,0,0,3,0.6083333333333334
internalcovariates,0,0,0,1,0,0,0,1,0.125
内部协变量转变,0,0,0,1,0,0,0,1,0.125
浅层神经网络结构,0,0,0,1,0,0,0,1,0.125
输出分布,0,0,0,1,0,0,0,1,0.125
隐藏层,0,0,0,1,2,0,0,3,0.6083333333333334
深层次神经网络,0,0,0,1,0,0,0,1,0.125
测试集,0,0,0,1,2,0,0,3,0.6083333333333334
测试数据,0,0,0,1,0,0,0,1,0.125
同分布,0,0,0,1,0,0,0,1,0.125
全连接型神经网络,0,0,0,1,0,0,0,1,0.125
常规神经元连接,0,0,0,1,0,0,0,1,0.125
泛化能力,0,0,0,3,3,0,1,7,1.3416666666666668
机器学习集成,0,0,0,1,0,0,0,1,0.125
训练模型,0,0,0,1,1,1,0,3,0.6083333333333334
神经网络结构模型,0,0,0,1,0,0,0,1,0.125
传播,0,0,0,3,0,0,0,3,0.375
前向传播,0,0,0,1,0,0,0,1,0.125
dropout神经元丢弃技术,0,0,0,1,0,0,0,1,0.125
噪音,0,0,0,1,0,0,0,1,0.125
练集,0,0,0,1,0,0,0,1,0.125
overfitting,0,0,0,1,0,0,0,1,0.125
学习参数量,0,0,0,1,0,0,0,1,0.125
深度可分离卷积,0,0,0,1,0,0,0,1,0.125
训练速度,0,0,0,1,0,0,0,1,0.125
batchnormaliza,0,0,0,1,0,0,0,1,0.125
15元连接,0,0,0,1,0,0,0,1,0.125
神经,0,0,0,1,0,0,0,1,0.125
神经元丢弃,0,0,0,1,0,0,0,1,0.125
卷积神经网络模型,0,0,0,1,0,0,0,1,0.125
视觉,0,0,2,1,0,0,0,3,0.375
图像,0,0,1,14,5,7,1,28,5.016666666666667
移动速度,0,0,0,2,0,0,0,2,0.25
dtw,0,0,0,2,0,0,0,2,0.25
直方图,0,0,0,2,0,0,0,2,0.25
hog,0,0,0,2,0,0,0,2,0.25
静态手势,0,0,0,2,0,0,0,2,0.25
手工特征,1,0,5,4,0,0,0,10,2.125
动态手势识别数据,0,0,0,1,0,0,0,1,0.125
dtw算法,0,0,0,1,0,0,0,1,0.125
演示时间,0,0,0,1,0,0,0,1,0.125
手势动作,0,0,5,1,0,3,0,9,1.475
表演,0,0,0,1,0,0,0,1,0.125
时序相似度,0,0,0,1,0,0,0,1,0.125
缩放平移,0,0,0,1,0,0,0,1,0.125
时间轴,0,0,0,1,0,0,0,1,0.125
维度,0,0,0,2,0,1,0,3,0.4916666666666667
原始数据,0,0,0,2,0,0,0,2,0.25
时间序列,0,0,1,1,0,0,0,2,0.25
长度,0,0,0,1,2,0,0,3,0.6083333333333334
动态时间规整,0,0,0,1,0,0,0,1,0.125
dynamictimewarping,0,0,0,1,0,0,0,1,0.125
多特征加权融合,0,0,0,1,0,0,0,1,0.125
静态手势识别,0,0,0,1,0,0,0,1,0.125
机器学习分类器,0,0,0,1,0,0,0,1,0.125
svm模型,0,0,0,1,0,0,0,1,0.125
描述算子,0,0,0,1,0,0,0,1,0.125
成像特征,0,0,0,1,0,0,0,1,0.125
计算机视觉图像处理,0,0,0,1,0,0,0,1,0.125
图像方向,0,0,0,1,0,0,0,1,0.125
gradient,0,0,0,1,0,0,0,1,0.125
oriented,0,0,0,1,0,0,0,1,0.125
histogram,0,0,0,1,0,0,0,1,0.125
vm,0,0,0,1,0,0,0,1,0.125
dtwr61技术,0,0,0,1,0,0,0,1,0.125
hog+svm技,0,0,0,1,0,0,0,1,0.125
机器学习算法,0,0,0,2,0,1,0,3,0.4916666666666667
识别精度,0,0,0,1,4,4,0,9,2.0583333333333336
手势识别数据,0,0,0,1,0,1,0,2,0.3666666666666667
isogd数据集,0,0,0,0,21,5,0,26,6.283333333333333
jester数据集,0,0,0,0,17,10,0,27,6.525
微调训练,0,0,0,0,8,1,0,9,2.175
mobilenet,0,0,0,0,6,2,0,8,1.9333333333333333
三维残差卷积神经网络,0,0,0,0,5,1,0,6,1.45
isogd,0,0,0,0,7,3,0,10,2.4166666666666665
深度模态,0,0,0,0,4,1,0,5,1.2083333333333333
空间,0,0,2,3,7,13,1,26,5.7
验证集,0,0,0,0,7,6,0,13,3.1416666666666666
rgb模态,0,0,0,0,3,2,0,5,1.2083333333333333
确率,1,0,0,0,3,2,0,6,2.208333333333333
准确率,0,0,0,0,4,1,0,5,1.2083333333333333
正则化系数,0,0,0,0,3,0,0,3,0.725
l2正则化参数,0,0,0,0,3,0,0,3,0.725
数据模态,1,0,1,0,3,5,1,11,3.3
正则化参数,0,0,0,0,3,0,0,3,0.725
二维残差卷积神经网络,0,0,0,0,2,0,0,2,0.48333333333333334
手势识别模型,0,0,0,0,2,16,0,18,4.35
循环神经网络模块,0,0,0,0,3,0,0,3,0.725
net,0,0,0,0,2,0,0,2,0.48333333333333334
三维残差卷积神经网络模块,0,0,0,0,2,0,0,2,0.48333333333333334
三维卷积神经网络结构,0,0,0,0,2,0,0,2,0.48333333333333334
convls,0,0,0,0,2,0,0,2,0.48333333333333334
控制变量法,0,0,0,0,2,0,0,2,0.48333333333333334
单模块结构,0,0,0,0,2,0,0,2,0.48333333333333334
3dcnn,0,0,0,3,4,0,0,7,1.3416666666666668
convlstm,0,0,2,0,4,2,0,8,1.7
特征提取,0,0,1,1,2,0,0,4,0.7333333333333334
时间维度,0,0,0,3,8,3,1,15,3.275
l2,0,0,0,0,2,0,0,2,0.48333333333333334
深度视频模态,0,0,0,0,2,0,0,2,0.48333333333333334
损失曲线,0,0,0,0,2,0,0,2,0.48333333333333334
惩罚系数,0,0,0,0,2,0,0,2,0.48333333333333334
深度视频形态,0,0,0,0,2,0,0,2,0.48333333333333334
rgb形态,0,0,0,0,2,1,0,3,0.725
模态,0,0,1,0,2,4,0,7,1.575
手势识别数据集,0,0,0,0,9,1,0,10,2.4166666666666665
模型计算效率,0,0,0,0,1,0,0,1,0.24166666666666667
三维神经网络,0,0,0,0,1,0,0,1,0.24166666666666667
卷积门控循环单元变体,0,0,0,0,2,0,0,2,0.48333333333333334
gd,0,0,0,0,1,1,0,2,0.48333333333333334
res3dei,0,0,0,0,1,0,0,1,0.24166666666666667
三维金字塔卷积神经网络,0,0,0,0,1,0,0,1,0.24166666666666667
pyramidalc,0,0,0,0,1,0,0,1,0.24166666666666667
snet50,0,0,0,0,1,0,0,1,0.24166666666666667
时空多尺度特征融合,0,0,0,0,1,0,0,1,0.24166666666666667
卷积gru变体结构,0,0,0,0,1,0,0,1,0.24166666666666667
中时空多尺度三维卷积网络,0,0,0,0,1,0,0,1,0.24166666666666667
rian,0,0,0,0,2,0,0,2,0.48333333333333334
ru,0,0,0,0,2,0,0,2,0.48333333333333334
convgru变体模块,0,0,0,0,1,0,0,1,0.24166666666666667
数据模态模型,0,0,0,0,1,0,0,1,0.24166666666666667
循环单元结构变体,0,0,0,0,1,0,0,1,0.24166666666666667
卷积门控,0,0,0,0,4,0,0,4,0.9666666666666667
像素点,0,0,0,6,3,0,0,9,1.475
动态手势时空特征,1,0,0,0,1,0,0,2,1.2416666666666667
卷积循环,0,0,0,0,1,0,0,1,0.24166666666666667
融合模型,0,0,0,0,1,3,0,4,0.9666666666666667
胀卷积,0,0,0,0,1,0,0,1,0.24166666666666667
res3d,0,0,0,0,1,0,0,1,0.24166666666666667
数据集验证集,0,0,0,0,1,0,0,1,0.24166666666666667
网络结构模型,0,0,0,0,1,1,0,2,0.48333333333333334
卷积门控循环单元结构变体,0,0,0,0,1,0,0,1,0.24166666666666667
拟合风险,0,0,0,0,1,0,0,1,0.24166666666666667
卷积记忆操作,0,0,0,0,1,0,0,1,0.24166666666666667
时序,0,0,2,1,3,0,1,7,1.3416666666666668
卷积循环神经网络结构,0,0,0,0,2,0,0,2,0.48333333333333334
三维时空特征,0,0,0,0,2,0,0,2,0.48333333333333334
三维结构,0,0,1,1,2,2,0,6,1.2166666666666668
图像序列,0,0,0,2,1,3,0,6,1.2166666666666668
时空多尺度三维卷积神经网络模块,0,0,0,0,2,0,0,2,0.48333333333333334
识别准确率,0,0,0,0,1,2,0,3,0.725
jester验证集,0,0,0,0,1,0,0,1,0.24166666666666667
模型学习,0,0,0,0,1,0,0,1,0.24166666666666667
卷积神经网络模块,0,0,0,0,2,0,0,2,0.48333333333333334
三维卷积网络模块,0,0,0,0,1,0,0,1,0.24166666666666667
时空多尺度三维卷积模块,0,0,0,0,1,0,0,1,0.24166666666666667
忆网络,0,0,0,0,1,0,0,1,0.24166666666666667
卷积长短期,0,0,0,0,1,0,0,1,0.24166666666666667
3d,0,0,0,0,1,1,0,2,0.48333333333333334
模型结构,0,0,0,0,1,0,0,1,0.24166666666666667
三维卷积模块,0,0,0,0,1,0,0,1,0.24166666666666667
手势动态特征,0,0,0,1,1,0,0,2,0.3666666666666667
三维残差卷积网络,0,0,0,0,1,0,0,1,0.24166666666666667
s3d,0,0,0,0,1,0,0,1,0.24166666666666667
手势三维时空结构特征,0,0,0,0,1,0,0,1,0.24166666666666667
支路,0,0,0,0,2,0,0,2,0.48333333333333334
常规三维卷积结构,0,0,0,0,1,0,0,1,0.24166666666666667
膨胀卷积结构,0,0,0,0,1,0,0,1,0.24166666666666667
独立模块结构,0,0,0,0,1,0,0,1,0.24166666666666667
融合算法,0,0,0,0,1,0,0,1,0.24166666666666667
数据模态微调,0,0,0,0,1,0,0,1,0.24166666666666667
深度模态微调训练,0,0,0,0,1,0,0,1,0.24166666666666667
微调实,0,0,0,0,1,0,0,1,0.24166666666666667
rgb模态模型,0,0,0,0,1,0,0,1,0.24166666666666667
正则化参数微调学习,0,0,0,0,1,0,0,1,0.24166666666666667
强度,0,0,0,0,1,0,0,1,0.24166666666666667
isogd数据,0,0,0,0,1,0,0,1,0.24166666666666667
模型泛化性能,0,0,0,0,1,0,0,1,0.24166666666666667
惩罚强度,0,0,0,0,1,0,0,1,0.24166666666666667
数据分布,0,0,0,0,2,2,0,4,0.9666666666666667
jester,0,0,0,0,3,0,0,3,0.725
模型训练,0,0,0,0,1,0,0,1,0.24166666666666667
微调操作,0,0,0,0,1,0,0,1,0.24166666666666667
预训练模型,0,0,0,0,1,0,0,1,0.24166666666666667
rgb数据集,0,0,0,0,1,0,0,1,0.24166666666666667
训练样本,0,0,0,0,3,0,0,3,0.725
时空特性,0,0,0,0,1,0,0,1,0.24166666666666667
深度模态微调学习,0,0,0,0,1,0,0,1,0.24166666666666667
微调训练模型,0,0,0,0,1,1,0,2,0.48333333333333334
isogd数据集模型,0,0,0,0,1,1,0,2,0.48333333333333334
权重迁移,0,0,0,0,1,0,0,1,0.24166666666666667
全连接层神经网络,0,0,0,0,1,0,0,1,0.24166666666666667
rgb形态训练模型,0,0,0,0,1,0,0,1,0.24166666666666667
分布,0,0,0,1,1,0,0,2,0.3666666666666667
数据特征,0,0,0,0,1,0,0,1,0.24166666666666667
数据形态,0,0,0,0,1,0,0,1,0.24166666666666667
rgb手势视频,0,0,0,0,1,0,0,1,0.24166666666666667
er,0,0,0,0,1,0,0,1,0.24166666666666667
时空注意力机制,0,0,1,0,0,11,1,13,3.025
数据流,0,0,0,0,1,2,0,3,0.725
摄像机,0,0,0,0,0,2,0,2,0.48333333333333334
手部,1,0,1,0,0,4,0,6,2.091666666666667
双模态手势,0,0,0,0,0,2,1,3,0.725
单模态,2,0,1,0,0,5,1,9,3.575
知识,0,0,0,0,0,3,0,3,0.725
rgb-d,1,0,2,0,1,2,1,7,2.216666666666667
手势双模态识别,0,0,0,0,0,1,0,1,0.24166666666666667
深度,0,0,1,1,1,4,0,7,1.4583333333333333
rgb,0,0,1,1,0,2,0,4,0.7333333333333334
手部空间位置检测,0,0,0,0,0,1,0,1,0.24166666666666667
视频数据,0,0,1,2,0,11,1,15,3.275
va,0,0,0,0,0,1,0,1,0.24166666666666667
计算机视觉,1,0,3,4,3,2,1,14,3.325
手势行为,0,0,0,0,0,1,0,1,0.24166666666666667
动态手势视频分类器,0,0,0,0,0,1,0,1,0.24166666666666667
网络结,0,0,0,0,0,1,0,1,0.24166666666666667
神经网络结构,0,0,1,1,3,2,0,7,1.4583333333333333
实时手势识别,0,0,0,0,0,1,0,1,0.24166666666666667
干扰,0,0,1,0,0,1,0,2,0.3666666666666667
无关背景噪声,0,0,0,0,0,1,0,1,0.24166666666666667
手势分类,0,0,0,0,1,1,0,2,0.48333333333333334
动态手势识别技术,0,0,0,0,0,1,1,2,0.48333333333333334
定位,0,0,0,0,0,1,0,1,0.24166666666666667
录制,0,0,0,0,0,1,0,1,0.24166666666666667
视野,0,0,0,0,0,1,0,1,0.24166666666666667
合网络,0,0,0,0,0,1,0,1,0.24166666666666667
人机交互,0,0,10,0,0,0,0,10,1.25
手语,0,0,3,0,0,0,0,3,0.375
聋哑人,0,0,3,0,0,0,0,3,0.375
人机互动,0,0,2,0,0,0,0,2,0.25
家电,0,0,2,0,0,0,0,2,0.25
智能家居系统,0,0,2,0,0,0,0,2,0.25
播放,0,0,2,0,0,0,0,2,0.25
增强现实,0,0,2,0,0,0,0,2,0.25
机器,0,0,2,0,0,1,0,3,0.4916666666666667
终端设备,0,0,2,0,0,0,0,2,0.25
智能化,0,0,2,0,0,0,0,2,0.25
物理设备,0,0,2,0,0,0,0,2,0.25
人体动作识别,0,0,2,0,0,0,0,2,0.25
手机,0,0,2,0,0,0,0,2,0.25
终端形态,0,0,1,0,0,0,0,1,0.125
神经网络技术,0,0,1,1,0,0,0,2,0.25
机器学习技术,0,0,1,0,0,0,0,1,0.125
神经网络加速模块,0,0,1,0,0,0,0,1,0.125
终端芯片,0,0,1,0,0,0,0,1,0.125
计算机图形学,0,0,1,0,0,0,0,1,0.125
计算机,1,0,1,0,0,0,0,2,1.125
听觉障碍,0,0,1,0,0,0,0,1,0.125
暂停,0,0,1,0,0,0,0,1,0.125
切歌,0,0,1,0,0,0,0,1,0.125
家庭影院,0,0,1,0,0,0,0,1,0.125
家庭娱乐设备,0,0,1,0,0,0,0,1,0.125
终端设备厂,0,0,1,0,0,0,0,1,0.125
水果忍者,0,0,1,0,0,0,0,1,0.125
追踪,0,0,1,0,0,0,0,1,0.125
游戏厅,0,0,1,0,0,0,0,1,0.125
生活娱乐,0,0,1,0,0,0,0,1,0.125
vr产品,0,0,1,0,0,0,0,1,0.125
设备控制,0,0,1,0,0,0,0,1,0.125
智能场景,0,0,1,0,0,0,0,1,0.125
三维模型,0,0,1,0,0,0,0,1,0.125
vr,0,0,1,0,0,0,0,1,0.125
手形重建,0,0,1,0,0,0,0,1,0.125
手势识别控制设备,0,0,1,0,0,0,0,1,0.125
实体按键,0,0,1,0,0,0,0,1,0.125
遥控器,0,0,1,0,0,0,0,1,0.125
控制板,0,0,1,0,0,0,0,1,0.125
智能家居,0,0,1,0,0,0,0,1,0.125
科技,0,0,1,0,0,0,0,1,0.125
语音技术,0,0,1,0,0,0,0,1,0.125
文字语言,0,0,1,0,0,0,0,1,0.125
聋哑,0,0,1,0,0,0,0,1,0.125
手语识别,0,0,1,0,0,0,0,1,0.125
手语翻译,0,0,1,0,0,0,0,1,0.125
行为分析,0,0,1,0,0,0,0,1,0.125
运动监测,0,0,1,0,0,0,0,1,0.125
自动驾驶,1,0,1,0,0,0,0,2,1.125
环境感知,0,0,1,0,0,0,0,1,0.125
增强现实技术,0,0,1,0,0,0,0,1,0.125
arcore,0,0,1,0,0,0,0,1,0.125
增强现实核心,0,0,1,0,0,0,0,1,0.125
arkit,0,0,1,0,0,0,0,1,0.125
增强现实工具,0,0,1,0,0,0,0,1,0.125
机器人,0,0,1,0,0,0,0,1,0.125
virtualreality,0,0,1,0,0,0,0,1,0.125
虚拟现实,0,0,1,0,0,0,0,1,0.125
augmentedreality,0,0,1,0,0,0,0,1,0.125
工业,0,0,1,0,0,0,0,1,0.125
类社会,0,0,1,0,0,0,0,1,0.125
自动化渲染,0,0,1,0,0,0,0,1,0.125
快手公司,0,0,1,0,0,0,0,1,0.125
指令,0,0,1,0,0,0,0,1,0.125
智能识别,0,0,1,0,0,0,0,1,0.125
手势信息,0,0,1,0,0,0,0,1,0.125
深度立体镜头,0,0,1,0,0,0,0,1,0.125
手机镜头,0,0,1,0,0,0,0,1,0.125
终端,0,0,1,0,0,0,0,1,0.125
动作信息,0,0,1,0,0,0,0,1,0.125
肌电,0,0,1,0,0,0,0,1,0.125
腕带,0,0,1,0,0,0,0,1,0.125
戒指,0,0,1,0,0,0,0,1,0.125
数据手套,1,0,1,0,0,0,0,2,1.125
设备,0,0,1,0,0,0,0,1,0.125
智能技术,0,0,1,0,0,0,0,1,0.125
控制设备,0,0,1,0,0,0,0,1,0.125
机器指令,0,0,1,0,0,0,0,1,0.125
机器自动化,0,0,1,0,0,0,0,1,0.125
光学信息,0,0,1,0,0,0,0,1,0.125
人体动作,0,0,1,0,0,0,0,1,0.125
体感游戏机,0,0,1,0,0,0,0,1,0.125
360,0,0,1,0,0,0,0,1,0.125
天堂,0,0,1,0,0,0,0,1,0.125
游戏控制,0,0,1,0,0,0,0,1,0.125
工业控制,0,0,1,0,0,0,0,1,0.125
人机交互逻辑,1,0,1,0,0,0,0,2,1.125
智能,0,0,1,0,0,0,0,1,0.125
机器化,0,0,1,0,0,0,0,1,0.125
智能语音技术,0,0,1,0,0,0,0,1,0.125
cortana,0,0,1,0,0,0,0,1,0.125
声音控制设备,0,0,1,0,0,0,0,1,0.125
人工智能时代,0,0,1,0,0,0,0,1,0.125
语音识别技术,0,0,1,0,0,0,0,1,0.125
用户体验,0,0,1,0,0,0,0,1,0.125
个人电脑,0,0,1,0,0,0,0,1,0.125
平板电脑,0,0,1,0,0,0,0,1,0.125
触摸屏,0,0,1,0,0,0,0,1,0.125
鼠标,0,0,1,0,0,0,0,1,0.125
键盘,0,0,1,0,0,0,0,1,0.125
科学技术,0,0,1,0,0,0,0,1,0.125
pi,0,0,0,0,1,0,0,1,0.24166666666666667
aleam,0,0,0,0,1,0,0,1,0.24166666666666667
时空关系,0,0,0,0,1,0,1,2,0.48333333333333334
卷积gru机器学习,0,0,0,0,1,0,0,1,0.24166666666666667
卷积gru结构,0,0,0,0,1,0,0,1,0.24166666666666667
空间加权,0,0,0,0,1,0,0,1,0.24166666666666667
短期时空特征,1,0,0,0,2,0,0,3,1.4833333333333334
空洞,0,0,0,0,2,0,0,2,0.48333333333333334
加权卷积门控循环单元,0,0,0,0,1,0,0,1,0.24166666666666667
网络模型,0,0,0,0,1,1,0,2,0.48333333333333334
全连接神经网络,0,0,0,4,3,4,0,11,2.1916666666666664
2dcnn,0,0,0,2,2,0,0,4,0.7333333333333334
样本损失,0,0,0,0,1,0,0,1,0.24166666666666667
总数据集,0,0,0,0,1,0,0,1,0.24166666666666667
分类数,0,0,0,0,1,0,0,1,0.24166666666666667
损失值,0,0,0,0,1,0,0,1,0.24166666666666667
输出概率,0,0,0,0,1,0,0,1,0.24166666666666667
实标签,0,0,0,0,1,0,0,1,0.24166666666666667
分类误差,0,0,0,0,1,0,0,1,0.24166666666666667
交叉爛损失函数,0,0,0,0,1,0,0,1,0.24166666666666667
概率值,0,0,0,0,1,0,0,1,0.24166666666666667
向量,0,0,0,1,2,0,0,3,0.6083333333333334
全连接,0,0,0,0,1,0,0,1,0.24166666666666667
通道特征,0,0,0,0,1,0,0,1,0.24166666666666667
平均池化,0,0,0,2,3,0,0,5,0.975
时空维度,0,0,0,0,1,2,0,3,0.725
平均池化函数,0,0,0,0,1,0,0,1,0.24166666666666667
通道维度,0,0,0,0,2,5,0,7,1.6916666666666667
二维特征图,0,0,0,0,1,1,0,2,0.48333333333333334
二维卷积神经网络结构,0,0,0,0,1,0,0,1,0.24166666666666667
识别性能,0,0,0,0,1,0,0,1,0.24166666666666667
softmaxiz,0,0,0,0,1,0,0,1,0.24166666666666667
概率分布,0,0,0,0,1,0,0,1,0.24166666666666667
概率,0,0,0,0,1,4,0,5,1.2083333333333333
概率区间,0,0,0,0,1,0,0,1,0.24166666666666667
输出值,0,0,0,0,1,0,0,1,0.24166666666666667
类别,0,0,0,0,1,0,0,1,0.24166666666666667
特征输出值,0,0,0,0,1,0,0,1,0.24166666666666667
类别节点,0,0,0,0,1,0,0,1,0.24166666666666667
全连接网络,0,0,0,0,1,0,0,1,0.24166666666666667
时序长度,0,0,0,0,1,0,0,1,0.24166666666666667
循环单元结构,0,0,0,0,2,0,0,2,0.48333333333333334
膨胀卷积,0,0,0,0,3,0,0,3,0.725
二维空间特征,0,0,0,0,1,0,0,1,0.24166666666666667
长度时序,0,0,0,0,1,0,0,1,0.24166666666666667
时间步,0,0,0,2,4,0,0,6,1.2166666666666668
双向卷积,0,0,0,0,1,0,0,1,0.24166666666666667
浅层时空特征,0,0,0,0,1,0,0,1,0.24166666666666667
浅层时空表征,0,0,0,0,1,0,0,1,0.24166666666666667
输入层,0,0,0,1,1,0,0,2,0.3666666666666667
biconvls,0,0,0,0,1,0,0,1,0.24166666666666667
lstm,0,0,3,2,2,0,0,7,1.1083333333333334
biconv,0,0,0,0,1,0,0,1,0.24166666666666667
小数据集,0,0,0,0,4,2,0,6,1.45
超参数,0,0,0,0,2,0,0,2,0.48333333333333334
批次大小,0,0,0,0,1,0,0,1,0.24166666666666667
使用效率,0,0,0,0,1,0,0,1,0.24166666666666667
graphicsprocessi,0,0,0,0,1,0,0,1,0.24166666666666667
图形处理器,0,0,0,0,1,0,0,1,0.24166666666666667
固定长度,0,0,0,0,1,0,0,1,0.24166666666666667
平均帧数,0,0,0,0,2,0,0,2,0.48333333333333334
nt,0,0,1,0,1,0,0,2,0.3666666666666667
stochasticgra,0,0,0,0,1,0,0,1,0.24166666666666667
随机梯度,0,0,0,0,1,0,0,1,0.24166666666666667
初始,0,0,0,0,1,0,0,1,0.24166666666666667
多项式衰减,0,0,0,0,1,0,0,1,0.24166666666666667
l2正则化学习参数,0,0,0,0,1,0,0,1,0.24166666666666667
拟合,0,0,0,0,2,1,0,3,0.725
收敛,0,0,0,0,1,0,0,1,0.24166666666666667
权重,0,0,0,0,2,4,0,6,1.45
小数据集模型,0,0,0,0,1,1,0,2,0.48333333333333334
微调机器学习模型,0,0,0,0,1,0,0,1,0.24166666666666667
模型权重,0,0,0,0,1,0,0,1,0.24166666666666667
卷积门控循环单元,2,0,0,0,3,0,1,6,2.966666666666667
三维膨胀卷积,0,0,0,0,3,0,0,3,0.725
注意力,0,0,0,0,0,10,0,10,2.4166666666666665
信息,0,0,0,0,0,6,0,6,1.45
空间域,0,0,0,1,3,3,0,7,1.575
通道注意力,0,0,0,0,0,4,0,4,0.9666666666666667
机器翻译,0,0,0,0,0,2,0,2,0.48333333333333334
软注意力模型,0,0,0,0,0,2,0,2,0.48333333333333334
重要信息,0,0,0,0,0,2,0,2,0.48333333333333334
特征,0,0,1,6,1,8,0,16,3.05
注意力权重,0,0,0,0,0,3,1,4,0.9666666666666667
硬注意力,0,0,0,0,0,2,0,2,0.48333333333333334
软注意力,0,0,0,0,0,2,0,2,0.48333333333333334
深度学习模型,0,0,0,2,0,2,0,4,0.7333333333333334
手势时空注意力模型,0,0,0,0,0,1,0,1,0.24166666666666667
视频输入数据,0,0,0,0,0,1,0,1,0.24166666666666667
手势识,0,0,0,0,0,1,0,1,0.24166666666666667
三维数据,0,0,0,3,2,1,1,7,1.3416666666666668
图像注意力,0,0,0,0,0,1,0,1,0.24166666666666667
重标,0,0,0,0,0,1,0,1,0.24166666666666667
混合域注意力模型,0,0,0,0,0,1,0,1,0.24166666666666667
意力,0,0,0,0,0,1,0,1,0.24166666666666667
混合域,0,0,0,0,0,1,0,1,0.24166666666666667
相乘,0,0,0,0,0,1,0,1,0.24166666666666667
权重向量,0,0,0,0,0,3,0,3,0.725
全局平均池化,0,0,0,0,0,1,0,1,0.24166666666666667
rgb彩色图,0,0,0,0,0,1,0,1,0.24166666666666667
彩色图像,0,0,0,0,0,1,0,1,0.24166666666666667
通道信息,0,0,0,0,0,1,0,1,0.24166666666666667
二维图像结构,0,0,0,0,0,1,0,1,0.24166666666666667
空间属性,0,0,0,0,0,1,0,1,0.24166666666666667
位置,0,0,0,0,0,2,0,2,0.48333333333333334
图片描述,0,0,0,0,0,1,0,1,0.24166666666666667
无关信息,0,0,0,0,0,1,0,1,0.24166666666666667
实体区域,0,0,0,0,0,1,0,1,0.24166666666666667
局部空间,0,0,0,0,0,1,0,1,0.24166666666666667
数据维度,0,0,0,0,0,1,0,1,0.24166666666666667
长宽,0,0,0,0,0,1,0,1,0.24166666666666667
图片,0,0,0,1,0,1,0,2,0.3666666666666667
混合域注意力,0,0,0,0,0,1,0,1,0.24166666666666667
空间域注意力,0,0,0,0,0,1,0,1,0.24166666666666667
计算机视觉任务,0,0,0,1,1,1,0,3,0.6083333333333334
端到端,0,0,2,0,0,2,0,4,0.7333333333333334
模型误判,0,0,0,0,0,1,0,1,0.24166666666666667
反向传播学习,0,0,0,0,0,1,0,1,0.24166666666666667
深度学习网络,0,0,0,1,0,1,0,2,0.3666666666666667
注意力结构,0,0,0,0,0,4,0,4,0.9666666666666667
软注意力机制,0,0,0,0,0,1,0,1,0.24166666666666667
数值,0,0,0,1,0,1,0,2,0.3666666666666667
位置信息,0,0,0,0,0,1,0,1,0.24166666666666667
局部信息,0,0,0,0,0,1,0,1,0.24166666666666667
图像识别,1,0,0,0,0,1,0,2,1.2416666666666667
花草,0,0,0,0,0,1,0,1,0.24166666666666667
羽毛,0,0,0,0,0,1,0,1,0.24166666666666667
爪形,0,0,0,0,0,1,0,1,0.24166666666666667
鸟类,0,0,0,0,0,1,0,1,0.24166666666666667
猫头鹰,0,0,0,0,0,1,0,1,0.24166666666666667
啄木鸟,0,0,0,0,0,1,0,1,0.24166666666666667
注意力行为,0,0,0,0,0,1,0,1,0.24166666666666667
图片分类,0,0,0,0,0,1,0,1,0.24166666666666667
模型识别,0,0,0,0,0,1,0,1,0.24166666666666667
背景信息,0,0,0,0,0,1,0,1,0.24166666666666667
数据信息,0,0,0,0,0,1,0,1,0.24166666666666667
冠词,0,0,0,0,0,1,0,1,0.24166666666666667
物体属性,0,0,0,0,0,1,0,1,0.24166666666666667
情感,0,0,0,0,0,1,0,1,0.24166666666666667
翻译,0,0,0,0,0,1,0,1,0.24166666666666667
茶杯,0,0,0,0,0,1,0,1,0.24166666666666667
残差块,0,0,0,0,0,5,0,5,1.2083333333333333
注意力网络,0,0,0,0,0,6,0,6,1.45
注意力权值矩阵,0,0,0,0,0,4,0,4,0.9666666666666667
输出通道数,0,0,0,0,0,3,0,3,0.725
主路特征图,0,0,0,0,0,3,0,3,0.725
残差注意力网络,0,0,0,0,0,5,1,6,1.45
二维图像,1,0,0,5,0,4,2,12,3.075
空间注意力机制,0,0,0,0,0,4,0,4,0.9666666666666667
短接支路,0,0,0,0,0,2,0,2,0.48333333333333334
特征提取支路,0,0,0,0,0,2,0,2,0.48333333333333334
视频短接支路,0,0,0,0,0,1,0,1,0.24166666666666667
意力网络,0,0,0,0,0,1,0,1,0.24166666666666667
残差网络,0,0,0,1,0,2,0,3,0.6083333333333334
步长,0,0,0,0,2,1,0,3,0.725
卷积块,0,0,0,0,0,1,0,1,0.24166666666666667
卷积核数,0,0,0,0,0,1,0,1,0.24166666666666667
内部二维卷积网络,0,0,0,0,0,1,0,1,0.24166666666666667
输入通道数,0,0,0,0,0,1,0,1,0.24166666666666667
残差块结构,0,0,0,0,0,1,0,1,0.24166666666666667
二维残差卷积神经网络结构,0,0,0,0,0,1,0,1,0.24166666666666667
融合网络,0,0,0,0,0,3,0,3,0.725
手部检测流程,0,0,0,0,0,1,0,1,0.24166666666666667
注意力数据,0,0,0,0,0,1,0,1,0.24166666666666667
a频数据,0,0,0,0,0,1,0,1,0.24166666666666667
盛差统,0,0,0,0,0,1,0,1,0.24166666666666667
肖莖块,0,0,0,0,0,1,0,1,0.24166666666666667
采糕,0,0,0,0,0,1,0,1,0.24166666666666667
上采样,0,0,0,0,0,1,0,1,0.24166666666666667
池化池化,0,0,0,0,0,1,0,1,0.24166666666666667
空间注意力模块,0,0,0,0,0,10,0,10,2.4166666666666665
始视频,0,0,0,0,0,2,0,2,0.48333333333333334
下支路,0,0,0,0,0,1,0,1,0.24166666666666667
三维视频结构,0,0,0,0,1,1,1,3,0.725
重塑函数,0,0,0,0,0,1,0,1,0.24166666666666667
区间,0,0,0,0,0,1,0,1,0.24166666666666667
s型激活函数,0,0,0,1,0,1,0,2,0.3666666666666667
空间注意力权重,0,0,0,0,0,1,0,1,0.24166666666666667
u型网络,0,0,0,0,0,1,0,1,0.24166666666666667
残差,0,0,0,0,0,1,0,1,0.24166666666666667
上支路,0,0,0,0,0,1,0,1,0.24166666666666667
手势序列,0,0,0,0,1,1,0,2,0.48333333333333334
连续帧图像,0,0,0,0,0,1,0,1,0.24166666666666667
时序维度,0,0,0,0,2,1,0,3,0.725
手势视频数据,0,0,0,0,0,3,0,3,0.725
空间关注,0,0,0,0,0,1,0,1,0.24166666666666667
数据处理,1,0,0,0,0,2,0,3,1.4833333333333334
注意力神经网络,0,0,0,0,0,1,0,1,0.24166666666666667
二维残差,0,0,0,0,0,1,0,1,0.24166666666666667
主路特征提取,0,0,0,0,0,1,0,1,0.24166666666666667
残差短接,0,0,0,0,0,1,0,1,0.24166666666666667
像素值,0,0,0,3,0,1,0,4,0.6166666666666667
二维图像特征,0,0,0,0,0,1,0,1,0.24166666666666667
残差注意力特征,0,0,0,0,0,1,0,1,0.24166666666666667
残差结构,0,0,0,0,0,1,0,1,0.24166666666666667
注意力特征,0,0,0,0,0,2,0,2,0.48333333333333334
像素级,0,0,0,0,0,1,0,1,0.24166666666666667
二维图像空间,0,0,0,0,0,1,0,1,0.24166666666666667
u形网络,0,0,0,0,0,1,0,1,0.24166666666666667
注意力权值计算模块,0,0,0,0,0,1,0,1,0.24166666666666667
助支路,0,0,0,0,0,1,0,1,0.24166666666666667
下采样,0,0,0,0,0,1,0,1,0.24166666666666667
resnext,0,0,0,0,0,1,0,1,0.24166666666666667
inception,0,0,0,0,0,1,0,1,0.24166666666666667
主路,0,0,0,0,0,1,0,1,0.24166666666666667
二维残差注意力网络,0,0,0,0,0,1,0,1,0.24166666666666667
注意力神经网络结构,0,0,0,0,0,1,0,1,0.24166666666666667
机器学习特征,0,0,0,0,0,1,0,1,0.24166666666666667
注意力权重矩阵,0,0,0,0,0,1,0,1,0.24166666666666667
注意力结构模型,0,0,0,0,0,1,0,1,0.24166666666666667
实体,0,0,0,0,0,1,0,1,0.24166666666666667
定位图,0,0,0,0,0,1,0,1,0.24166666666666667
空间注意力,0,0,0,0,0,5,1,6,1.45
融合分类器,0,0,0,0,0,1,0,1,0.24166666666666667
注意力加权,0,0,0,0,0,1,0,1,0.24166666666666667
合模型,0,0,0,0,0,1,0,1,0.24166666666666667
手势图像帧,0,0,0,0,0,1,0,1,0.24166666666666667
手势识别应用,0,0,0,0,0,1,0,1,0.24166666666666667
数学公式,0,0,0,0,0,1,0,1,0.24166666666666667
方法论,0,0,0,0,0,1,0,1,0.24166666666666667
算法思维,0,0,0,0,0,1,0,1,0.24166666666666667
空间残差,0,0,0,0,0,2,0,2,0.48333333333333334
学习算法,0,0,0,1,0,0,0,1,0.125
深度学习手势识别,0,0,0,1,0,0,0,1,0.125
连续图像序列识别,0,0,0,1,0,0,0,1,0.125
算法结构,0,0,0,1,0,0,0,1,0.125
序列特征,0,0,0,1,0,0,0,1,0.125
连续时间,0,0,0,1,0,0,0,1,0.125
局部特征,0,0,0,2,0,0,0,2,0.25
机器学习效果,0,0,0,1,0,0,0,1,0.125
隐藏特征,0,0,0,1,0,0,0,1,0.125
可解释性特征,0,0,0,1,0,0,0,1,0.125
预测误差,0,0,0,1,0,0,0,1,0.125
数学变换,0,0,0,1,0,0,0,1,0.125
非线性,0,0,0,2,0,0,0,2,0.25
线性,0,0,0,4,0,0,0,4,0.5
逻辑回归方法,0,0,0,1,0,0,0,1,0.125
统计学,0,0,0,1,0,0,0,1,0.125
性能提升,0,0,0,1,0,0,0,1,0.125
自然语言,0,0,0,1,0,0,0,1,0.125
omtransformer,0,0,0,1,0,0,0,1,0.125
alencoderrepresentations,0,0,0,1,0,0,0,1,0.125
bidirection,0,0,0,1,0,0,0,1,0.125
表征量模型,0,0,0,1,0,0,0,1,0.125
双向编码器,0,0,0,1,0,0,0,1,0.125
变换器网络,0,0,0,1,0,0,0,1,0.125
深层次网络训练,0,0,0,1,0,0,0,1,0.125
深度学习算法,0,0,0,1,0,0,0,1,0.125
集成方法,0,0,0,1,0,1,0,2,0.3666666666666667
决策树,0,0,0,1,0,1,0,2,0.3666666666666667
向量机svm,0,0,0,1,0,0,0,1,0.125
平均值融合,0,0,0,0,0,3,0,3,0.725
后端融合,0,0,0,0,0,3,0,3,0.725
迁移学习,1,0,1,0,0,8,0,10,3.0583333333333336
识别准,0,0,0,0,0,1,0,1,0.24166666666666667
双模态,2,0,2,0,0,4,0,8,3.216666666666667
动态,0,0,0,0,0,1,0,1,0.24166666666666667
手势双模态融合,0,0,0,0,0,1,0,1,0.24166666666666667
乘积,0,0,0,0,0,1,0,1,0.24166666666666667
最大值,0,0,0,0,0,3,0,3,0.725
平均值,0,0,0,1,0,1,0,2,0.3666666666666667
手势后端融合,0,0,0,0,0,1,0,1,0.24166666666666667
手势双模态迁移,0,0,0,0,0,1,0,1,0.24166666666666667
深度模态模型,0,0,0,0,0,2,0,2,0.48333333333333334
单模态注意力模型,0,0,0,0,0,1,0,1,0.24166666666666667
双模态联合训,0,0,0,0,0,1,0,1,0.24166666666666667
后端融合策,0,0,0,0,0,1,0,1,0.24166666666666667
双模态融合识别算法,0,0,0,0,0,1,0,1,0.24166666666666667
rgb-d多维度特征,0,0,0,0,0,1,0,1,0.24166666666666667
multid-cnn,0,0,0,0,0,1,0,1,0.24166666666666667
乘积融,0,0,0,0,0,1,0,1,0.24166666666666667
最大值融合,0,0,0,0,0,1,0,1,0.24166666666666667
单模态识别模型,0,0,0,0,0,1,0,1,0.24166666666666667
多任务迁移学习,0,0,0,0,0,1,0,1,0.24166666666666667
后端融合技术,0,0,0,0,0,1,0,1,0.24166666666666667
手势双模态,0,0,0,0,0,1,0,1,0.24166666666666667
手势时空特征分布,0,0,0,0,0,1,0,1,0.24166666666666667
数据迁移,0,0,0,0,0,1,0,1,0.24166666666666667
中间层特征,0,0,0,0,0,1,0,1,0.24166666666666667
聚焦参数,0,0,0,0,0,2,0,2,0.48333333333333334
正值,0,0,0,0,0,1,0,1,0.24166666666666667
ssa损失系数,0,0,0,0,0,2,0,2,0.48333333333333334
批次,0,0,0,0,0,1,0,1,0.24166666666666667
单模态手势识别模型,0,0,0,0,0,1,0,1,0.24166666666666667
手势识别任务,0,0,0,0,0,1,0,1,0.24166666666666667
深度模型,0,0,0,0,0,7,0,7,1.6916666666666667
rgb模型,0,0,0,0,0,7,0,7,1.6916666666666667
手势双模态融合识别,0,0,0,0,0,2,0,2,0.48333333333333334
模型参数量,0,0,0,0,0,1,0,1,0.24166666666666667
手势识别结,0,0,0,0,0,1,0,1,0.24166666666666667
迁移,0,0,1,0,0,4,0,5,1.0916666666666668
空间注意力模型,0,0,0,0,0,3,0,3,0.725
三维视频数据,0,0,0,0,0,1,0,1,0.24166666666666667
二维图像残差,0,0,0,0,0,1,0,1,0.24166666666666667
时序帧,0,0,0,0,0,1,1,2,0.48333333333333334
空间定位,0,0,0,0,0,1,0,1,0.24166666666666667
池化层,0,0,0,7,5,0,0,12,2.083333333333333
卷积结构,0,0,0,2,3,0,1,6,1.2166666666666668
因果卷积,0,0,0,0,2,0,0,2,0.48333333333333334
时间卷积神经网络,0,0,0,0,2,0,0,2,0.48333333333333334
卷积层,0,0,0,5,2,0,0,7,1.1083333333333334
批规范化层,0,0,0,0,2,0,0,2,0.48333333333333334
池化结构,0,0,0,0,2,0,0,2,0.48333333333333334
常规,0,0,0,0,1,0,0,1,0.24166666666666667
时间维度膨胀卷积网络,0,0,0,0,1,0,0,1,0.24166666666666667
三维膨胀卷积结构,0,0,0,0,1,0,0,1,0.24166666666666667
时间维度膨胀率,0,0,0,0,1,0,0,1,0.24166666666666667
膨胀大小,0,0,0,0,1,0,0,1,0.24166666666666667
三维卷积网络,0,0,1,0,1,0,0,2,0.3666666666666667
三维膨胀卷积模块,0,0,0,0,1,0,0,1,0.24166666666666667
时空多尺度特征提取结构,0,0,0,0,1,0,0,1,0.24166666666666667
常规三维卷积网络,0,0,0,0,1,0,0,1,0.24166666666666667
视觉感受,0,0,0,0,1,0,0,1,0.24166666666666667
膨胀卷积模块,0,0,0,0,1,0,0,1,0.24166666666666667
tcn时间卷积神经网络网络,0,0,0,0,1,0,0,1,0.24166666666666667
时空序列,0,0,0,0,1,0,0,1,0.24166666666666667
最大池化,0,0,0,2,1,0,0,3,0.4916666666666667
3dcnn模块,0,0,0,0,1,0,0,1,0.24166666666666667
长时间时序关系,0,0,0,0,1,0,0,1,0.24166666666666667
时序信息,0,0,1,2,2,0,0,5,0.8583333333333334
神经网络步长,0,0,0,0,1,0,0,1,0.24166666666666667
短期时序,0,0,0,0,2,0,0,2,0.48333333333333334
空间特征提取,0,0,0,0,1,0,0,1,0.24166666666666667
手势数据,0,0,0,0,1,1,0,2,0.48333333333333334
空间维度感受,0,0,0,0,1,0,0,1,0.24166666666666667
空间维度卷积核,0,0,0,0,1,0,0,1,0.24166666666666667
relu激活函数层,0,0,0,0,1,0,0,1,0.24166666666666667
三维卷积网络层,0,0,0,0,1,0,0,1,0.24166666666666667
基本模块,0,0,0,0,1,0,0,1,0.24166666666666667
规范化层,0,0,0,0,1,0,0,1,0.24166666666666667
c3d卷积神经网络,0,0,0,0,1,0,0,1,0.24166666666666667
池化,0,0,0,1,1,0,0,2,0.3666666666666667
三维卷积核,0,0,0,0,1,0,0,1,0.24166666666666667
c3d网络,0,0,0,0,1,0,0,1,0.24166666666666667
softmax激活函数,0,0,0,0,1,0,0,1,0.24166666666666667
三维池化层,0,0,0,0,1,0,0,1,0.24166666666666667
三维卷积层,0,0,0,0,1,0,0,1,0.24166666666666667
c3d网络结,0,0,0,0,1,0,0,1,0.24166666666666667
时空信息,0,0,0,0,1,2,0,3,0.725
时空图像序列,0,0,0,0,1,0,0,1,0.24166666666666667
特征提取模块,0,0,0,0,1,0,0,1,0.24166666666666667
融合识别,0,0,0,0,0,3,0,3,0.725
乘积融合,0,0,0,0,0,2,0,2,0.48333333333333334
平均值融,0,0,0,0,0,2,0,2,0.48333333333333334
前端融合,0,0,0,0,0,2,0,2,0.48333333333333334
取值,0,0,0,0,0,1,0,1,0.24166666666666667
标签,0,0,0,0,0,1,0,1,0.24166666666666667
rgb-d手势,0,0,0,0,0,1,0,1,0.24166666666666667
单模态模型,0,0,0,0,0,1,0,1,0.24166666666666667
pmmxr,0,0,0,0,0,1,0,1,0.24166666666666667
后端融,0,0,0,0,0,1,0,1,0.24166666666666667
决策水平融合算法,0,0,0,0,0,1,0,1,0.24166666666666667
多模态融合方,0,0,0,0,0,1,0,1,0.24166666666666667
后端融合方法,0,0,0,0,0,1,0,1,0.24166666666666667
中间层特征数据,0,0,0,0,0,1,0,1,0.24166666666666667
rgb-d双模态,1,0,0,0,0,2,0,3,1.4833333333333334
双模态手势识别,0,0,0,0,0,1,1,2,0.48333333333333334
深度形态,0,0,0,0,0,1,0,1,0.24166666666666667
加权融合,0,0,0,0,0,1,0,1,0.24166666666666667
决策,0,0,0,0,0,1,0,1,0.24166666666666667
分类器,0,0,2,0,0,1,0,3,0.4916666666666667
中间层融合,0,0,0,0,0,1,0,1,0.24166666666666667
输入数据,0,0,0,0,1,1,0,2,0.48333333333333334
拼接,0,0,0,0,0,1,0,1,0.24166666666666667
多模态融合识别,0,0,0,0,0,1,0,1,0.24166666666666667
动态手势视频数据,0,0,0,0,0,1,0,1,0.24166666666666667
时序注意力模块,0,0,0,0,0,7,0,7,1.6916666666666667
关注度,0,0,0,0,0,2,0,2,0.48333333333333334
注意力模块,0,0,0,0,0,5,0,5,1.2083333333333333
视觉特征,0,0,0,0,0,1,0,1,0.24166666666666667
时空多尺度特征融合模型,0,0,0,0,0,1,0,1,0.24166666666666667
精度,0,0,0,0,0,1,0,1,0.24166666666666667
isogd模型,0,0,0,0,0,1,0,1,0.24166666666666667
微调,0,0,0,0,0,4,0,4,0.9666666666666667
jester数据集模型,0,0,0,0,0,1,0,1,0.24166666666666667
rgb数据模态微调,0,0,0,0,0,1,0,1,0.24166666666666667
块训练,0,0,0,0,0,1,0,1,0.24166666666666667
tse,0,0,0,0,0,1,0,1,0.24166666666666667
视频空间,0,0,0,0,0,1,0,1,0.24166666666666667
手势空间定位,0,0,0,0,0,1,0,1,0.24166666666666667
空间位置,0,0,0,0,1,1,0,2,0.48333333333333334
手部定位,0,0,0,0,0,1,0,1,0.24166666666666667
est,0,0,0,0,0,1,0,1,0.24166666666666667
单帧图像,0,0,1,2,0,3,0,6,1.1
空间可视化,0,0,0,0,0,1,0,1,0.24166666666666667
可视化,0,0,0,0,0,1,0,1,0.24166666666666667
时空注意力网络,0,0,0,0,0,1,0,1,0.24166666666666667
视频结构,0,0,1,0,0,1,0,2,0.3666666666666667
前置模块,0,0,0,0,0,1,0,1,0.24166666666666667
空间注意力结构,0,0,0,0,0,2,1,3,0.725
注意力机制模型,0,0,0,0,0,1,0,1,0.24166666666666667
辨识度,0,0,0,0,0,1,0,1,0.24166666666666667
学习效率,0,0,0,0,0,1,0,1,0.24166666666666667
空间注意力网络,0,0,0,0,0,1,0,1,0.24166666666666667
随机初始化,0,0,0,0,0,1,0,1,0.24166666666666667
训练集,0,0,0,0,2,1,0,3,0.725
时序注意力模,0,0,0,0,0,1,0,1,0.24166666666666667
函数,0,0,0,7,0,0,0,7,0.875
特征平面,0,0,0,4,0,0,0,4,0.5
正值滤波函数,0,0,0,3,0,0,0,3,0.375
非线性函数,0,0,0,3,0,0,0,3,0.375
卷积核参数,0,0,0,3,0,0,0,3,0.375
激活函数层,0,0,0,3,0,0,0,3,0.375
行为识别,0,0,0,2,0,0,0,2,0.25
三维图像序列,0,0,0,2,0,0,0,2,0.25
池化操作,0,0,0,2,0,0,0,2,0.25
局部,0,0,0,2,0,0,0,2,0.25
池化函数,0,0,0,2,0,0,0,2,0.25
双曲正切函数,0,0,0,2,0,0,0,2,0.25
正值滤波,0,0,0,2,0,1,0,3,0.4916666666666667
颜色,0,0,0,4,0,0,0,4,0.5
卷积层操作,0,0,0,2,0,0,0,2,0.25
共享权值,0,0,0,2,0,0,0,2,0.25
维卷积,0,0,0,2,0,0,0,2,0.25
非线性变换,0,0,0,2,0,0,0,2,0.25
三维卷积,0,0,5,3,0,0,0,8,1.0
三维池化函数,0,0,0,1,0,0,0,1,0.125
时空三维数据,0,0,0,1,0,0,0,1,0.125
卷积操,0,0,0,1,2,0,0,3,0.6083333333333334
三维结构数据,0,0,0,1,0,0,0,1,0.125
视频序列时序,0,0,0,1,0,0,0,1,0.125
连续帧,0,0,0,1,0,0,0,1,0.125
thi-ee-dimensionalcn,0,0,0,1,0,0,0,1,0.125
时间信息,0,0,0,1,0,0,0,1,0.125
时序关,0,0,0,2,0,0,0,2,0.25
空间表现信息,0,0,0,1,0,0,0,1,0.125
图像分割,0,0,0,1,0,0,0,1,0.125
目标检测,0,0,0,1,0,0,0,1,0.125
图像分类,0,0,0,1,0,0,0,1,0.125
更新梯度,0,0,0,1,0,0,0,1,0.125
池化操,0,0,0,1,0,0,0,1,0.125
去冗余操作,0,0,0,1,0,0,0,1,0.125
尺度不变性特征,0,0,0,1,0,0,0,1,0.125
冗余信息,0,0,0,1,0,0,0,1,0.125
去冗余,0,0,0,1,0,0,0,1,0.125
平移不变性,0,0,0,1,2,0,0,3,0.6083333333333334
减弱模型,0,0,0,1,0,0,0,1,0.125
averagepooling,0,0,0,1,0,0,0,1,0.125
maxpooling,0,0,0,1,0,0,0,1,0.125
tanl,0,0,0,1,0,0,0,1,0.125
高斯误差线性单元,0,0,0,1,0,0,0,1,0.125
leaklyrelu,0,0,0,1,0,0,0,1,0.125
倾斜正值滤波,0,0,0,1,0,0,0,1,0.125
神经元坏死,0,0,0,1,0,0,0,1,0.125
中间层输出,0,0,0,1,0,0,0,1,0.125
稀疏化机器学习参数,0,0,0,1,0,0,0,1,0.125
逻辑功能,0,0,0,1,0,0,0,1,0.125
对数损失函数,0,0,0,1,0,0,0,1,0.125
机器学习任务,0,0,0,1,0,1,0,2,0.3666666666666667
逻辑回归,0,0,0,1,0,0,0,1,0.125
深度学习技术,0,0,0,1,0,0,0,1,0.125
双曲正切,0,0,0,1,0,0,0,1,0.125
relu,0,0,0,1,0,1,0,2,0.3666666666666667
sigmoid,0,0,0,1,0,0,0,1,0.125
s型,0,0,0,1,0,0,0,1,0.125
中间数据,0,0,0,1,0,0,0,1,0.125
层乘积,0,0,0,1,0,0,0,1,0.125
输出层,0,0,0,2,0,0,0,2,0.25
多层神经元,0,0,0,1,0,0,0,1,0.125
线性变换,0,0,0,1,0,0,0,1,0.125
数据输入,0,0,1,1,0,0,0,2,0.25
拟合非线性,0,0,0,1,0,0,0,1,0.125
非线性学习功能,0,0,0,1,0,0,0,1,0.125
xor,0,0,0,1,0,0,0,1,0.125
异或关系,0,0,0,1,0,0,0,1,0.125
特征变换,0,0,0,1,0,0,0,1,0.125
卷积函数,0,0,0,1,0,0,0,1,0.125
局域,0,0,0,1,0,0,0,1,0.125
局部运算,0,0,0,1,0,0,0,1,0.125
共享权值机制,0,0,0,1,0,0,0,1,0.125
卷积运算,0,0,0,1,0,0,0,1,0.125
单层卷积核,0,0,0,1,0,0,0,1,0.125
常规卷积神经网络,0,0,0,1,0,0,0,1,0.125
卷积过程,0,0,0,1,0,0,0,1,0.125
图像风格,0,0,0,1,0,0,0,1,0.125
损失误差,0,0,0,1,0,0,0,1,0.125
随机小数,0,0,0,1,0,0,0,1,0.125
高斯分布,0,0,0,1,0,0,0,1,0.125
权值共享机制,0,0,0,1,0,0,0,1,0.125
普通神经网络,0,0,0,1,0,0,0,1,0.125
连接,0,0,0,1,0,0,0,1,0.125
矩形,0,0,0,1,0,0,0,1,0.125
fbaturemap,0,0,0,1,0,0,0,1,0.125
一维卷积过程,0,0,0,1,0,0,0,1,0.125
始图像,0,0,0,1,1,0,0,2,0.3666666666666667
二维数据,0,0,0,2,0,0,0,2,0.25
一维卷积,0,0,0,1,0,0,0,1,0.125
向量卷积,0,0,0,1,0,0,0,1,0.125
矩阵,0,0,0,2,0,0,0,2,0.25
离散公式,0,0,0,1,0,0,0,1,0.125
微积分,0,0,0,1,0,0,0,1,0.125
信息处理,0,0,0,1,0,0,0,1,0.125
线性图像特征,0,0,0,1,0,0,0,1,0.125
卷积图像特征图,0,0,0,1,0,0,0,1,0.125
线性映射关系,0,0,0,1,0,0,0,1,0.125
连接层,0,0,0,1,0,0,0,1,0.125
avgpooling,0,0,0,0,2,0,0,2,0.48333333333333334
像素,0,0,0,4,2,0,0,6,0.9833333333333334
记忆,0,0,0,1,2,0,0,3,0.6083333333333334
门控单元,0,0,0,0,2,0,0,2,0.48333333333333334
重置门,0,0,0,1,2,0,0,3,0.6083333333333334
更新门,0,0,0,2,2,0,0,4,0.7333333333333334
二维结构,0,0,0,2,2,0,0,4,0.7333333333333334
二维特征,0,0,0,0,2,0,0,2,0.48333333333333334
哈达玛乘积,0,0,0,0,2,0,0,2,0.48333333333333334
变体,0,0,1,0,2,0,0,3,0.6083333333333334
融合能力,1,0,0,0,1,0,0,2,1.2416666666666667
独立记忆,0,0,0,0,1,0,0,1,0.24166666666666667
记忆加权操作,0,0,0,0,1,0,0,1,0.24166666666666667
一维,0,0,0,1,1,0,0,2,0.3666666666666667
更新参数,0,0,0,0,1,0,0,1,0.24166666666666667
维卷积运算,0,0,0,0,1,0,0,1,0.24166666666666667
全连接神经网络单元,0,0,0,0,1,0,0,1,0.24166666666666667
循环单元,0,0,0,0,1,0,0,1,0.24166666666666667
短期时空关系,0,0,0,0,1,0,0,1,0.24166666666666667
convgruvarient,0,0,0,0,1,0,0,1,0.24166666666666667
卷积记忆操,0,0,0,0,1,0,0,1,0.24166666666666667
长短期时序,0,0,1,0,1,0,0,2,0.3666666666666667
多尺度特征,0,0,0,0,1,0,0,1,0.24166666666666667
短期时空,0,0,0,0,1,0,0,1,0.24166666666666667
时间维度膨胀卷积,0,0,0,0,1,0,1,2,0.48333333333333334
循环功能,0,0,0,0,1,0,0,1,0.24166666666666667
特征像素点,0,0,0,0,1,0,0,1,0.24166666666666667
记忆权重,0,0,0,0,1,0,0,1,0.24166666666666667
二维图像数据结构,0,0,0,0,1,0,0,1,0.24166666666666667
原始图像输入,0,0,0,0,1,0,0,1,0.24166666666666667
记忆加权,0,0,0,0,1,0,0,1,0.24166666666666667
像素级哈达玛乘积,0,0,0,0,1,0,0,1,0.24166666666666667
记忆参数,0,0,0,0,1,0,0,1,0.24166666666666667
输出门,0,0,0,1,1,0,0,2,0.3666666666666667
输入门,0,0,0,2,1,0,0,3,0.4916666666666667
忘记门,0,0,0,0,1,0,0,1,0.24166666666666667
convgru,0,0,0,0,1,0,0,1,0.24166666666666667
gru,0,0,0,2,1,0,0,3,0.4916666666666667
空间维度卷积功能,0,0,0,0,1,0,0,1,0.24166666666666667
深度神经网络,0,0,3,0,1,0,0,4,0.6166666666666667
卷积gru网络,0,0,0,0,1,0,0,1,0.24166666666666667
辨识,0,0,0,0,0,0,1,1,0.24166666666666667
识别模型,0,0,0,0,0,0,1,1,0.24166666666666667
原始视频,0,0,0,0,0,0,1,1,0.24166666666666667
视频帧,0,0,0,0,0,0,1,1,0.24166666666666667
数据处,0,0,0,0,0,0,1,1,0.24166666666666667
时间视野,0,0,0,0,0,0,1,1,0.24166666666666667
时空卷积结构,0,0,0,0,0,0,1,1,0.24166666666666667
膨胀卷积理论,1,0,0,0,0,0,1,2,1.2416666666666667
动态手势特征,0,0,0,0,0,0,1,1,0.24166666666666667
时空辨识性,0,0,0,0,0,0,1,1,0.24166666666666667
运动,0,0,0,7,0,0,1,8,1.1166666666666667
手势图,0,0,0,0,0,0,1,1,0.24166666666666667
数据量,1,0,0,1,0,0,1,3,1.3666666666666667
摄像头设备,0,0,0,0,0,0,1,1,0.24166666666666667
车内人机交互应用,0,0,0,0,0,0,1,1,0.24166666666666667
自动驾驶技术,0,0,0,0,0,0,1,1,0.24166666666666667
人机交互技术,0,0,0,0,0,0,1,1,0.24166666666666667
智能人机交互,0,0,0,0,0,0,1,1,0.24166666666666667
光流,0,0,2,8,0,0,0,10,1.25
物体,0,0,0,7,2,0,0,9,1.3583333333333334
纹理特征,0,0,0,6,0,0,0,6,0.75
颜色特征,0,0,0,6,0,0,0,6,0.75
运动信息,0,0,4,5,0,0,0,9,1.125
深度信息,0,0,1,4,1,0,0,6,0.8666666666666667
rgb图像,0,0,0,3,1,0,0,4,0.6166666666666667
光流场,0,0,0,3,0,0,0,3,0.375
光照,0,0,0,3,0,0,0,3,0.375
图像数据,0,0,1,3,0,0,0,4,0.5
二维光流矢量,0,0,0,2,0,0,0,2,0.25
三维空间,0,0,0,2,0,0,0,2,0.25
视网膜,0,0,0,2,0,0,0,2,0.25
形状特征,0,0,0,2,0,0,0,2,0.25
纹理,0,0,0,2,1,0,0,3,0.4916666666666667
识别稳定性,0,0,0,2,0,0,0,2,0.25
人体行为,0,0,0,1,0,0,0,1,0.125
dmm运动,0,0,0,1,0,0,0,1,0.125
人体行为识别,0,0,0,1,0,0,0,1,0.125
阈值控制,0,0,0,1,0,0,0,1,0.125
基础单元,0,0,0,1,0,0,0,1,0.125
快速运算,0,0,0,1,0,0,0,1,0.125
dmm,0,0,0,1,0,0,0,1,0.125
depthmotionmap,0,0,0,1,0,0,0,1,0.125
motionhistoryimage,0,0,0,1,0,0,0,1,0.125
运动表示模型,0,0,0,1,0,0,0,1,0.125
图像梯度计,0,0,0,1,0,0,0,1,0.125
光流替代,0,0,0,1,0,0,0,1,0.125
时序表示,0,0,0,1,0,0,0,1,0.125
光流信息,0,0,0,1,0,0,0,1,0.125
多模态模型,0,0,0,1,0,0,0,1,0.125
双流网络,0,0,0,1,0,0,0,1,0.125
原始图像,0,0,0,1,0,0,0,1,0.125
光流特征,0,0,0,1,0,0,0,1,0.125
结构,0,0,0,1,0,0,0,1,0.125
视频序列,0,0,0,1,2,0,0,3,0.6083333333333334
人体,0,0,0,1,0,0,0,1,0.125
人体行为识别技术,0,0,0,1,0,0,0,1,0.125
motionrepresentation,0,0,0,1,0,0,0,1,0.125
运动表示特征,0,0,0,1,0,0,0,1,0.125
三维运动,0,0,0,1,0,0,0,1,0.125
时间间隔,0,0,0,1,0,0,0,1,0.125
瞬时光照条件,0,0,0,1,0,0,0,1,0.125
物体运动,0,0,0,1,0,0,0,1,0.125
纵轴,0,0,0,1,0,0,0,1,0.125
横轴,0,0,0,1,0,0,0,1,0.125
矢量场,0,0,0,1,0,0,0,1,0.125
光流矢量,0,0,0,1,0,0,0,1,0.125
视觉成像像素点,0,0,0,1,0,0,0,1,0.125
物体图像平面,0,0,0,1,0,0,0,1,0.125
物体成像,0,0,0,1,0,0,0,1,0.125
反射光,0,0,0,1,0,0,0,1,0.125
动物体,0,0,0,1,0,0,0,1,0.125
摄相机,0,0,0,1,0,0,0,1,0.125
视觉场景,0,0,0,1,0,0,0,1,0.125
空间移动,0,0,0,1,0,0,0,1,0.125
粒度,0,0,0,1,0,0,0,1,0.125
瞬时速度,0,0,0,1,0,0,0,1,0.125
成像平面,0,0,0,1,0,0,0,1,0.125
失真,0,0,0,1,0,0,0,1,0.125
2d映射,0,0,0,1,0,0,0,1,0.125
视觉系统,0,0,0,1,0,0,0,1,0.125
数学模型,0,0,0,1,0,0,0,1,0.125
结构特征,0,0,0,1,0,0,0,1,0.125
表面轮廓,0,0,0,1,0,0,0,1,0.125
反射条件,0,0,0,1,0,0,0,1,0.125
物理偏差,0,0,0,1,0,0,0,1,0.125
灰度分布,0,0,0,1,0,0,0,1,0.125
高层次隐藏特征,0,0,0,1,0,0,0,1,0.125
本质属性,0,0,0,1,0,0,0,1,0.125
反面,0,0,0,1,0,0,0,1,0.125
正面,0,0,0,1,0,0,0,1,0.125
表面性质,0,0,0,1,0,0,0,1,0.125
图像背景颜色,0,0,0,1,0,0,0,1,0.125
性特征,0,0,0,1,0,0,0,1,0.125
物体特征,0,0,0,1,0,0,0,1,0.125
视角,0,0,0,1,0,0,0,1,0.125
方向,0,0,0,1,0,0,0,1,0.125
形状,0,0,0,1,0,0,0,1,0.125
全局性特征,0,0,0,1,0,0,0,1,0.125
图像检索,0,0,0,1,0,0,0,1,0.125
础特征,0,0,0,1,0,0,0,1,0.125
动态特征,0,0,0,1,0,0,0,1,0.125
二维卷积操,0,0,0,2,0,0,0,2,0.25
三维手势数据,0,0,0,1,0,0,0,1,0.125
基础,0,0,0,1,0,0,0,1,0.125
rnn模型,0,0,0,1,0,0,0,1,0.125
rnn,0,0,0,1,0,0,0,1,0.125
recurrentnerualnet,0,0,0,1,0,0,0,1,0.125
时序因果,0,0,0,1,0,0,0,1,0.125
时序逻辑关系,0,0,0,1,0,0,0,1,0.125
音节,0,0,0,1,0,0,0,1,0.125
文字,0,0,0,1,0,0,0,1,0.125
语音,0,0,1,1,0,0,0,2,0.25
特征提取模型,0,0,0,1,0,0,0,1,0.125
图像任务,0,0,0,1,0,0,0,1,0.125
图像处理,0,0,0,1,0,0,0,1,0.125
时序注意力,0,0,0,0,0,2,0,2,0.48333333333333334
注意力权值,0,0,0,0,0,1,0,1,0.24166666666666667
非线性学习能力,0,0,1,0,0,1,0,2,0.3666666666666667
系数,0,0,0,0,0,2,0,2,0.48333333333333334
手势时空,0,0,0,0,0,1,0,1,0.24166666666666667
全局平均池化函数,0,0,0,0,0,1,0,1,0.24166666666666667
时序注意力权重,0,0,0,0,0,1,0,1,0.24166666666666667
时序注意力网络,0,0,0,0,0,1,0,1,0.24166666666666667
手势视频空间,0,0,0,0,0,1,0,1,0.24166666666666667
数据帧,0,0,0,0,1,1,0,2,0.48333333333333334
手势识别空间,0,0,0,0,0,1,0,1,0.24166666666666667
时序注意力结构,0,0,0,0,0,1,0,1,0.24166666666666667
se-resnet模块,0,0,0,0,0,1,0,1,0.24166666666666667
e-inception模块,0,0,0,0,0,1,0,1,0.24166666666666667
senet模块,0,0,0,0,0,1,0,1,0.24166666666666667
开端网络,0,0,0,0,0,1,0,1,0.24166666666666667
通道注意力特征,0,0,0,0,0,1,0,1,0.24166666666666667
通道维,0,0,0,0,0,1,0,1,0.24166666666666667
注意力权重向量,0,0,0,0,0,1,0,1,0.24166666666666667
维向量,0,0,0,0,0,1,0,1,0.24166666666666667
全局池化函数,0,0,0,0,0,1,0,1,0.24166666666666667
时间压缩激励网络,0,0,0,0,0,1,0,1,0.24166666666666667
手势识别视频,0,0,0,0,2,0,0,2,0.48333333333333334
泛化性,0,0,0,0,1,0,0,1,0.24166666666666667
训练数据集,0,0,1,0,1,0,0,2,0.3666666666666667
chalearnlapiso,0,0,0,0,1,0,0,1,0.24166666666666667
十帧画面,0,0,0,0,1,0,0,1,0.24166666666666667
模糊手势,0,0,0,0,1,0,0,1,0.24166666666666667
视频剪辑,0,0,0,0,1,0,0,1,0.24166666666666667
密集手势,0,0,0,0,1,0,0,1,0.24166666666666667
电脑摄像头,0,0,0,0,1,0,0,1,0.24166666666666667
egogesture,0,0,0,0,1,0,0,1,0.24166666666666667
车辆控制,0,0,0,0,1,0,0,1,0.24166666666666667
人脸,0,0,0,0,1,0,0,1,0.24166666666666667
aleamlapi,0,0,0,0,1,0,0,1,0.24166666666666667
通用手势识别数据集,0,0,0,0,1,0,0,1,0.24166666666666667
公开数据集,0,0,0,0,1,0,0,1,0.24166666666666667
增强算法,0,0,0,0,3,0,0,3,0.725
随机裁剪,0,0,0,0,3,0,0,3,0.725
缩放,0,0,0,0,3,0,0,3,0.725
数据增强技,0,0,0,0,3,0,0,3,0.725
原始视频序列,0,0,0,0,2,0,0,2,0.48333333333333334
输入序列,0,0,0,0,2,0,0,2,0.48333333333333334
空间数据,0,0,0,0,2,0,0,2,0.48333333333333334
旋转,0,0,0,0,2,0,0,2,0.48333333333333334
序列长度,0,0,0,0,1,0,0,1,0.24166666666666667
固定序列长度,0,0,0,0,1,0,0,1,0.24166666666666667
随机均匀采样时序维度,0,0,0,0,1,0,0,1,0.24166666666666667
随机均匀采样时序维度数据,0,0,0,0,1,0,0,1,0.24166666666666667
抽取帧,0,0,0,0,1,0,0,1,0.24166666666666667
随机均匀采样时序数据,0,0,0,0,1,0,0,1,0.24166666666666667
随机均匀采样,0,0,0,0,1,0,0,1,0.24166666666666667
时间维,0,0,0,0,1,0,0,1,0.24166666666666667
视频帧率,0,0,0,0,1,0,0,1,0.24166666666666667
随机均匀采样法,0,0,0,0,1,0,0,1,0.24166666666666667
时序维度数据,0,0,0,0,1,0,0,1,0.24166666666666667
帧数,0,0,0,0,1,0,0,1,0.24166666666666667
知识迁移,0,0,0,0,1,0,0,1,0.24166666666666667
帧率摄像头,0,0,0,0,1,0,0,1,0.24166666666666667
通道平均值,0,0,0,0,1,0,0,1,0.24166666666666667
像素平均值,0,0,0,0,1,0,0,1,0.24166666666666667
空间域数据,0,0,0,0,1,0,0,1,0.24166666666666667
正方,0,0,0,0,1,0,0,1,0.24166666666666667
空间平移,0,0,0,0,1,0,0,1,0.24166666666666667
空间裁剪,0,0,0,0,1,0,0,1,0.24166666666666667
epoch,0,0,0,0,1,0,0,1,0.24166666666666667
经验性风险,0,0,0,0,1,0,0,1,0.24166666666666667
空间多样性,0,0,0,0,1,0,0,1,0.24166666666666667
多轮训练,0,0,0,0,1,0,0,1,0.24166666666666667
时序数据增强,0,0,0,0,1,0,0,1,0.24166666666666667
空间数据增强,0,0,0,0,1,0,0,1,0.24166666666666667
稳定性,0,0,0,0,1,0,0,1,0.24166666666666667
增强模型,0,0,0,0,1,0,0,1,0.24166666666666667
误学习能力,0,0,0,0,1,0,0,1,0.24166666666666667
通用性特征,0,0,0,0,1,0,0,1,0.24166666666666667
多样性,0,0,0,0,1,0,0,1,0.24166666666666667
数据增强技术,0,0,0,0,1,0,0,1,0.24166666666666667
对比度调节,0,0,0,0,1,0,0,1,0.24166666666666667
光照调节,0,0,0,0,1,0,0,1,0.24166666666666667
像素扰动,0,0,0,0,1,0,0,1,0.24166666666666667
几何变换,0,0,0,0,1,0,0,1,0.24166666666666667
扭曲,0,0,0,0,1,0,0,1,0.24166666666666667
翻转,0,0,0,0,1,0,0,1,0.24166666666666667
裁剪,0,0,0,0,1,0,0,1,0.24166666666666667
卷积神经网,0,0,0,0,1,0,0,1,0.24166666666666667
通识性特征,0,0,0,0,1,0,0,1,0.24166666666666667
数据增强策略,0,0,0,0,1,0,0,1,0.24166666666666667
时空特征选择机制,0,0,0,1,0,0,0,1,0.125
空间维度特征,0,0,0,1,0,0,0,1,0.125
卷积模块,0,0,0,1,0,0,0,1,0.125
convrnn,0,0,0,1,0,0,0,1,0.125
特征提取方,0,0,0,1,0,0,0,1,0.125
图像空间,0,0,0,1,0,0,0,1,0.125
三维时空数据,0,0,0,1,0,0,0,1,0.125
维特征,0,0,0,1,0,0,0,1,0.125
前序状态,0,0,0,2,0,0,0,2,0.25
遗忘门,0,0,0,2,0,0,0,2,0.25
短期记忆网络结构,0,0,0,1,0,0,0,1,0.125
门结构,0,0,1,1,0,0,0,2,0.25
状态,0,0,0,1,0,0,0,1,0.125
输入,0,0,0,1,0,0,0,1,0.125
遗忘,0,0,0,1,0,0,0,1,0.125
记忆门结构,0,0,0,1,0,0,0,1,0.125
结构变体,0,0,0,1,0,0,0,1,0.125
轻量级循环神经网络,0,0,0,1,0,0,0,1,0.125
隐藏状态传递,0,0,0,1,0,0,0,1,0.125
全保留,0,0,0,1,0,0,0,1,0.125
特征权重,0,0,0,1,0,0,0,1,0.125
lstm网络,0,0,1,1,0,0,0,2,0.25
特征信息,0,0,0,1,0,0,0,1,0.125
时序编码,0,0,2,0,0,0,0,2,0.25
提取,0,0,2,0,0,0,0,2,0.25
噪声,0,0,2,0,0,0,0,2,0.25
excitationnet,0,0,1,0,0,0,0,1,0.125
temporalsqueeze-,0,0,1,0,0,0,0,1,0.125
前置数据,0,0,1,0,0,0,0,1,0.125
cn,0,0,1,0,0,0,0,1,0.125
深度视频信息,0,0,1,0,0,0,0,1,0.125
像素级记忆,0,0,1,0,0,0,0,1,0.125
卷积门结构,0,0,1,0,0,0,0,1,0.125
时空结构,0,0,1,0,0,0,0,1,0.125
记忆功能,0,0,1,0,0,0,0,1,0.125
内部状态,0,0,1,0,0,0,0,1,0.125
信息单元,0,0,1,0,0,0,0,1,0.125
longshort-tennmemory,0,0,1,0,0,0,0,1,0.125
recurrentneuralnet,0,0,1,0,0,0,0,1,0.125
循环卷积神经网络,0,0,1,0,0,0,0,1,0.125
静态视频背景,0,0,1,0,0,0,0,1,0.125
生活场景,0,0,1,0,0,0,0,1,0.125
复杂时空建模,0,0,1,0,0,0,0,1,0.125
运动特征,0,0,1,0,0,0,0,1,0.125
三维池化,0,0,1,0,0,0,0,1,0.125
二维卷积网络,0,0,1,0,0,0,0,1,0.125
帧间时序,0,0,1,0,0,0,0,1,0.125
视频图像,0,0,1,0,0,0,0,1,0.125
时序融,0,0,1,0,0,0,0,1,0.125
二维图像卷积特征,0,0,1,0,0,0,0,1,0.125
图像知,0,0,1,0,0,0,0,1,0.125
图像数据集,0,0,1,0,0,0,0,1,0.125
帧间关系,0,0,1,0,0,0,0,1,0.125
卷积神经网络技术,0,0,1,0,0,0,0,1,0.125
cnn深度学习技术,0,0,1,0,0,0,0,1,0.125
深度图像学习模型,0,0,1,0,0,0,0,1,0.125
convolutionalnerualnetwork,0,0,1,0,0,0,0,1,0.125
模式识别,0,0,1,0,0,0,0,1,0.125
特征抽象表,0,0,1,0,0,0,0,1,0.125
deepneuralnetworks,0,0,1,0,0,0,0,1,0.125
深度神经网络模型,0,0,1,0,0,0,0,1,0.125
空间几何变形,0,0,1,0,0,0,0,1,0.125
密集采样,0,0,1,0,0,0,0,1,0.125
像素级别,0,0,1,0,0,0,0,1,0.125
手工提取特征,0,0,1,0,0,0,0,1,0.125
朴素贝叶斯,0,0,1,0,0,0,0,1,0.125
po,0,0,1,0,0,0,0,1,0.125
lc,0,0,1,0,0,0,0,1,0.125
ci,0,0,1,0,0,0,0,1,0.125
pr,0,0,1,0,0,0,0,1,0.125
主成分分析,0,0,1,0,0,0,0,1,0.125
svm,0,0,1,0,0,0,0,1,0.125
supportvectormachi,0,0,1,0,0,0,0,1,0.125
支持向量机,0,0,1,0,0,0,0,1,0.125
手势识别系统,0,0,1,0,0,0,0,1,0.125
智能手势识别系统,0,0,1,0,0,0,0,1,0.125
算效率,0,0,1,0,0,0,0,1,0.125
健壮性,0,0,1,0,0,0,0,1,0.125
ran,0,0,1,0,0,0,0,1,0.125
人体运动分析,0,0,1,0,0,0,0,1,0.125
三维数据结构,0,0,1,0,0,0,0,1,0.125
时空演变,0,0,1,0,0,0,0,1,0.125
视觉空间维度,0,0,1,0,0,0,0,1,0.125
视觉分类,0,0,1,0,0,0,0,1,0.125
静态图片,0,0,1,0,0,0,0,1,0.125
手势演示,0,0,1,0,0,0,0,1,0.125
类间差异,0,0,1,0,0,0,0,1,0.125
类内,0,0,1,0,0,0,0,1,0.125
遮挡,0,0,1,0,0,0,0,1,0.125
视点,0,0,1,0,0,0,0,1,0.125
视频手势,0,0,1,0,0,0,0,1,0.125
常规rgb图像数据,0,0,1,0,0,0,0,1,0.125
照明变化,0,0,1,0,0,0,0,1,0.125
立体结构特征,0,0,1,0,0,0,0,1,0.125
空间三维,0,0,1,0,0,0,0,1,0.125
识别算法,0,0,1,0,0,0,0,1,0.125
green,0,0,1,0,0,0,0,1,0.125
手势深度信息,0,0,1,0,0,0,0,1,0.125
redgreenblue,0,0,1,0,0,0,0,1,0.125
红绿蓝三通道,0,0,1,0,0,0,0,1,0.125
microsoftkinect设备,0,0,1,0,0,0,0,1,0.125
多模式传感器,0,0,1,0,0,0,0,1,0.125
视觉信息,0,0,1,0,0,0,0,1,0.125
计算机视觉算法,0,0,1,0,0,0,0,1,0.125
交互逻辑,0,0,1,0,0,0,0,1,0.125
物理,0,0,1,0,0,0,0,1,0.125
直觉,0,0,1,0,0,0,0,1,0.125
肢体移动,0,0,1,0,0,0,0,1,0.125
人类动作,0,0,1,0,0,0,0,1,0.125
桥接机器,0,0,1,0,0,0,0,1,0.125
智能交互系统,0,0,1,0,0,0,0,1,0.125
计算机设备,0,0,1,0,0,0,0,1,0.125
知识量,0,0,0,0,0,2,0,2,0.48333333333333334
ssa损失,0,0,0,0,0,2,0,2,0.48333333333333334
高斯规范化矩阵,0,0,0,0,0,1,0,1,0.24166666666666667
特征矩阵,0,0,0,0,0,1,0,1,0.24166666666666667
损失系数,0,0,0,0,0,1,0,1,0.24166666666666667
训练误差,0,0,0,0,0,1,0,1,0.24166666666666667
训练数,0,0,0,0,0,1,0,1,0.24166666666666667
阈值滤波函数,0,0,0,0,0,1,0,1,0.24166666666666667
负迁移,0,0,0,0,0,1,0,1,0.24166666666666667
p参数,0,0,0,0,0,1,0,1,0.24166666666666667
sssg,0,0,0,0,0,1,0,1,0.24166666666666667
loss,0,0,0,0,0,1,0,1,0.24166666666666667
分类学习,0,0,0,0,0,1,0,1,0.24166666666666667
单模型,0,0,0,0,0,1,0,1,0.24166666666666667
训练损失,0,0,0,0,0,1,0,1,0.24166666666666667
zossd,0,0,0,0,0,1,0,1,0.24166666666666667
对齐损失,0,0,0,0,0,1,0,1,0.24166666666666667
时空语义,0,0,0,0,0,1,0,1,0.24166666666666667
分类损失,0,0,0,0,0,1,0,1,0.24166666666666667
depth,0,0,0,0,0,1,0,1,0.24166666666666667
双模态多任务学习,0,0,0,0,0,1,0,1,0.24166666666666667
ut,0,0,0,0,0,1,0,1,0.24166666666666667
unimodaltest,0,0,0,0,0,1,0,1,0.24166666666666667
multimodaltraining,0,0,0,0,0,1,0,1,0.24166666666666667
单模态预测,0,0,0,0,0,1,0,1,0.24166666666666667
多模态联合训练,0,0,0,0,0,1,0,1,0.24166666666666667
数据模态特征,0,0,0,0,0,1,0,1,0.24166666666666667
迁移学,0,0,0,0,0,1,0,1,0.24166666666666667
数据处理模块,0,0,0,0,0,1,0,1,0.24166666666666667
数据分辨能力,0,0,0,0,0,1,0,1,0.24166666666666667
手势多模态迁移,0,0,0,0,0,1,0,1,0.24166666666666667
层层层,0,0,0,1,0,0,0,1,0.125
隐输,0,0,0,1,0,0,0,1,0.125
人工图像处理,0,0,0,1,0,0,0,1,0.125
局部特征分辨能力,0,0,0,1,0,0,0,1,0.125
非线性功能,0,0,0,1,0,0,0,1,0.125
隐藏层结构,0,0,0,1,0,0,0,1,0.125
多层神经网络结构,0,0,0,1,0,0,0,1,0.125
bp神经网络模型,0,0,0,1,0,0,0,1,0.125
硬件,0,0,0,1,0,0,0,1,0.125
感知机模型,0,0,0,1,0,0,0,1,0.125
深度学习方,0,0,0,1,0,0,0,1,0.125
neuralnetwork,0,0,0,1,0,0,0,1,0.125
artificial,0,0,0,1,0,0,0,1,0.125
人工神经网络,0,0,0,1,0,0,0,1,0.125
多模态融合,0,1,0,0,0,0,0,1,2.0
手势定位,1,0,0,0,0,0,0,1,1.0
关键帧提取流程,1,0,0,0,0,0,0,1,1.0
手势时空注意力机制,1,0,0,0,0,0,0,1,1.0
手势识别结果,1,0,0,0,0,0,0,1,1.0
分类任务,1,0,0,0,0,0,0,1,1.0
压缩手势空间,1,0,0,0,0,0,0,1,1.0
门控循环单元结构变体,1,0,0,0,0,0,0,1,1.0
手势时序特征,1,0,0,0,0,0,0,1,1.0
电子技术,1,0,0,0,0,0,0,1,1.0
智能设备,1,0,0,0,0,0,0,1,1.0
智能控制,1,0,0,0,0,0,0,1,1.0
智能交互,1,0,0,0,0,0,0,1,1.0
摄像头,1,0,0,0,0,0,0,1,1.0
数据分析能,1,0,0,0,0,0,0,1,1.0
