,摘要,关键词,第一章,第二章,第三章,第四章,第五章,总词频,加权得分
热点事件,13,1,37,17,75,28,0,171,46.641666666666666
社交网络,4,1,56,2,13,20,0,96,21.225
时间序列,3,1,18,64,34,9,0,129,25.641666666666666
随机参数,0,0,7,0,0,0,0,7,0.875
非平稳时间序列,0,0,4,0,0,0,0,4,0.5
结构特性,0,0,5,0,0,3,0,8,1.35
信息,0,0,15,2,2,6,0,25,4.058333333333334
参数,0,0,3,2,0,8,0,13,2.5583333333333336
抽样,0,0,3,0,0,0,0,3,0.375
kalman滤波,0,0,3,0,0,0,0,3,0.375
热点词,0,0,3,0,0,0,0,3,0.375
热门事件,0,0,3,0,0,0,0,3,0.375
节点,2,0,16,0,6,24,0,48,11.25
网络结构,0,0,3,0,0,0,0,3,0.375
传播,1,0,9,0,9,7,0,26,5.991666666666667
协整,0,0,2,0,0,0,0,2,0.25
均衡关系,0,0,2,0,0,0,0,2,0.25
线性组合,0,0,2,0,0,0,0,2,0.25
样本点,0,0,2,0,0,0,0,2,0.25
参数空间,0,0,2,0,0,0,0,2,0.25
mcmc算法,0,0,2,0,0,0,0,2,0.25
序列,0,0,2,3,1,0,0,6,0.8666666666666667
平稳时间序列,0,0,2,0,0,0,0,2,0.25
传播规律,4,0,9,3,14,4,0,34,9.85
时间序列特性,0,0,3,1,1,0,0,5,0.7416666666666667
热门短语,0,0,2,0,0,0,0,2,0.25
转发次数,0,0,2,1,0,0,0,3,0.375
时间特性,0,0,2,0,0,4,0,6,1.2166666666666668
性能,0,0,2,1,0,0,0,3,0.375
传播过程,2,0,2,0,9,12,0,25,7.325
网络,1,0,6,0,2,1,0,10,2.475
时间序列挖掘,0,0,3,3,0,0,0,6,0.75
时间序列分析,0,0,3,6,0,2,0,11,1.6083333333333334
复杂度,0,0,1,0,1,0,0,2,0.3666666666666667
节点状态,0,0,1,0,0,0,0,1,0.125
互联网,1,0,4,0,0,0,0,5,1.5
时变网络,0,0,1,0,0,0,0,1,0.125
移动互联网,0,0,2,0,0,0,0,2,0.25
传播模型,0,0,1,1,0,1,0,3,0.4916666666666667
互联网技术,0,0,2,0,0,0,0,2,0.25
数据挖掘,0,0,2,4,1,0,0,7,0.9916666666666667
复杂网络,0,0,11,0,0,0,0,11,1.375
sis模型,0,0,3,0,0,0,0,3,0.375
sir模型,0,0,2,0,0,0,0,2,0.25
流行病传播模型,0,0,5,0,0,1,0,6,0.8666666666666667
传播动力学,0,0,4,0,0,0,0,4,0.5
大数据读取量,0,0,1,0,0,0,0,1,0.125
存储量,0,0,1,0,0,0,0,1,0.125
计算量,0,0,1,0,0,0,0,1,0.125
状态,0,0,1,0,0,1,0,2,0.3666666666666667
滤波结,0,0,1,0,0,0,0,1,0.125
递推特性,0,0,1,0,0,0,0,1,0.125
线性估计,0,0,1,0,0,0,0,1,0.125
系统变量,0,0,1,0,0,0,0,1,0.125
误差,0,0,1,0,0,2,0,3,0.6083333333333334
动力约束条件,0,0,1,0,0,0,0,1,0.125
数值,0,0,1,0,0,0,0,1,0.125
观测时间点,0,0,1,0,0,0,0,1,0.125
特性,0,0,1,1,1,0,0,3,0.4916666666666667
动态系统,0,0,1,0,0,0,0,1,0.125
观测资料,0,0,1,0,0,0,0,1,0.125
平稳序列,0,0,1,0,0,0,0,1,0.125
平稳,0,0,1,0,0,0,0,1,0.125
cointegration,0,0,1,0,0,0,0,1,0.125
时序变量,0,0,1,0,0,0,0,1,0.125
平稳过程,0,0,1,0,0,0,0,1,0.125
内积,0,0,1,0,0,0,0,1,0.125
常数,0,0,2,0,0,0,0,2,0.25
单位根过程,0,0,1,0,0,0,0,1,0.125
数学模型,0,0,1,0,0,0,0,1,0.125
非平稳序列,0,0,1,0,0,0,0,1,0.125
协整检验,0,0,1,0,0,0,0,1,0.125
时间点,0,0,2,14,5,3,0,24,3.9333333333333336
样点,0,0,1,1,0,0,0,2,0.25
概率,0,0,2,1,0,2,0,5,0.8583333333333334
概率密度,0,0,1,0,0,0,0,1,0.125
概率密度函数,0,0,1,0,0,0,0,1,0.125
时间序列数据,1,0,1,21,11,0,0,34,6.408333333333333
hastings,0,0,1,0,0,0,0,1,0.125
lis,0,0,1,0,0,0,0,1,0.125
gibbs,0,0,1,0,0,0,0,1,0.125
模拟样本,0,0,1,0,0,0,0,1,0.125
马尔可夫链,0,0,1,0,0,0,0,1,0.125
平稳分布,0,0,1,0,0,0,0,1,0.125
预测,0,0,1,0,0,1,0,2,0.3666666666666667
car,0,0,1,0,0,0,0,1,0.125
markovchain,0,0,1,0,0,0,0,1,0.125
mcmc,0,0,1,0,0,0,0,1,0.125
信息特性,0,0,1,0,0,0,0,1,0.125
非平稳特性,0,0,1,1,0,0,0,2,0.25
mcmc模拟检验,0,0,1,0,0,0,0,1,0.125
backpropagation神经网络,0,0,1,0,0,0,0,1,0.125
协整处理,0,0,1,0,0,0,0,1,0.125
小波分析,0,0,1,0,0,0,0,1,0.125
热点事件传播,0,0,1,0,0,1,0,2,0.3666666666666667
时间序列传播规律,0,0,1,0,0,0,0,1,0.125
传播影响力,0,0,1,0,0,0,0,1,0.125
热门标签,0,0,1,0,0,0,0,1,0.125
热词传播,0,0,1,0,0,0,0,1,0.125
循环过程,0,0,1,0,0,0,0,1,0.125
博客,0,0,2,0,0,0,0,2,0.25
传播环节,0,0,1,0,0,0,0,1,0.125
影响因子,0,0,1,0,0,0,0,1,0.125
传播网络,0,0,1,0,0,0,0,1,0.125
线性影响模型,0,0,1,0,0,0,0,1,0.125
事件传播率,0,0,1,0,0,0,0,1,0.125
聚类算法,0,0,3,17,6,0,0,26,3.95
k-means,0,0,1,4,1,0,0,6,0.8666666666666667
k-sc聚类算法,0,0,1,0,2,0,0,3,0.6083333333333334
新度量,0,0,1,0,0,0,0,1,0.125
相似度,0,0,1,4,9,0,0,14,2.8
事件,0,0,5,1,5,0,0,11,1.9583333333333333
事件传播,0,0,1,0,0,0,0,1,0.125
时长分析,0,0,1,0,0,0,0,1,0.125
速度,0,0,4,0,0,0,0,4,0.5
传播广度,0,0,1,0,0,0,0,1,0.125
digg,0,0,1,0,0,0,0,1,0.125
持续时间,1,0,1,0,0,2,0,4,1.6083333333333334
用户影响力,0,0,1,0,0,0,0,1,0.125
追随者,0,0,1,0,0,0,0,1,0.125
用户粉丝,0,0,1,0,1,0,0,2,0.3666666666666667
用户信息,0,0,1,0,0,0,0,1,0.125
kwak,0,0,1,0,0,0,0,1,0.125
传播行,0,0,1,0,0,0,0,1,0.125
传播行为,0,0,2,1,2,4,0,9,1.825
热点词汇,0,0,1,0,0,0,0,1,0.125
信息传播,0,0,6,0,0,1,0,7,0.9916666666666667
意见领袖,0,0,5,0,39,18,0,62,14.4
波峰,0,0,3,0,6,3,0,12,2.55
spikem-g,1,0,3,0,0,2,0,6,1.8583333333333334
ikem,1,0,1,0,0,1,0,3,1.3666666666666667
微博热点事件传播模型,0,0,1,0,0,0,0,1,0.125
spikem模型,0,0,3,0,0,14,0,17,3.7583333333333333
微博,0,1,17,1,4,2,0,25,5.7
聚类中心,0,0,1,12,32,2,0,47,9.841666666666667
数据,0,0,1,6,6,0,0,13,2.325
k-sc时间序列聚类算法,0,0,1,0,0,0,0,1,0.125
用户,0,0,5,0,2,0,0,7,1.1083333333333334
粉丝数,0,0,1,0,5,0,0,6,1.3333333333333333
传播模式,0,0,4,0,0,4,0,8,1.4666666666666668
热点事件传播模式,1,0,1,0,0,3,0,5,1.85
微博网络,0,0,4,0,3,0,0,7,1.225
目标函数,0,0,0,9,0,0,0,9,1.125
模糊划分矩阵,0,0,0,3,0,0,0,3,0.375
k-means算法,0,0,0,3,1,0,0,4,0.6166666666666667
样本,0,0,0,5,9,0,0,14,2.8
聚类,0,1,3,12,20,0,0,36,8.708333333333332
凝聚层次聚类算法,0,0,0,3,0,0,0,3,0.375
初始聚类中心,0,0,0,3,5,0,0,8,1.5833333333333333
用户样本,0,0,0,2,0,0,0,2,0.25
映射,0,0,0,2,1,0,0,3,0.4916666666666667
som算法,0,0,0,2,0,0,0,2,0.25
初始化,0,0,0,2,0,0,0,2,0.25
fcm算法,0,0,0,2,0,0,0,2,0.25
迭代次数,0,0,0,2,0,0,0,2,0.25
迭代过程,0,0,0,2,2,0,0,4,0.7333333333333334
迭代,0,0,0,2,4,0,0,6,1.2166666666666668
原子簇,0,0,0,2,0,0,0,2,0.25
层次聚类算法,0,0,0,2,0,0,0,2,0.25
算法,0,0,0,3,4,0,0,7,1.3416666666666668
迁移聚类算法,0,0,0,2,0,0,0,2,0.25
类间分离性,0,0,0,1,0,0,0,1,0.125
类内相似性,0,0,0,1,0,0,0,1,0.125
类别规则,0,0,0,1,0,0,0,1,0.125
自训练,0,0,0,1,0,0,0,1,0.125
空间,1,0,1,1,0,0,0,3,1.25
模式空间,0,0,0,1,0,0,0,1,0.125
竞争学习算法,0,0,0,1,0,0,0,1,0.125
人工神经网络,0,0,0,1,0,0,0,1,0.125
大脑思维,0,0,0,1,0,0,0,1,0.125
som,0,0,0,1,0,0,0,1,0.125
self-organizing,0,0,0,1,0,0,0,1,0.125
自组织映射神经网络,0,0,0,1,0,0,0,1,0.125
时间序列数,0,0,0,2,0,0,0,2,0.25
阶数,0,0,0,3,0,0,0,3,0.375
权重系数,0,0,0,1,0,0,0,1,0.125
％微分,0,0,0,1,0,0,0,1,0.125
丹微分,0,0,0,1,0,0,0,1,0.125
jgv,0,0,0,1,0,0,0,1,0.125
权重值,0,0,0,1,0,0,0,1,0.125
vj,0,0,0,1,0,0,0,1,0.125
硬划分,0,0,0,1,0,0,0,1,0.125
模糊划分,0,0,0,1,0,0,0,1,0.125
模糊聚类算法,0,0,0,1,0,0,0,1,0.125
时间序列样本,0,0,0,5,0,0,0,5,0.625
初始化聚类中心,0,0,0,1,0,0,0,1,0.125
标函数,0,0,0,1,0,0,0,1,0.125
阈值,0,0,0,1,0,1,0,2,0.3666666666666667
优化,0,0,0,1,0,0,0,1,0.125
聚类中心点,0,0,0,1,1,0,0,2,0.3666666666666667
fcm,0,0,0,1,0,0,0,1,0.125
fuzzyc-means,0,0,0,1,0,0,0,1,0.125
模糊c-means,0,0,0,1,0,0,0,1,0.125
层次聚类性能,0,0,0,1,0,0,0,1,0.125
簇合,0,0,0,1,0,0,0,1,0.125
分裂层次聚类算法,0,0,0,1,0,0,0,1,0.125
dynamictimewarping,0,0,0,2,0,0,0,2,0.25
dtw,0,0,0,7,1,0,0,8,1.1166666666666667
相似性度量,0,0,0,8,0,0,0,8,1.0
离差平方,0,0,0,1,0,0,0,1,0.125
离差平,0,0,0,1,0,0,0,1,0.125
聚类过程,0,0,1,1,2,1,0,5,0.975
最小离差平方,0,0,0,1,0,0,0,1,0.125
合并过程,0,0,0,1,0,0,0,1,0.125
数据结构,0,0,0,1,0,0,0,1,0.125
cluster,0,0,0,1,0,0,0,1,0.125
分裂,0,0,0,1,0,0,0,1,0.125
凝聚,0,0,0,1,0,0,0,1,0.125
相似性,0,0,1,5,2,0,0,8,1.2333333333333334
缺失值,0,0,0,1,0,0,0,1,0.125
新聚类中心,0,0,0,1,0,0,0,1,0.125
函数,0,0,0,3,0,0,0,3,0.375
广义离差平方,0,0,0,1,0,0,0,1,0.125
结式矩阵,0,0,0,1,0,0,0,1,0.125
轨迹相似性,0,0,0,1,0,0,0,1,0.125
相异矩阵,0,0,0,1,0,0,0,1,0.125
初始化聚类,0,0,0,1,0,0,0,1,0.125
时间序列聚类算法,1,0,0,11,1,0,0,13,2.6166666666666667
时间序列聚类,0,0,1,7,4,0,0,12,1.9666666666666668
金融,0,0,0,1,0,0,0,1,0.125
统计学,0,0,0,1,0,0,0,1,0.125
理论,0,0,0,2,0,0,0,2,0.25
新浪微博,1,0,5,0,3,1,0,10,2.591666666666667
消息传播,0,0,3,0,0,0,0,3,0.375
舆论导向,1,0,2,0,0,0,0,3,1.25
公众人物,0,0,1,0,0,0,0,1,0.125
粉丝,0,0,11,0,6,1,0,18,3.0666666666666664
消息,0,0,5,0,4,4,0,13,2.5583333333333336
名人,0,0,1,0,0,0,0,1,0.125
名人效应,0,0,1,0,0,0,0,1,0.125
可信度,0,0,1,0,0,0,0,1,0.125
实时,0,0,2,0,0,0,0,2,0.25
微博平台,0,0,1,0,0,0,0,1,0.125
红人,0,0,1,0,0,0,0,1,0.125
行词,0,0,1,0,0,0,0,1,0.125
沟通,0,0,1,0,0,0,0,1,0.125
熟人网络,0,0,5,0,0,0,0,5,0.625
微博服务,0,0,1,0,0,0,0,1,0.125
动态,0,0,2,0,0,0,0,2,0.25
广播者,0,0,1,0,0,0,0,1,0.125
听众,0,0,1,0,1,1,0,3,0.6083333333333334
好友,0,0,1,0,0,0,0,1,0.125
交互形式,0,0,1,0,0,0,0,1,0.125
短文本,0,0,1,0,0,0,0,1,0.125
microblog,0,0,1,0,0,0,0,1,0.125
普通节点,0,0,0,0,11,8,0,19,4.591666666666667
时序,0,0,0,0,12,3,0,15,3.625
峰值,2,0,0,1,17,3,0,23,6.958333333333333
时间跨度,0,0,0,0,3,2,0,5,1.2083333333333333
轮廓系数,0,0,0,0,4,0,0,4,0.9666666666666667
消息源头,0,0,0,0,2,1,0,3,0.725
下降,0,0,0,0,2,1,0,3,0.725
上升,0,0,0,0,2,0,0,2,0.48333333333333334
拖尾,0,0,0,0,2,0,0,2,0.48333333333333334
休眠,0,0,0,0,2,0,0,2,0.48333333333333334
下降过程,0,0,0,0,2,1,0,3,0.725
聚类分析,0,0,0,1,4,0,0,5,1.0916666666666668
转发量,0,0,0,0,8,2,0,10,2.4166666666666665
k-sc聚类,0,0,0,0,4,0,0,4,0.9666666666666667
拐点,0,0,0,0,2,0,0,2,0.48333333333333334
建模过程,0,0,0,0,1,0,0,1,0.24166666666666667
节点特性,0,0,0,0,1,0,0,1,0.24166666666666667
信息源,0,0,1,0,4,1,0,6,1.3333333333333333
传播阶段,2,0,2,0,3,1,0,8,3.216666666666667
时间,1,0,1,6,4,6,0,18,4.291666666666666
舆论控制,0,0,2,0,1,1,0,4,0.7333333333333334
田字,0,0,0,0,1,0,0,1,0.24166666666666667
王力宏,0,0,0,0,1,0,0,1,0.24166666666666667
微博账号,0,0,0,0,1,0,0,1,0.24166666666666667
谣言,0,0,1,0,1,0,0,2,0.3666666666666667
普通事件,0,0,0,0,1,0,0,1,0.24166666666666667
传播量,0,0,0,0,1,1,0,2,0.48333333333333334
局部网络,0,0,4,0,2,0,0,6,0.9833333333333334
普通受众,0,0,0,0,4,1,0,5,1.2083333333333333
苏醒,0,0,0,0,1,0,0,1,0.24166666666666667
延迟,0,0,0,0,3,0,0,3,0.725
幕率,0,0,0,0,1,0,0,1,0.24166666666666667
热点事件时序,0,0,0,0,1,0,0,1,0.24166666666666667
峰值比例,0,0,0,0,1,0,0,1,0.24166666666666667
上升过程,0,0,0,0,1,0,0,1,0.24166666666666667
峰值上升过程,0,0,0,0,1,0,0,1,0.24166666666666667
两级传播论,0,0,0,0,2,2,0,4,0.9666666666666667
建模分析过程,0,0,0,0,1,0,0,1,0.24166666666666667
预处理,0,0,0,0,1,0,0,1,0.24166666666666667
分析模块,0,0,0,0,1,0,0,1,0.24166666666666667
统计规律,0,0,0,0,1,0,0,1,0.24166666666666667
转发比例,0,0,0,0,1,0,0,1,0.24166666666666667
纵轴,0,0,0,0,1,0,0,1,0.24166666666666667
轮廓系数曲线,0,0,0,0,1,0,0,1,0.24166666666666667
仿真过程,0,0,0,0,1,0,0,1,0.24166666666666667
仿真,1,0,0,0,2,0,0,3,1.4833333333333334
类别,0,0,0,0,3,1,0,4,0.9666666666666667
聚类结果,0,0,1,0,2,0,0,3,0.6083333333333334
免疫人群,0,0,4,0,0,0,0,4,0.5
易感人群,0,0,3,0,0,0,0,3,0.375
小世界现象,0,0,3,0,0,0,0,3,0.375
小世界网络模型,0,0,3,0,0,0,0,3,0.375
染病人群,0,0,2,0,0,0,0,2,0.25
流行病传播,0,0,2,0,0,0,0,2,0.25
规则网络,0,0,2,0,0,0,0,2,0.25
无标度网络,0,0,2,0,0,0,0,2,0.25
非传递者,0,0,1,0,0,0,0,1,0.125
传递者,0,0,1,0,0,0,0,1,0.125
消息传递,0,0,1,0,0,0,0,1,0.125
条消息,0,0,1,0,0,0,0,1,0.125
评论功能,0,0,1,0,0,0,0,1,0.125
转发,0,0,4,0,1,0,0,5,0.7416666666666667
双向连接,0,0,1,0,0,0,0,1,0.125
信息传播规则,0,0,1,0,0,0,0,1,0.125
动力学行为,0,0,1,0,0,0,0,1,0.125
免疫能力,0,0,1,0,0,0,0,1,0.125
易感人,0,0,1,0,0,0,0,1,0.125
传染病,0,0,1,0,0,0,0,1,0.125
感染源,0,0,1,0,0,0,0,1,0.125
人群,0,0,1,0,0,0,0,1,0.125
spreaderignorantspreader,0,0,1,0,0,0,0,1,0.125
sis,0,0,1,0,0,0,0,1,0.125
spreaderignorants,0,0,1,0,0,0,0,1,0.125
人际关系网络,0,0,1,0,0,0,0,1,0.125
艾滋病,0,0,1,0,0,0,0,1,0.125
性疾病,0,0,1,0,0,0,0,1,0.125
非典型肺炎,0,0,1,0,0,0,0,1,0.125
社会,0,0,2,0,0,0,0,2,0.25
病毒蔓延,0,0,1,0,0,0,0,1,0.125
因特网,0,0,1,0,0,0,0,1,0.125
流行病,0,0,1,0,0,0,0,1,0.125
平均度,0,0,1,0,0,0,0,1,0.125
ba网络模型,0,0,1,0,0,0,0,1,0.125
演化模型,0,0,1,0,0,0,0,1,0.125
网页链接,0,0,1,0,0,0,0,1,0.125
万维,0,0,1,0,0,0,0,1,0.125
有向网络,0,0,1,0,0,0,0,1,0.125
择优连接,0,0,1,0,0,0,0,1,0.125
动态增长,0,0,1,0,0,0,0,1,0.125
ba模型,0,0,1,0,0,0,0,1,0.125
ba无标度网络模型,0,0,1,0,0,0,0,1,0.125
nw模型,0,0,1,0,0,0,0,1,0.125
ws小世界模型,0,0,1,0,0,0,0,1,0.125
六度分割,0,0,1,0,0,0,0,1,0.125
milgram,0,0,2,0,0,0,0,2,0.25
社会网络,0,0,1,0,0,0,0,1,0.125
规律,0,0,1,0,0,0,0,1,0.125
随机网络,0,0,1,0,0,0,0,1,0.125
随机网络模型,0,0,1,0,0,0,0,1,0.125
星形耦合网络,0,0,1,0,0,0,0,1,0.125
耦合网络,0,0,1,0,0,0,0,1,0.125
全局耦合网络,0,0,1,0,0,0,0,1,0.125
世界,0,0,1,0,0,0,0,1,0.125
网络传播动力学,0,0,2,0,0,0,0,2,0.25
社交平台,0,0,2,0,0,0,0,2,0.25
幕率分布,1,0,1,0,0,6,0,8,2.575
度分布,0,0,1,0,0,2,0,3,0.6083333333333334
无标度,0,0,1,0,0,0,0,1,0.125
小世界,0,0,1,0,0,0,0,1,0.125
吸引子,0,0,1,0,0,0,0,1,0.125
自相似,0,0,1,0,0,0,0,1,0.125
自组织,0,0,1,0,0,0,0,1,0.125
波形,0,0,1,2,6,3,0,12,2.55
普通大众,0,0,0,0,3,3,0,6,1.45
spikem-g模型,0,0,0,0,0,2,0,2,0.48333333333333334
苏醒时间,0,0,0,0,0,2,0,2,0.48333333333333334
幅值,0,0,1,0,3,2,0,6,1.3333333333333333
高斯函数,0,0,0,0,0,2,0,2,0.48333333333333334
微博热点事件,0,0,1,0,0,2,0,3,0.6083333333333334
时序特性,0,0,0,0,0,1,0,1,0.24166666666666667
rmseo,0,0,0,0,0,1,0,1,0.24166666666666667
拟合过程,0,0,0,0,0,1,0,1,0.24166666666666667
最小二乘法,0,0,0,0,0,1,0,1,0.24166666666666667
定量化,0,0,0,0,0,1,0,1,0.24166666666666667
定性结,0,0,0,0,0,1,0,1,0.24166666666666667
长尾,0,0,0,0,0,1,0,1,0.24166666666666667
数学公式,0,0,0,0,0,1,0,1,0.24166666666666667
正态分布,0,0,0,0,0,1,0,1,0.24166666666666667
随机样本,0,0,0,0,0,1,0,1,0.24166666666666667
中心极限,0,0,0,0,0,1,0,1,0.24166666666666667
冲激过程,0,0,0,0,0,1,0,1,0.24166666666666667
幕律函数,0,0,0,0,0,1,0,1,0.24166666666666667
spikem-,0,0,0,0,0,2,0,2,0.48333333333333334
冲击,0,0,0,0,0,1,0,1,0.24166666666666667
冲击项,0,0,0,0,0,1,0,1,0.24166666666666667
初始节点数,0,0,0,0,0,1,0,1,0.24166666666666667
传播时间,0,0,0,0,0,1,0,1,0.24166666666666667
消息源,0,0,3,0,1,1,0,5,0.8583333333333334
体眠,0,0,0,0,0,1,0,1,0.24166666666666667
ikem-g,1,0,0,0,0,1,0,2,1.2416666666666667
gaussian函数,0,0,0,0,0,1,0,1,0.24166666666666667
高斯分布,0,0,0,0,0,1,0,1,0.24166666666666667
spikem,1,0,1,0,0,4,0,6,2.091666666666667
微博热点事件传播模式,0,0,0,0,0,1,0,1,0.24166666666666667
ke,0,0,0,0,0,1,0,1,0.24166666666666667
热点话题,0,0,2,0,0,0,0,2,0.25
信息级联,0,0,1,0,0,1,0,2,0.3666666666666667
二次转发行为,0,0,1,0,0,0,0,1,0.125
周期性,0,0,1,1,0,0,0,2,0.25
微博社交网络,0,0,1,0,0,0,0,1,0.125
章泽天,0,0,1,0,0,0,0,1,0.125
刘强东,0,0,1,0,0,0,0,1,0.125
方舟子,0,0,1,0,0,0,0,1,0.125
郭美美,0,0,1,0,0,0,0,1,0.125
马航,0,0,1,0,2,0,0,3,0.6083333333333334
文章,0,0,1,0,0,0,0,1,0.125
舆情,0,0,1,0,0,0,0,1,0.125
舆论检测,0,0,1,0,0,0,0,1,0.125
危机舆情事件,0,0,1,0,0,0,0,1,0.125
负面言论,0,0,2,0,0,0,0,2,0.25
反社会,0,0,1,0,0,0,0,1,0.125
类别中心,0,0,0,0,1,2,0,3,0.725
延时,0,0,0,0,0,1,0,1,0.24166666666666667
峰值点,0,0,1,0,4,2,0,7,1.575
挥发性,1,0,0,0,0,1,0,2,1.2416666666666667
幕律分布,0,0,0,0,1,2,0,3,0.725
社交网络特性,0,0,0,0,0,1,0,1,0.24166666666666667
ospikem模型,0,0,0,0,0,1,0,1,0.24166666666666667
arma,0,0,0,5,0,5,0,10,1.8333333333333333
线性模型,0,0,1,2,0,2,0,5,0.8583333333333334
oarma模型,0,0,0,0,0,1,0,1,0.24166666666666667
arma模型,0,0,0,4,0,3,0,7,1.225
时间序列模型,0,0,0,0,0,1,0,1,0.24166666666666667
数学规律,0,0,1,1,0,1,0,3,0.4916666666666667
描述性模型,0,0,0,0,0,1,0,1,0.24166666666666667
时间序列聚类策略,0,0,3,1,0,0,0,4,0.5
热点事件数据集,0,0,2,0,0,0,0,2,0.25
两级传播模型,0,0,1,0,0,0,0,1,0.125
两级传播,0,0,1,0,0,0,0,1,0.125
暴律特性,0,0,1,0,0,0,0,1,0.125
k-sc算法,0,0,1,0,8,0,0,9,2.0583333333333336
并行聚类算法,0,0,1,0,1,0,0,2,0.3666666666666667
mapreduce,0,0,1,0,3,0,0,4,0.85
海量数据,0,0,1,0,2,0,0,3,0.6083333333333334
缩放,1,0,1,5,1,0,0,8,1.9916666666666667
平移,1,0,1,3,0,0,0,5,1.5
k-sc事件序列聚类算法,0,0,1,0,0,0,0,1,0.125
模型参数,1,0,1,1,0,0,0,3,1.25
特征向量,0,0,1,3,0,0,0,4,0.5
始数据,0,0,1,0,0,0,0,1,0.125
自回归滑动平均混合模型,0,0,1,4,0,0,0,5,0.625
滑动平均模型,0,0,1,5,0,0,0,6,0.75
自归模型,0,0,1,0,0,0,0,1,0.125
线性系统,0,0,1,1,0,0,0,2,0.25
系统,0,0,1,0,0,0,0,1,0.125
信号,0,0,1,1,0,0,0,2,0.25
有序序列,0,0,1,1,0,0,0,2,0.25
观测值,0,0,1,1,0,0,0,2,0.25
金融学,0,0,1,2,0,0,0,3,0.375
基础理论,0,0,1,2,0,0,0,3,0.375
热点,0,0,1,0,1,1,0,3,0.6083333333333334
模型,0,0,0,5,0,2,0,7,1.1083333333333334
特征,0,0,0,3,0,0,0,3,0.375
特征参数,0,0,0,2,0,0,0,2,0.25
静态数据,0,0,0,2,0,0,0,2,0.25
定长,0,0,0,2,0,0,0,2,0.25
-basedapproaches,0,0,0,1,0,0,0,1,0.125
feature-basedapproaches,0,0,0,1,0,0,0,1,0.125
基于特征,0,0,0,1,0,0,0,1,0.125
相似度度量,0,0,0,1,0,0,0,1,0.125
相似度计算,0,0,0,1,1,0,0,2,0.3666666666666667
raw-data-basedapproaches,0,0,0,1,0,0,0,1,0.125
原始数据,0,0,0,3,1,0,0,4,0.6166666666666667
静态数据聚类,0,0,0,1,0,0,0,1,0.125
采样,0,0,0,1,0,0,0,1,0.125
采样间隔,0,0,0,2,0,0,0,2,0.25
时间序列数据聚类,0,0,0,1,0,0,0,1,0.125
行为特性,0,0,0,0,1,0,0,1,0.24166666666666667
波形变,0,0,0,0,1,0,0,1,0.24166666666666667
时间序列特征,0,0,0,0,1,1,0,2,0.48333333333333334
扩散,0,0,0,0,1,0,0,1,0.24166666666666667
服务器,0,0,0,0,7,0,0,7,1.6916666666666667
reduce过程,0,0,0,0,5,0,0,5,1.2083333333333333
时序样本,0,0,0,0,10,0,0,10,2.4166666666666665
map过程,0,0,0,0,3,0,0,3,0.725
数据量,0,0,0,0,4,0,0,4,0.9666666666666667
迭代操作,0,0,0,0,2,0,0,2,0.48333333333333334
停止阈,0,0,0,0,2,0,0,2,0.48333333333333334
key-vaule,0,0,0,0,2,0,0,2,0.48333333333333334
并行计算,0,0,0,0,2,0,0,2,0.48333333333333334
计算效率,0,0,0,0,1,0,0,1,0.24166666666666667
串行计算过程,0,0,0,0,1,0,0,1,0.24166666666666667
聚类信息,0,0,0,0,1,0,0,1,0.24166666666666667
map-reduce,0,0,0,0,1,0,0,1,0.24166666666666667
虚拟中心,0,0,0,0,3,0,0,3,0.725
reduce阶段过程,0,0,0,0,1,0,0,1,0.24166666666666667
编号,0,0,0,0,1,0,0,1,0.24166666666666667
map映射,0,0,0,0,1,0,0,1,0.24166666666666667
key,0,0,0,0,1,0,0,1,0.24166666666666667
数据集,0,0,0,0,3,0,0,3,0.725
uce,0,0,0,0,1,0,0,1,0.24166666666666667
距离,0,0,0,8,3,0,0,11,1.725
编号key,0,0,0,0,1,0,0,1,0.24166666666666667
样本平均分配,0,0,0,0,1,0,0,1,0.24166666666666667
主服务器,0,0,0,0,1,0,0,1,0.24166666666666667
可聚类,0,0,0,0,1,0,0,1,0.24166666666666667
聚类结,0,0,0,0,1,0,0,1,0.24166666666666667
聚类模块,0,0,0,0,1,0,0,1,0.24166666666666667
迭代map过程,0,0,0,0,1,0,0,1,0.24166666666666667
虚拟聚类中心,0,0,0,0,1,0,0,1,0.24166666666666667
过程,0,0,0,2,1,0,0,3,0.4916666666666667
迭代停止阈值,0,0,0,0,1,0,0,1,0.24166666666666667
个数,0,0,0,0,1,0,0,1,0.24166666666666667
并行化聚类算法,0,0,0,0,1,0,0,1,0.24166666666666667
时间复杂度,0,0,0,0,1,1,0,2,0.48333333333333334
分布式任务,0,0,0,0,1,0,0,1,0.24166666666666667
并行处理机制,0,0,0,0,1,0,0,1,0.24166666666666667
并行计算框架,0,0,0,0,1,0,0,1,0.24166666666666667
文件系统,0,0,0,0,1,0,0,1,0.24166666666666667
hdfs,0,0,0,0,1,0,0,1,0.24166666666666667
分布式处理框架,0,0,0,0,1,0,0,1,0.24166666666666667
hadoop平台,0,0,0,0,1,0,0,1,0.24166666666666667
并行化,0,0,0,0,1,0,0,1,0.24166666666666667
低复杂度,0,0,0,0,1,0,0,1,0.24166666666666667
时间维度,0,0,0,0,1,0,0,1,0.24166666666666667
累积距离,0,0,0,6,0,0,0,6,0.75
分段,0,0,0,6,0,0,0,6,0.75
路径,0,0,0,4,0,0,0,4,0.5
长度,0,0,0,4,0,0,0,4,0.5
欧式距离,0,0,0,4,1,0,0,5,0.7416666666666667
元素,0,0,0,3,0,0,0,3,0.375
皮尔逊相关系数,0,0,0,2,0,0,0,2,0.25
dtw算法,0,0,0,1,0,0,0,1,0.125
聚类效果,0,0,0,2,1,0,0,3,0.4916666666666667
总路径,0,0,0,1,0,0,0,1,0.125
坐标,0,0,0,1,0,0,0,1,0.125
兀素,0,0,0,1,0,0,0,1,0.125
格点距离,0,0,0,1,0,0,0,1,0.125
cumulativedistances,0,0,0,1,0,0,0,1,0.125
最优路径,0,0,0,1,0,0,0,1,0.125
总距离,0,0,0,1,0,0,0,1,0.125
补偿,0,0,0,1,0,0,0,1,0.125
代价函数,0,0,0,1,0,0,0,1,0.125
单调性,0,0,0,1,0,0,0,1,0.125
连续,0,0,0,1,0,0,0,1,0.125
映射关系,0,0,0,1,0,0,0,1,0.125
动态规划算法,0,0,0,1,0,0,0,1,0.125
矩阵,0,0,0,1,0,0,0,1,0.125
二维矩阵矩阵,0,0,0,1,0,0,0,1,0.125
dynamicprogramming,0,0,0,1,0,0,0,1,0.125
动态规划,0,0,0,1,0,0,0,1,0.125
时间间隔,0,0,0,1,4,0,0,5,1.0916666666666668
线性,0,0,0,1,0,0,0,1,0.125
对齐策略,0,0,0,1,0,0,0,1,0.125
时间规整函数,0,0,0,1,0,0,0,1,0.125
非连续时间序列,0,0,0,1,0,0,0,1,0.125
连续时间序列,0,0,0,1,0,0,0,1,0.125
规整距离,0,0,0,1,0,0,0,1,0.125
动态时间,0,0,0,1,0,0,0,1,0.125
sts距离,0,0,0,1,0,0,0,1,0.125
分段性,0,0,0,1,0,0,0,1,0.125
sta,0,0,0,1,0,0,0,1,0.125
shorttimeseries,0,0,0,1,0,0,0,1,0.125
短时间序列距离,0,0,0,1,0,0,0,1,0.125
残差,0,0,0,1,0,0,0,1,0.125
均值,0,0,0,3,0,0,0,3,0.375
数据格式,0,0,0,1,0,0,0,1,0.125
正面言论,0,0,1,0,0,0,0,1,0.125
复杂网络特性,0,0,1,0,0,0,0,1,0.125
虚拟化社交,0,0,1,0,0,0,0,1,0.125
波形变化,1,0,0,0,2,1,0,4,1.725
时序特征,0,0,0,0,2,2,0,4,0.9666666666666667
聚类方法,0,0,0,0,1,0,0,1,0.24166666666666667
趋势,0,0,0,1,1,0,0,2,0.3666666666666667
时序集合,0,0,0,0,2,0,0,2,0.48333333333333334
时序波形,1,0,0,0,1,1,0,3,1.4833333333333334
异常发现,0,0,0,0,1,0,0,1,0.24166666666666667
相似性计算,0,0,0,0,1,0,0,1,0.24166666666666667
个体,2,0,0,0,1,2,0,5,2.725
噪声数据,0,0,0,0,1,0,0,1,0.24166666666666667
传播特性,0,0,0,1,0,2,0,3,0.6083333333333334
口碑传播,0,0,0,0,0,2,0,2,0.48333333333333334
舆论领袖,0,0,0,0,0,2,0,2,0.48333333333333334
时序分析,1,0,0,0,0,2,0,3,1.4833333333333334
受众,0,0,0,0,0,2,0,2,0.48333333333333334
事件传播预测,0,0,0,0,0,1,0,1,0.24166666666666667
爆炸式增长,0,0,0,0,0,1,0,1,0.24166666666666667
指数分布,0,0,0,0,0,1,0,1,0.24166666666666667
随机过程,0,0,0,0,0,1,0,1,0.24166666666666667
时点样本,0,0,0,0,0,1,0,1,0.24166666666666667
在线预测,0,0,0,0,0,1,0,1,0.24166666666666667
滑动平均阶数,0,0,0,0,0,1,0,1,0.24166666666666667
自回归,0,0,0,1,0,1,0,2,0.3666666666666667
幕律特性,0,0,0,0,0,1,0,1,0.24166666666666667
模型拟合,0,0,0,0,0,1,0,1,0.24166666666666667
非线性,0,0,0,1,0,1,0,2,0.3666666666666667
噪声因素,0,0,0,0,0,1,0,1,0.24166666666666667
周期因素,0,0,0,0,0,1,0,1,0.24166666666666667
季节因素,0,0,0,0,0,1,0,1,0.24166666666666667
统计特征,0,0,0,0,0,1,0,1,0.24166666666666667
随机数据序列,0,0,0,0,0,1,0,1,0.24166666666666667
数理统计学,0,0,0,0,0,1,0,1,0.24166666666666667
随机过程理论,0,0,0,0,0,1,0,1,0.24166666666666667
时间序列建模,0,0,0,0,0,1,0,1,0.24166666666666667
指数,0,0,0,0,0,3,0,3,0.725
中心,0,0,0,0,1,1,0,2,0.48333333333333334
聚类分析过程,0,0,0,0,0,2,0,2,0.48333333333333334
敏感,0,0,0,0,0,1,0,1,0.24166666666666667
两级传播理论,0,0,0,0,0,1,0,1,0.24166666666666667
虚拟映射,0,0,0,0,0,1,0,1,0.24166666666666667
人际关系,0,0,0,0,0,1,0,1,0.24166666666666667
态度,0,0,0,0,0,1,0,1,0.24166666666666667
大众传播,0,0,0,0,0,1,0,1,0.24166666666666667
人际传播,0,0,0,0,0,1,0,1,0.24166666666666667
社会公众,0,0,0,0,0,1,0,1,0.24166666666666667
大众媒体,0,0,0,0,0,1,0,1,0.24166666666666667
时序传播模式,0,0,0,0,0,1,0,1,0.24166666666666667
集体行为,1,0,0,0,0,1,0,2,1.2416666666666667
属性,1,0,0,0,0,1,0,2,1.2416666666666667
内容,0,0,0,0,0,1,0,1,0.24166666666666667
空间复杂度,0,0,0,0,0,1,0,1,0.24166666666666667
大数据背景,0,0,0,0,0,1,0,1,0.24166666666666667
独立阈值模型,0,0,0,0,0,1,0,1,0.24166666666666667
模拟传播过程,0,0,0,0,0,1,0,1,0.24166666666666667
贪心算法,0,0,0,0,0,1,0,1,0.24166666666666667
遍历算法,0,0,0,0,0,1,0,1,0.24166666666666667
传播种子,0,0,0,0,0,1,0,1,0.24166666666666667
真实交友网络,0,0,4,0,0,0,0,4,0.5
朋友圈,0,0,4,0,0,0,0,4,0.5
myspace,0,0,3,0,0,0,0,3,0.375
社交网站,0,0,3,0,0,0,0,3,0.375
社交网络平台,0,0,3,0,0,0,0,3,0.375
开心网,0,0,2,0,0,0,0,2,0.25
人人网,0,0,2,0,0,0,0,2,0.25
六度空间理论,0,0,2,0,0,0,0,2,0.25
交友,0,0,2,0,0,0,0,2,0.25
真实网络,0,0,2,0,0,0,0,2,0.25
网络社交,0,0,2,0,0,0,0,2,0.25
信息交流,0,0,1,0,0,0,0,1,0.125
平台,0,0,1,0,0,0,0,1,0.125
真实社会,0,0,1,0,0,0,0,1,0.125
用户画像,0,0,1,0,0,0,0,1,0.125
移动社交,0,0,2,0,0,0,0,2,0.25
多媒体数据,0,0,1,0,0,0,0,1,0.125
视频位置,0,0,1,0,0,0,0,1,0.125
图片,0,0,1,0,0,0,0,1,0.125
设备,0,0,1,0,0,0,0,1,0.125
摄像,0,0,1,0,0,0,0,1,0.125
智能终端集,0,0,1,0,0,0,0,1,0.125
pc,0,0,1,0,0,0,0,1,0.125
移动互联网社交产品,0,0,1,0,0,0,0,1,0.125
微信,0,0,1,0,0,0,0,1,0.125
即时通讯交友,0,0,1,0,0,0,0,1,0.125
个人动态分享,0,0,1,0,0,0,0,1,0.125
白领,0,0,1,0,0,0,0,1,0.125
校园社交网站,0,0,1,0,0,0,0,1,0.125
校园,0,0,1,0,0,0,0,1,0.125
垂直社交网络时代,0,0,1,0,0,0,0,1,0.125
微信息社交网络时代,0,0,1,0,0,0,0,1,0.125
社交网络时代,0,0,1,0,0,0,0,1,0.125
休闲娱乐型,0,0,1,0,0,0,0,1,0.125
虚拟网络,0,0,1,0,0,0,0,1,0.125
互动平台,0,0,1,0,0,0,0,1,0.125
个人信息分享,0,0,1,0,0,0,0,1,0.125
及时通讯,0,0,1,0,0,0,0,1,0.125
兴趣特征,0,0,1,0,0,0,0,1,0.125
基本信息,0,0,1,0,0,0,0,1,0.125
社交扩展,0,0,1,0,0,0,0,1,0.125
虚拟社交平台,0,0,1,0,0,0,0,1,0.125
时空,0,0,1,0,0,0,0,1,0.125
六度空间理,0,0,1,0,0,0,0,1,0.125
连锁信实验,0,0,1,0,0,0,0,1,0.125
sixdegreesofseparation,0,0,1,0,0,0,0,1,0.125
心理学,0,0,1,0,0,0,0,1,0.125
社会性网络,0,0,1,0,0,0,0,1,0.125
现实交友网络,0,0,1,0,0,0,0,1,0.125
现实社会,0,0,1,0,0,0,0,1,0.125
虚拟社交,0,0,2,0,0,0,0,2,0.25
互动频率,0,0,1,0,0,0,0,1,0.125
即时聊天,0,0,1,0,0,0,0,1,0.125
用户群组,0,0,1,0,0,0,0,1,0.125
发动态,0,0,1,0,0,0,0,1,0.125
个人动态,0,0,1,0,0,0,0,1,0.125
兴趣清单,0,0,1,0,0,0,0,1,0.125
照片,0,0,1,0,0,0,0,1,0.125
个人基本信息,0,0,1,0,0,0,0,1,0.125
兴趣,0,0,1,0,0,0,0,1,0.125
社交网络服务平台,0,0,1,0,0,0,0,1,0.125
web2.0,0,0,1,0,0,0,0,1,0.125
wiklmicroblog,0,0,1,0,0,0,0,1,0.125
网络社交软件,0,0,1,0,0,0,0,1,0.125
socialnetworkservice,0,0,1,0,0,0,0,1,0.125
社会化网络服务,0,0,1,0,0,0,0,1,0.125
社会性网络服务,0,0,1,0,0,0,0,1,0.125
中心点,0,0,0,0,2,0,0,2,0.48333333333333334
趋势特征,0,0,0,0,2,0,0,2,0.48333333333333334
波形特征,0,0,0,0,2,0,0,2,0.48333333333333334
凡尸,0,0,0,0,1,0,0,1,0.24166666666666667
聚类中心更新,0,0,0,0,1,0,0,1,0.24166666666666667
趋势项,0,0,0,0,1,0,0,1,0.24166666666666667
偏移,0,0,0,0,1,0,0,1,0.24166666666666667
时间单元,0,0,0,0,1,0,0,1,0.24166666666666667
初始点,0,0,0,0,1,0,0,1,0.24166666666666667
时间偏移系数,0,0,0,0,1,0,0,1,0.24166666666666667
缩放系数,0,0,0,0,1,0,0,1,0.24166666666666667
坐标轴,0,0,0,0,1,0,0,1,0.24166666666666667
总量,0,0,0,0,1,0,0,1,0.24166666666666667
波峰变化,0,0,0,0,1,0,0,1,0.24166666666666667
暴力恐怖事件,0,0,0,0,2,0,0,2,0.48333333333333334
火车站,0,0,0,0,3,0,0,3,0.725
样本量,0,0,0,0,1,0,0,1,0.24166666666666667
传播状态,0,0,0,0,1,0,0,1,0.24166666666666667
转发用户,0,0,0,0,4,0,0,4,0.9666666666666667
转发列表,0,0,0,0,3,0,0,3,0.725
娱乐事件,0,0,0,0,2,0,0,2,0.48333333333333334
cdf,0,0,0,0,2,0,0,2,0.48333333333333334
转发时间点,0,0,0,0,2,0,0,2,0.48333333333333334
统计规,0,0,0,0,1,0,0,1,0.24166666666666667
共性规律,0,0,0,2,1,0,0,3,0.4916666666666667
建模,0,0,0,0,1,0,0,1,0.24166666666666667
社会安全事件,0,0,0,0,1,0,0,1,0.24166666666666667
转发总数,0,0,0,0,1,0,0,1,0.24166666666666667
波峰转发总数,0,0,0,0,1,0,0,1,0.24166666666666667
影响力,0,0,0,0,1,0,0,1,0.24166666666666667
转发者,0,0,0,0,1,0,0,1,0.24166666666666667
抖动特性,0,0,0,0,1,0,0,1,0.24166666666666667
波形不,0,0,0,0,1,0,0,1,0.24166666666666667
维度,0,0,0,0,1,0,0,1,0.24166666666666667
累积分布函数,0,0,0,0,1,0,0,1,0.24166666666666667
暴力恐怖案件,0,0,0,0,1,0,0,1,0.24166666666666667
微博数量,0,0,0,0,1,0,0,1,0.24166666666666667
时间段,0,0,0,0,1,0,0,1,0.24166666666666667
转化,0,0,0,0,1,0,0,1,0.24166666666666667
出轨,0,0,0,0,1,0,0,1,0.24166666666666667
符号,0,0,0,0,1,0,0,1,0.24166666666666667
转发率,0,0,0,0,1,0,0,1,0.24166666666666667
通事件,0,0,0,0,1,0,0,1,0.24166666666666667
等噪声,0,0,0,0,1,0,0,1,0.24166666666666667
广告,0,0,0,0,1,0,0,1,0.24166666666666667
过滤,0,0,0,0,1,0,0,1,0.24166666666666667
采集,0,0,0,0,1,0,0,1,0.24166666666666667
微博数据,0,0,0,0,1,0,0,1,0.24166666666666667
原始时间序列,0,0,0,0,1,0,0,1,0.24166666666666667
时间信息,0,0,0,0,1,0,0,1,0.24166666666666667
评论,0,0,0,0,1,0,0,1,0.24166666666666667
数据库,0,0,0,0,1,0,0,1,0.24166666666666667
放api,0,0,0,0,1,0,0,1,0.24166666666666667
爬虫,0,0,0,0,1,0,0,1,0.24166666666666667
数据采集过,0,0,0,0,1,0,0,1,0.24166666666666667
自回归模型,0,0,0,7,0,0,0,7,0.875
零点,0,0,0,3,0,0,0,3,0.375
平稳性,0,0,0,3,0,0,0,3,0.375
频域分析,0,0,0,3,0,0,0,3,0.375
季节,0,0,0,2,0,0,0,2,0.25
广义特征,0,0,0,2,0,0,0,2,0.25
滑动平均过程,0,0,0,2,0,0,0,2,0.25
自回归算子,0,0,0,2,0,0,0,2,0.25
非平稳性,0,0,0,2,0,0,0,2,0.25
高斯白噪声过程,0,0,0,2,0,0,0,2,0.25
位置参数,0,0,0,2,0,0,0,2,0.25
偏差,0,0,0,2,0,0,0,2,0.25
随机冲击,0,0,0,2,0,0,0,2,0.25
有穷线性组合,0,0,0,2,0,0,0,2,0.25
函数模型,0,0,0,2,0,0,0,2,0.25
时域,0,0,0,2,0,0,0,2,0.25
频率,0,0,0,2,0,0,0,2,0.25
时域分析,0,0,0,2,0,0,0,2,0.25
建模分,0,0,0,1,0,0,0,1,0.125
拟合模型,0,0,0,1,0,0,0,1,0.125
纯滑动平均,0,0,0,1,0,0,0,1,0.125
纯自回归,0,0,0,1,0,0,0,1,0.125
arima模型,0,0,0,1,0,0,0,1,0.125
arima,0,0,0,1,0,0,0,1,0.125
阶自回归求,0,0,0,1,0,0,0,1,0.125
平稳遍历,0,0,0,1,0,0,0,1,0.125
d阶差分,0,0,0,1,0,0,0,1,0.125
非平稳非遍历,0,0,0,1,0,0,0,1,0.125
同质非平稳特征,0,0,0,1,0,0,0,1,0.125
平稳算子,0,0,0,1,0,0,0,1,0.125
单位,0,0,0,1,0,0,0,1,0.125
单位圆,0,0,0,1,0,0,0,1,0.125
自重自回归算子,0,0,0,1,0,0,0,1,0.125
周期特性,0,0,0,1,0,0,0,1,0.125
分量,0,0,0,1,0,0,0,1,0.125
时间差,0,0,0,1,0,0,0,1,0.125
自协方差函数,0,0,0,1,0,0,0,1,0.125
常数函数,0,0,0,1,0,0,0,1,0.125
均值函数,0,0,0,1,0,0,0,1,0.125
自回归过程,0,0,0,1,0,0,0,1,0.125
02,0,0,0,1,0,0,0,1,0.125
q阶滑动平均算子,0,0,0,1,0,0,0,1,0.125
q阶滑动平均,0,0,0,1,0,0,0,1,0.125
z线性,0,0,0,1,0,0,0,1,0.125
有限滑动平均模型,0,0,0,1,0,0,0,1,0.125
无限加权,0,0,0,1,0,0,0,1,0.125
随机冲击项,0,0,0,1,0,0,0,1,0.125
约束条件,0,0,0,1,0,0,0,1,0.125
ar模型,0,0,0,1,0,0,0,1,0.125
p阶自回归算子,0,0,0,1,0,0,0,1,0.125
p阶自回归,0,0,0,1,0,0,0,1,0.125
rage,0,0,0,1,0,0,0,1,0.125
ving,0,0,0,1,0,0,0,1,0.125
regressive,0,0,0,1,0,0,0,1,0.125
movingaverage,0,0,0,1,0,0,0,1,0.125
autoregressive,0,0,0,1,0,0,0,1,0.125
因变量,0,0,0,1,0,0,0,1,0.125
自变量,0,0,0,1,0,0,0,1,0.125
频域,0,0,0,1,0,0,0,1,0.125
数学,0,0,0,1,0,0,0,1,0.125
正弦分量,0,0,0,1,0,0,0,1,0.125
谱分析,0,0,0,1,0,0,0,1,0.125
数据统计学,0,0,0,1,0,0,0,1,0.125
随机变量,0,0,0,2,0,0,0,2,0.25
转发曲线,0,0,0,1,0,0,0,1,0.125
气温,0,0,0,1,0,0,0,1,0.125
有序观测值,0,0,0,1,0,0,0,1,0.125
随机事件,0,0,0,1,0,0,0,1,0.125
感染,0,0,0,0,0,5,0,5,1.2083333333333333
自激霍克过程,0,0,0,0,0,2,0,2,0.48333333333333334
感染能力,0,0,0,0,0,2,0,2,0.48333333333333334
感染状态,0,0,0,0,0,2,0,2,0.48333333333333334
si模型,0,0,0,0,0,2,0,2,0.48333333333333334
susceptible,0,0,0,0,0,2,0,2,0.48333333333333334
rmse,0,0,0,0,0,1,0,1,0.24166666666666667
均方误差,0,0,0,0,0,1,0,1,0.24166666666666667
反应时间,0,0,0,0,0,1,0,1,0.24166666666666667
幕律卜降阶段,0,0,0,0,0,1,0,1,0.24166666666666667
指数上升阶段,0,0,0,0,0,1,0,1,0.24166666666666667
消息源节点,0,0,0,0,0,1,0,1,0.24166666666666667
总节点,0,0,0,0,0,1,0,1,0.24166666666666667
统计分析过程,0,0,0,0,0,1,0,1,0.24166666666666667
传播概率,0,0,0,0,0,1,0,1,0.24166666666666667
激发状态,0,0,0,0,0,1,0,1,0.24166666666666667
正面浏览量,0,0,0,0,0,1,0,1,0.24166666666666667
每日浏览量,0,0,0,0,0,1,0,1,0.24166666666666667
微分,0,0,0,0,0,1,0,1,0.24166666666666667
sigmod函数,0,0,0,0,0,1,0,1,0.24166666666666667
初始条件,0,0,0,0,0,1,0,1,0.24166666666666667
ct,0,0,0,0,0,1,0,1,0.24166666666666667
in,0,0,0,0,0,1,0,1,0.24166666666666667
易感染状态,0,0,0,0,0,1,0,1,0.24166666666666667
infected,0,0,0,0,0,1,0,1,0.24166666666666667
sp,0,0,0,0,0,1,0,1,0.24166666666666667
时间序列算法,0,0,0,1,0,0,0,1,0.125
弱相关特性,0,0,0,1,0,0,0,1,0.125
相关距离,0,0,0,1,0,0,0,1,0.125
热点事件传播规律,0,0,0,1,0,0,0,1,0.125
噪声,0,0,0,1,0,0,0,1,0.125
pc社交,0,0,1,0,0,0,0,1,0.125
移动社交网络,0,0,1,0,0,0,0,1,0.125
智能终端,0,0,1,0,0,0,0,1,0.125
无线网络技术,0,0,1,0,0,0,0,1,0.125
用户行为数据,0,0,1,0,0,0,0,1,0.125
大数据时代,0,0,1,0,0,0,0,1,0.125
热点事件传播模型,1,0,0,0,0,0,0,1,1.0
代表意见领袖,1,0,0,0,0,0,0,1,1.0
普通受众传播,1,0,0,0,0,0,0,1,1.0
数学特性,1,0,0,0,0,0,0,1,1.0
传播规,1,0,0,0,0,0,0,1,1.0
k-sc,1,0,0,0,0,0,0,1,1.0
k-spectralcentroid,1,0,0,0,0,0,0,1,1.0
事件序列,1,0,0,0,0,0,0,1,1.0
报纸,1,0,0,0,0,0,0,1,1.0
广播,1,0,0,0,0,0,0,1,1.0
电视,1,0,0,0,0,0,0,1,1.0
传统媒体,1,0,0,0,0,0,0,1,1.0
新媒体,1,0,0,0,0,0,0,1,1.0
信息爆炸时代,1,0,0,0,0,0,0,1,1.0
网络信息,1,0,0,0,0,0,0,1,1.0
正能量热点事件,1,0,0,0,0,0,0,1,1.0
