,摘要,关键词,第一章,第二章,第三章,第四章,第五章,总词频,加权得分
缺失值,3,0,77,2,49,25,4,160,31.725
数据,1,0,33,10,9,4,5,62,10.725
信息,1,0,27,1,8,1,3,41,7.4
数据集,0,0,29,14,34,23,7,107,20.84166666666667
缺失值插补,2,1,22,3,9,6,1,44,10.991666666666667
源数据集,0,0,3,3,7,2,0,15,2.925
缺失信息,0,0,3,0,0,0,0,3,0.375
性能,3,0,9,2,7,9,1,31,8.483333333333334
数据分析,2,0,4,0,0,0,0,6,2.5
数据挖掘,0,0,5,0,0,0,0,5,0.625
互联网,0,0,3,0,0,0,2,5,0.8583333333333334
噪声影响,0,0,2,0,0,0,0,2,0.25
算法,1,0,4,2,1,5,1,14,3.4416666666666664
数据预处理,0,0,2,0,1,0,0,3,0.4916666666666667
医疗数据,0,0,2,0,0,0,1,3,0.4916666666666667
信息量,0,0,1,0,0,0,0,1,0.125
缺失值插补模型,0,0,4,0,2,2,0,8,1.4666666666666668
目标数据集,0,0,1,5,5,2,1,14,2.6833333333333336
迁移学习,0,1,14,47,29,15,1,107,20.5
数据分析模型,0,0,1,0,0,0,0,1,0.125
插补缺失值,0,0,2,0,2,0,0,4,0.7333333333333334
香农,0,0,1,0,0,0,0,1,0.125
插补,0,0,11,2,9,11,1,34,6.7
不插补,0,0,1,0,0,0,0,1,0.125
数学矩阵,0,0,1,0,0,0,0,1,0.125
参数,0,0,9,4,0,0,0,13,1.625
数据缺失问题,0,0,1,0,0,0,0,1,0.125
数据科学,0,0,1,0,0,0,0,1,0.125
关联规则,0,0,1,0,0,0,0,1,0.125
置信度,0,0,1,0,0,0,0,1,0.125
关联规则算法,0,0,1,0,0,0,0,1,0.125
叶子结点,0,0,1,0,0,0,0,1,0.125
决策树分类算法,0,0,1,0,0,0,0,1,0.125
聚类结,0,0,1,0,0,0,0,1,0.125
度量,0,0,1,0,0,0,0,1,0.125
距离函数,0,0,1,0,0,0,0,1,0.125
聚类算法,0,0,2,0,0,0,0,2,0.25
信息学,0,0,1,0,0,0,0,1,0.125
统计学,0,0,1,0,0,0,0,1,0.125
统计特征丢失,0,0,1,0,0,0,0,1,0.125
信息缺失,0,0,1,0,0,0,0,1,0.125
数据缺失,0,0,12,0,0,0,0,12,1.5
数据丢失率,0,0,1,0,0,0,0,1,0.125
医疗,0,0,1,0,0,0,0,1,0.125
缺失,0,0,5,0,2,1,0,8,1.35
数据库,0,0,4,0,0,0,0,4,0.5
设备,0,0,1,0,0,0,0,1,0.125
honeywell,0,0,1,0,0,0,0,1,0.125
有缺失,0,0,1,0,0,0,0,1,0.125
预处理,0,0,1,0,0,0,1,2,0.3666666666666667
大数据挖掘,0,0,1,0,0,0,0,1,0.125
生产,0,0,1,0,0,0,0,1,0.125
客户数据,0,0,1,0,0,0,0,1,0.125
商铺,0,0,1,0,0,0,0,1,0.125
消费信息,0,0,1,0,0,0,0,1,0.125
违法记录,0,0,1,0,0,0,0,1,0.125
多源数据融合,0,0,1,0,0,0,0,1,0.125
信息交流,0,0,1,0,0,0,0,1,0.125
数据管理,0,0,1,0,0,0,1,2,0.3666666666666667
指数,0,0,1,0,0,0,1,2,0.3666666666666667
数据量,0,0,5,0,0,0,2,7,1.1083333333333334
血液,0,0,1,0,0,0,0,1,0.125
信息时代,0,0,1,0,0,0,0,1,0.125
新技术,0,0,1,0,0,0,0,1,0.125
大数据,0,0,2,0,0,0,0,2,0.25
属性,0,0,6,0,1,0,0,7,0.9916666666666667
深海,0,0,1,0,0,0,0,1,0.125
特征信息,0,0,1,0,0,0,0,1,0.125
电商,0,0,1,0,0,0,0,1,0.125
硬盘磁头损坏,0,0,1,0,0,0,0,1,0.125
机器,0,0,2,1,0,0,0,3,0.375
云平台,0,0,1,0,0,0,0,1,0.125
电商公司,0,0,1,0,0,0,0,1,0.125
机器故障,0,0,1,0,0,0,0,1,0.125
计算机,0,0,1,0,0,0,0,1,0.125
硬盘,0,0,1,0,0,0,0,1,0.125
为因素,0,0,1,0,0,0,0,1,0.125
普通数据,0,0,1,0,0,0,0,1,0.125
电脑磁盘,0,0,1,0,0,0,0,1,0.125
数据挖掘算法,0,0,1,0,0,0,0,1,0.125
模型,0,0,6,4,0,0,0,10,1.25
数据分析算法,0,0,2,0,0,0,0,2,0.25
无可信度,0,0,1,0,0,0,0,1,0.125
挖掘,0,0,1,0,0,0,0,1,0.125
不确定因素,0,0,1,0,0,0,0,1,0.125
粗糙数据集,0,0,1,0,0,0,0,1,0.125
随机缺失,0,0,9,0,0,0,0,9,1.125
随机性,0,0,2,0,0,2,0,4,0.7333333333333334
完全非随机缺失,0,0,2,0,0,0,0,2,0.25
完全随机缺失,0,0,2,0,0,0,0,2,0.25
缺失机制,0,0,4,0,0,0,0,4,0.5
收入信息,0,0,1,0,0,0,0,1,0.125
nmar,0,0,1,0,0,0,0,1,0.125
身体特征,0,0,1,0,0,0,0,1,0.125
观测数据,0,0,2,0,0,0,0,2,0.25
mcar,0,0,1,0,0,0,0,1,0.125
notmissingatrandom,0,0,1,0,0,0,0,1,0.125
missingatrandom,0,0,1,0,0,0,0,1,0.125
missingcompletelyatrandom,0,0,1,0,0,0,0,1,0.125
属性变量,0,0,1,0,0,0,0,1,0.125
缺失数据,0,0,4,0,1,0,0,5,0.7416666666666667
缺失值插补算法,6,0,14,0,13,16,4,53,15.725
算法模型,0,0,1,0,0,0,0,1,0.125
分布,0,0,3,5,0,4,0,12,1.9666666666666668
内容,0,0,1,0,0,0,0,1,0.125
机器学习模型,0,0,3,1,0,0,0,4,0.5
节点,0,0,1,4,0,0,0,5,0.625
决策树,0,0,1,8,1,0,0,10,1.3666666666666667
随机森林,0,0,1,0,1,0,0,2,0.3666666666666667
gbdt,0,0,1,0,2,0,0,3,0.6083333333333334
树模型,0,0,1,5,2,0,0,8,1.2333333333333334
参数迭代,0,0,1,0,0,0,0,1,0.125
深度学习模型,0,0,1,0,0,0,0,1,0.125
神经网络,0,0,1,0,0,0,0,1,0.125
数据线性,0,0,1,0,0,0,0,1,0.125
噪声,0,0,3,0,0,1,0,4,0.6166666666666667
数据缺失值,0,0,2,0,0,0,0,2,0.25
线性模型,0,0,1,0,0,0,0,1,0.125
向量机,0,0,1,0,0,0,0,1,0.125
逻辑回归,0,0,1,0,0,0,0,1,0.125
数据挖掘模型,0,0,1,0,0,0,0,1,0.125
数据挖掘过程,0,0,1,0,0,0,0,1,0.125
em算法,0,0,6,0,0,0,0,6,0.75
权重,0,0,7,2,3,6,0,18,3.3
均值插补,0,0,7,0,1,0,0,8,1.1166666666666667
权重法,0,0,5,0,0,0,0,5,0.625
核函数,0,0,4,0,0,0,0,4,0.5
knn算法,0,0,3,0,0,0,0,3,0.375
m步,0,0,3,0,0,0,0,3,0.375
随机效应模型,0,0,2,0,0,0,0,2,0.25
似然函数,0,0,3,0,0,0,0,3,0.375
e步,0,0,2,0,0,0,0,2,0.25
收敛速度,0,0,2,0,0,0,0,2,0.25
似然估计,0,0,2,0,0,0,0,2,0.25
均值,0,0,2,3,1,2,0,8,1.35
缺失值信息,0,0,2,0,0,0,0,2,0.25
单一插补法,0,0,3,0,0,0,0,3,0.375
随机效应插补模型,0,0,1,0,0,0,0,1,0.125
部相关,0,0,1,0,0,0,0,1,0.125
缺失比,0,0,1,0,2,2,0,5,1.0916666666666668
固定效应模型,0,0,1,0,0,0,0,1,0.125
插补缺失值模型,0,0,1,0,0,0,0,1,0.125
效应模型,0,0,1,0,0,0,0,1,0.125
插补模型,0,0,4,0,5,0,0,9,1.7083333333333333
进口刃,0,0,1,0,0,0,0,1,0.125
效率,0,0,1,0,0,0,0,1,0.125
填充,0,0,1,0,0,0,0,1,0.125
特性,0,0,1,0,0,0,0,1,0.125
初始参数,0,0,1,0,0,0,0,1,0.125
初始值,0,0,1,0,0,0,0,1,0.125
阈值,0,0,2,2,0,0,0,4,0.5
迭代循环,0,0,1,0,0,0,0,1,0.125
迭代算法,0,0,1,0,0,0,0,1,0.125
后验分布,0,0,1,0,0,0,0,1,0.125
无偏估计,0,0,1,0,0,0,0,1,0.125
边际分布,0,0,1,0,0,0,0,1,0.125
缺失值插补场,0,0,1,0,0,0,0,1,0.125
多重缺失值插补,0,0,1,0,0,0,0,1,0.125
连续性数据,0,0,1,0,0,0,0,1,0.125
离散数据,0,0,1,0,0,0,0,1,0.125
混合核函数,0,0,1,0,0,0,0,1,0.125
二乘法插补,0,0,1,0,0,0,0,1,0.125
knn,0,0,2,0,0,0,0,2,0.25
sigmoid核函数,0,0,1,0,0,0,0,1,0.125
数学,0,0,2,1,0,2,0,5,0.8583333333333334
数学方法,0,0,1,0,0,0,0,1,0.125
均值插补算法,0,0,1,0,0,0,0,1,0.125
场景数据分布,0,0,1,0,0,0,0,1,0.125
偏差,0,0,1,1,0,0,0,2,0.25
低权重,0,0,1,0,0,0,0,1,0.125
机器学习算法,0,0,3,2,2,2,0,9,1.5916666666666668
logistic回归,0,0,1,0,0,0,0,1,0.125
学习效率,0,0,1,0,0,0,0,1,0.125
数据样本,0,0,2,1,0,0,0,3,0.375
众数,0,0,1,0,0,0,0,1,0.125
平均值,0,0,1,0,0,0,0,1,0.125
特征,1,0,1,5,2,0,0,9,2.2333333333333334
插补法,0,0,1,0,0,0,0,1,0.125
插补算法,0,0,7,0,9,4,0,20,4.016666666666667
多重插补法,0,0,6,0,0,0,0,6,0.75
插补值,0,0,5,0,0,0,0,5,0.625
回归模型,0,0,4,0,0,5,0,9,1.7083333333333333
随机填补法,0,0,4,0,0,0,0,4,0.5
多重插补算法,0,0,5,0,0,0,0,5,0.625
多重插补,0,0,6,0,1,0,0,7,0.9916666666666667
正态分布,0,0,2,0,0,3,0,5,0.975
协方差矩阵,0,0,2,0,0,0,0,2,0.25
变量,0,0,8,2,1,3,0,14,2.216666666666667
回归方程,0,0,2,0,0,0,0,2,0.25
缺失变量,0,0,2,0,0,0,0,2,0.25
先验概率,0,0,1,0,0,0,0,1,0.125
插补数据,0,0,2,0,0,0,0,2,0.25
分析模型,0,0,1,0,0,0,0,1,0.125
观察值,0,0,1,0,0,0,0,1,0.125
测值,0,0,1,0,0,0,0,1,0.125
回归系数,0,0,1,0,0,0,0,1,0.125
元素向量,0,0,1,0,0,0,0,1,0.125
个体数,0,0,1,0,0,0,0,1,0.125
随机变量,0,0,1,0,0,0,0,1,0.125
tt分布,0,0,1,0,0,0,0,1,0.125
系数,0,0,1,0,0,0,0,1,0.125
自变量,0,0,1,0,0,0,0,1,0.125
lis,0,0,1,0,0,0,0,1,0.125
回归,2,1,1,0,0,4,2,10,5.575
观测变量,0,0,1,0,0,0,0,1,0.125
卡洛,0,0,1,0,0,0,0,1,0.125
马尔可夫,0,0,1,0,0,0,0,1,0.125
趋势得分法,0,0,1,0,0,0,0,1,0.125
插补结,0,0,1,0,0,0,0,1,0.125
自助线性回归,0,0,1,0,0,0,0,1,0.125
贝叶斯,0,0,1,0,0,0,0,1,0.125
贝叶斯多重回归,0,0,1,0,0,0,0,1,0.125
线性回归,0,0,1,0,0,0,0,1,0.125
待插补,0,0,1,0,0,0,0,1,0.125
多值插补,0,0,1,0,0,0,0,1,0.125
真实数,0,0,1,0,0,0,0,1,0.125
机器学习,0,0,11,8,5,2,0,26,4.066666666666666
强化学习,0,0,2,0,0,0,0,2,0.25
无监督学习,0,0,2,0,0,0,0,2,0.25
k-means,0,0,2,0,0,0,0,2,0.25
监督学习,0,0,1,0,0,0,0,1,0.125
em缺失值插补算法,0,0,1,0,0,0,0,1,0.125
缺失值处理,0,0,1,0,0,0,0,1,0.125
学习器,0,0,1,3,0,0,0,4,0.5
分类器,0,0,1,6,0,1,0,8,1.1166666666666667
缺失值填充,0,0,3,0,0,1,0,4,0.6166666666666667
深度学习,0,0,1,0,0,0,0,1,0.125
填补算法,0,0,1,0,0,0,0,1,0.125
ar-ann,0,0,1,0,0,0,0,1,0.125
k-nn缺失值插补算法,0,0,1,0,1,0,0,2,0.3666666666666667
knn插补算法,0,0,1,0,0,0,0,1,0.125
预聚类,0,0,1,0,0,0,0,1,0.125
k-nn填充算法,0,0,1,0,0,0,0,1,0.125
缺失值填补算法,0,0,2,0,0,0,0,2,0.25
数值,0,0,1,0,1,4,0,6,1.3333333333333333
训练数据集,0,0,1,2,0,0,0,3,0.375
监督学习缺失值,0,0,1,0,0,0,0,1,0.125
泛化性能,0,0,1,1,1,0,0,3,0.4916666666666667
机器学习方法,0,0,1,0,0,0,0,1,0.125
补缺失值,0,0,1,0,0,0,0,1,0.125
预测缺失值,0,0,1,0,0,0,0,1,0.125
训练集,0,0,1,3,1,0,0,5,0.7416666666666667
el,0,0,1,0,0,0,0,1,0.125
训练模型,0,0,1,0,2,1,0,4,0.85
未缺失值,0,0,1,0,0,0,0,1,0.125
机器学习缺失值,0,0,1,0,1,0,0,2,0.3666666666666667
删除法,0,0,5,0,0,0,0,5,0.625
非参数缺失值插补,0,0,4,0,0,0,0,4,0.5
机器学习缺失值插补算法,0,0,2,0,0,0,0,2,0.25
高斯分布,0,0,2,0,0,0,0,2,0.25
迁移学习缺失值插补算法,0,0,1,0,1,0,0,2,0.3666666666666667
单一插补算法,0,0,1,0,0,0,0,1,0.125
非参数,0,0,1,0,0,0,0,1,0.125
非参数填充,0,0,1,0,0,0,0,1,0.125
分布函数,0,0,1,0,0,0,0,1,0.125
数据集分布,0,0,1,0,0,0,0,1,0.125
缺失值填充算法,0,0,3,0,1,2,0,6,1.1
多重插补方,0,0,1,0,0,0,0,1,0.125
非参数插补,0,0,2,0,0,0,0,2,0.25
参数模型,0,0,1,0,0,0,0,1,0.125
非随机缺失,0,0,1,0,0,0,0,1,0.125
随机缺失数据集,0,0,1,0,0,0,0,1,0.125
随机缺失数据,0,0,1,0,0,0,0,1,0.125
先验知识,0,0,1,0,0,0,0,1,0.125
主观因素,0,0,1,0,0,0,0,1,0.125
迁移学习算法,1,0,8,3,4,3,4,23,5.033333333333333
目标数据,0,0,2,1,8,1,1,13,2.7916666666666665
连续值,1,0,1,0,0,2,0,4,1.6083333333333334
误差,0,0,4,0,1,20,0,25,5.575
连续值标签,0,0,1,0,0,0,0,1,0.125
daboost,0,0,1,0,0,0,0,1,0.125
dabo,0,0,1,0,0,0,0,1,0.125
二分类变量,0,0,1,0,0,0,0,1,0.125
二分类,0,0,1,0,0,0,0,1,0.125
分类算法,0,0,1,1,1,0,0,3,0.4916666666666667
迁移,0,0,1,6,2,2,2,13,2.325
回归场景,0,0,1,0,0,0,0,1,0.125
鲁棒性,0,0,1,0,0,0,0,1,0.125
加权,0,0,1,0,0,0,0,1,0.125
多数投票制,0,0,1,0,0,0,0,1,0.125
集成学习,0,0,1,0,2,0,0,3,0.6083333333333334
源数据,0,0,1,2,6,2,2,13,2.7916666666666665
低秩矩阵插补算法,0,0,1,0,1,0,0,2,0.3666666666666667
压缩感知,0,0,1,0,1,0,0,2,0.3666666666666667
插补方法,0,0,1,0,1,0,0,2,0.3666666666666667
主成分,0,0,1,0,1,0,0,2,0.3666666666666667
贝叶斯插补,0,0,1,0,1,0,0,2,0.3666666666666667
本地信息,0,0,1,0,1,0,0,2,0.3666666666666667
外来信息,0,0,1,0,1,0,0,2,0.3666666666666667
训练缺失值,0,0,1,0,0,0,0,1,0.125
统计,0,0,1,0,1,0,0,2,0.3666666666666667
数量,0,0,1,1,1,0,0,3,0.4916666666666667
单一插补,0,0,1,0,0,0,0,1,0.125
参数插补,0,0,1,0,0,0,0,1,0.125
tradaboostreg算法,3,0,3,0,0,12,6,24,7.725
决策树算法,0,0,2,2,1,0,0,5,0.7416666666666667
低秩矩阵,0,0,2,0,1,0,0,3,0.4916666666666667
区间,0,0,1,0,0,4,0,5,1.0916666666666668
误差因子约束,0,0,1,0,0,0,0,1,0.125
误差损失函数,0,0,1,0,0,1,0,2,0.3666666666666667
迭代次数,0,0,1,0,0,6,1,8,1.8166666666666667
boost,0,0,1,0,0,1,0,2,0.3666666666666667
回归任务,0,0,1,0,0,1,0,2,0.3666666666666667
插补缺失值算法,0,0,1,0,5,0,0,6,1.3333333333333333
评估迁移,0,0,1,0,1,0,0,2,0.3666666666666667
低秩插补算法,0,0,1,0,1,0,0,2,0.3666666666666667
机器学习插补算法,0,0,1,0,2,1,0,4,0.85
tradaboost,4,0,1,1,8,6,1,21,7.875
评价,0,0,1,0,0,0,0,1,0.125
迁移学习缺失值插补模型,0,0,1,0,0,0,0,1,0.125
填充模型,0,0,1,0,0,0,0,1,0.125
填充策略,0,0,1,0,0,0,0,1,0.125
目标域,0,0,0,14,0,0,0,14,1.75
源域,0,0,0,13,0,0,0,13,1.625
源任务,0,0,0,5,0,0,0,5,0.625
源领域,0,0,0,5,1,0,0,6,0.8666666666666667
目标任务,0,0,0,3,0,0,0,3,0.375
边缘概率分布,0,0,0,3,0,0,0,3,0.375
特征空间,0,0,0,4,0,0,0,4,0.5
归纳式迁移,0,0,0,2,0,0,0,2,0.25
直推式迁移学习,0,0,0,2,0,0,0,2,0.25
无监督迁移学习,0,0,0,2,0,0,0,2,0.25
目标,0,0,0,3,0,0,0,3,0.375
转导迁移学习,0,0,0,1,0,0,0,1,0.125
转导式迁移学习,0,0,0,1,0,0,0,1,0.125
transductivetransferlearning,0,0,0,1,0,0,0,1,0.125
无监督迁移学,0,0,0,1,0,0,0,1,0.125
unsupervisedtransferlearning,0,0,0,1,0,0,0,1,0.125
样本,0,0,0,16,6,0,0,22,3.45
知识,0,0,0,1,0,0,0,1,0.125
标记样本,0,0,0,1,0,0,0,1,0.125
无标签,0,0,0,1,0,0,0,1,0.125
目标领域,0,0,0,4,0,0,0,4,0.5
inductivetransferlearning,0,0,0,1,0,0,0,1,0.125
归纳式迁移学习,0,0,0,1,0,0,0,1,0.125
归纳式,0,0,0,1,0,0,0,1,0.125
和目标任,0,0,0,1,0,0,0,1,0.125
目标预测函数,0,0,0,1,0,0,0,1,0.125
标签空间,0,0,0,1,0,0,0,1,0.125
task,0,0,0,2,0,0,0,2,0.25
任务,0,0,0,2,0,0,0,2,0.25
空间,0,0,0,2,1,0,0,3,0.4916666666666667
domain,0,0,0,2,0,0,0,2,0.25
辅助,0,0,0,1,0,0,0,1,0.125
source,0,0,0,1,0,0,0,1,0.125
label,0,0,0,2,0,0,0,2,0.25
标签,0,0,0,5,0,2,0,7,1.1083333333333334
分类器训练,0,0,0,1,0,0,0,1,0.125
符号,0,0,0,1,0,0,0,1,0.125
关系,0,0,0,4,1,0,0,5,0.7416666666666667
学习模型,0,0,0,4,0,0,0,4,0.5
领域,0,0,0,4,0,0,0,4,0.5
图片,0,0,0,3,0,0,0,3,0.375
航空技能,0,0,0,2,0,0,0,2,0.25
赛车技能,0,0,0,2,0,0,0,2,0.25
飞行员,0,0,0,2,0,0,0,2,0.25
赛车手,0,0,0,2,0,0,0,2,0.25
先验参数信息,0,0,0,2,0,0,0,2,0.25
特征迁移学习,0,0,0,2,0,0,0,2,0.25
文本,0,0,0,2,0,0,0,2,0.25
迁移效率,0,0,0,1,0,0,0,1,0.125
提取特征,0,0,0,1,0,0,0,1,0.125
图像数据,0,0,0,1,0,0,0,1,0.125
提取,0,0,0,1,0,0,0,1,0.125
图像,0,0,0,1,0,1,0,2,0.3666666666666667
自然语言处理,0,0,0,1,1,0,0,2,0.3666666666666667
迁移效,0,0,0,1,0,0,0,1,0.125
辅助训练,0,0,0,1,0,0,0,1,0.125
知识迁移,0,0,0,1,0,0,0,1,0.125
操控,0,0,0,1,0,0,0,1,0.125
反应力,0,0,0,1,0,0,0,1,0.125
速度,0,0,0,1,0,0,0,1,0.125
关系知识,0,0,0,1,0,0,0,1,0.125
迁移学,0,0,0,2,0,0,0,2,0.25
分布模型学习,0,0,0,1,0,0,0,1,0.125
领域数据,0,0,0,1,0,0,0,1,0.125
先验分布,0,0,0,1,0,0,0,1,0.125
参数迁移,0,0,0,1,0,0,0,1,0.125
迁移学习技术,0,0,0,1,0,0,0,1,0.125
实例迁移学习,0,0,0,1,1,0,0,2,0.3666666666666667
数据分布,0,0,0,1,1,0,0,2,0.3666666666666667
函数,0,0,0,1,0,8,0,9,2.0583333333333336
特征变换,0,0,0,1,0,0,0,1,0.125
机器翻译,0,0,0,1,0,0,0,1,0.125
argminjq,0,0,0,1,0,0,0,1,0.125
源域数据分布,0,0,0,1,0,0,0,1,0.125
文本形,0,0,0,1,0,0,0,1,0.125
负迁移现象,0,0,0,1,0,0,0,1,0.125
加权赋值,0,0,0,1,0,0,0,1,0.125
源领域数据,0,0,0,1,0,0,0,1,0.125
基本维度域,0,0,0,1,0,0,0,1,0.125
tradaboost算法,0,0,0,6,7,5,0,18,3.65
源训练数据集,0,0,0,3,0,0,0,3,0.375
错误率,0,0,0,2,0,1,0,3,0.4916666666666667
目标训练数据集,0,0,0,2,0,0,0,2,0.25
特征向量,0,0,0,3,0,0,0,3,0.375
输出模型,0,0,0,1,0,0,0,1,0.125
权重向量,0,0,0,1,0,1,0,2,0.3666666666666667
权重分布,0,0,0,1,0,1,0,2,0.3666666666666667
learner,0,0,0,1,0,1,0,2,0.3666666666666667
初始向量权重,0,0,0,1,0,1,0,2,0.3666666666666667
初始化,0,0,0,3,0,0,0,3,0.375
弱学习器,0,0,0,4,17,2,0,23,5.091666666666667
测试集,0,0,0,1,0,1,0,2,0.3666666666666667
分类误差,0,0,0,1,0,1,0,2,0.3666666666666667
测试数据集,0,0,0,1,0,0,0,1,0.125
辅助训练数据,0,0,0,1,0,0,0,1,0.125
测试数据,0,0,0,1,0,0,0,1,0.125
元素,0,0,0,2,1,0,0,3,0.4916666666666667
分类模型,0,0,0,3,0,6,0,9,1.825
样本权重,0,0,0,1,0,2,0,3,0.6083333333333334
标数据集,0,0,0,1,0,0,0,1,0.125
权重迭代机制,0,0,0,1,0,0,0,1,0.125
adaboost,0,0,0,1,3,0,0,4,0.85
adaboost算法,0,0,0,1,0,0,0,1,0.125
网格类数据,1,0,0,1,0,0,0,2,1.125
加菲猫,0,0,0,4,0,0,0,4,0.5
识别器,0,0,0,2,0,0,0,2,0.25
普通猫,0,0,0,2,0,0,0,2,0.25
标注数据,0,0,0,2,0,0,0,2,0.25
加菲猫图片,0,0,0,1,0,0,0,1,0.125
加菲猫识别器,0,0,0,1,0,0,0,1,0.125
无监督学习性能,0,0,0,1,0,0,0,1,0.125
标注数据集,0,0,0,1,0,0,0,1,0.125
分类树,0,0,0,6,1,0,0,7,0.9916666666666667
回归树,0,0,0,10,1,1,0,12,1.7333333333333334
损失函数,1,0,0,8,1,3,1,14,3.208333333333333
信息增益,0,0,0,2,0,0,0,2,0.25
测试样本,0,0,0,2,0,0,0,2,0.25
均方误差,0,0,0,2,0,0,0,2,0.25
叶节点,0,0,0,2,0,0,0,2,0.25
cart,0,0,0,2,2,0,0,4,0.7333333333333334
cart算法,0,0,0,1,0,0,0,1,0.125
连续变量,1,0,0,1,0,0,0,2,1.125
信息增益比,0,0,0,1,0,0,0,1,0.125
回归预测值,0,0,0,1,0,0,0,1,0.125
节点样本,0,0,0,1,0,0,0,1,0.125
输入空间,0,0,0,1,0,0,0,1,0.125
停止条件,0,0,0,1,0,0,0,1,0.125
awfjxerm,0,0,0,1,0,0,0,1,0.125
输出,0,0,0,1,0,0,0,1,0.125
扫描,0,0,0,1,0,0,0,1,0.125
切分点,0,0,0,1,0,0,0,1,0.125
最优切分变量,0,0,0,1,0,0,0,1,0.125
二叉树,0,0,0,1,0,0,0,1,0.125
子区域,0,0,0,1,0,0,0,1,0.125
树形,0,0,0,1,0,0,0,1,0.125
数据流,0,0,0,1,0,0,0,1,0.125
非参数算法,0,0,0,1,0,0,0,1,0.125
决策树模型,0,0,0,7,4,0,0,11,1.8416666666666668
残差,0,0,0,7,1,0,0,8,1.1166666666666667
xgboost,0,0,0,6,1,0,0,7,0.9916666666666667
梯度,0,0,0,2,1,3,0,6,1.2166666666666668
结点,0,0,0,2,0,0,0,2,0.25
梯度提升算法,0,0,0,2,0,0,0,2,0.25
gradient,0,0,0,2,0,0,0,2,0.25
boosting,0,0,0,2,0,0,0,2,0.25
boosting算法,0,0,0,2,0,0,0,2,0.25
步更新回归树,0,0,0,1,0,0,0,1,0.125
优化算法,0,0,0,1,0,0,0,1,0.125
回归树叶结点区域,0,0,0,1,0,0,0,1,0.125
b步,0,0,0,1,0,0,0,1,0.125
模型残差,0,0,0,1,0,0,0,1,0.125
梯度负值,0,0,0,1,0,0,0,1,0.125
根节点,0,0,0,1,0,0,0,1,0.125
负梯度,0,0,0,1,0,0,0,1,0.125
boosting训练器,0,0,0,1,0,0,0,1,0.125
梯度下降,0,0,0,1,1,0,0,2,0.3666666666666667
标签值,0,0,0,1,1,0,0,2,0.3666666666666667
集成决策树模型,0,0,0,1,0,0,0,1,0.125
子结点,0,0,0,1,0,0,0,1,0.125
左结点,0,0,0,1,0,0,0,1,0.125
mj,0,0,0,1,0,0,0,1,0.125
上供工,0,0,0,1,0,0,0,1,0.125
argmm,0,0,0,1,0,0,0,1,0.125
cmj,0,0,0,1,0,0,0,1,0.125
叶结点,0,0,0,1,0,0,0,1,0.125
yi,0,0,0,1,0,0,0,1,0.125
数据标签,0,0,0,1,0,0,0,1,0.125
预测值,0,0,0,1,0,0,0,1,0.125
ing,0,0,0,1,0,0,0,1,0.125
xgboost算法,0,0,0,2,2,0,0,4,0.7333333333333334
残差拟合,0,0,0,1,0,0,0,1,0.125
dt,0,0,0,1,0,0,0,1,0.125
bias,0,0,0,1,0,0,0,1,0.125
强学习器,0,0,0,1,0,0,0,1,0.125
强分类器,0,0,0,1,0,0,0,1,0.125
弱分类器,0,0,0,1,0,0,0,1,0.125
extremegradientboosting,0,0,0,1,0,0,0,1,0.125
集成树模型,0,0,0,1,0,0,0,1,0.125
roc曲线,0,0,0,9,0,0,0,9,1.125
正样本,0,0,0,7,0,0,0,7,0.875
概率,0,0,0,5,0,1,0,6,0.8666666666666667
混淆矩阵,0,0,0,4,0,0,0,4,0.5
rank,0,0,0,3,0,0,0,3,0.375
score,0,0,0,3,0,0,0,3,0.375
负样本,0,0,0,4,0,0,0,4,0.5
ore,0,0,0,3,0,0,0,3,0.375
auc,0,0,0,3,0,5,1,9,1.825
pr,0,0,0,3,0,0,0,3,0.375
召回率,0,0,0,2,0,0,0,2,0.25
精确率,0,0,0,2,0,0,0,2,0.25
mxn,0,0,0,2,0,0,0,2,0.25
面积,0,0,0,2,0,0,0,2,0.25
真阳率,0,0,0,2,0,0,0,2,0.25
假阳率,0,0,0,2,0,0,0,2,0.25
不下雨,0,0,0,2,0,0,0,2,0.25
曲线,0,0,0,2,0,0,0,2,0.25
fpscore,0,0,0,1,0,0,0,1,0.125
片病,0,0,0,1,0,0,0,1,0.125
p-ecisi,0,0,0,1,0,0,0,1,0.125
调和平均数,0,0,0,1,0,0,0,1,0.125
recall,0,0,0,1,0,0,0,1,0.125
precision,0,0,0,1,0,0,0,1,0.125
re,0,0,0,2,1,1,0,4,0.7333333333333334
fx,0,0,0,1,0,0,0,1,0.125
mql,0,0,0,1,0,0,0,1,0.125
eispositiveclassrank,0,0,0,1,0,0,0,1,0.125
数学表达式,0,0,0,1,0,1,0,2,0.3666666666666667
负类样本,0,0,0,1,0,0,0,1,0.125
正类样本,0,0,0,1,0,0,0,1,0.125
m-1,0,0,0,1,0,0,0,1,0.125
rank值,0,0,0,1,0,0,0,1,0.125
概率值,0,0,0,1,0,0,0,1,0.125
频率,0,0,0,1,0,0,0,1,0.125
正负样本,0,0,0,2,0,0,0,2,0.25
纵坐标,0,0,0,1,0,0,0,1,0.125
横坐标,0,0,0,1,0,0,0,1,0.125
坐标系,0,0,0,1,0,0,0,1,0.125
类别标签,0,0,0,1,0,0,0,1,0.125
二分类模型,0,0,0,1,0,0,0,1,0.125
tpr,0,0,0,1,0,0,0,1,0.125
fpr,0,0,0,1,0,0,0,1,0.125
无雨,0,0,0,1,0,0,0,1,0.125
tptpr,0,0,0,1,0,0,0,1,0.125
反例,0,0,0,1,0,0,0,1,0.125
混淆矩阵表,0,0,0,1,0,0,0,1,0.125
ve,0,0,0,1,0,0,0,1,0.125
ic,0,0,0,1,0,0,0,1,0.125
character,0,0,0,1,0,0,0,1,0.125
receiveroperating,0,0,0,1,0,0,0,1,0.125
curves,0,0,0,1,0,0,0,1,0.125
曲线下面积,0,0,0,1,0,0,0,1,0.125
accuracy,0,0,0,2,0,0,0,2,0.25
f1,0,0,0,1,0,0,0,1,0.125
areaundercurves,0,0,0,1,0,0,0,1,0.125
分布比例,0,0,0,1,0,0,0,1,0.125
cy,0,0,0,1,0,0,0,1,0.125
性能度量,0,0,0,1,0,0,0,1,0.125
泛化能力,0,0,0,1,0,0,0,1,0.125
实验估计,0,0,0,1,0,0,0,1,0.125
评估,0,0,0,1,0,0,0,1,0.125
fiscore,0,0,0,1,0,0,0,1,0.125
评价指,0,0,0,1,0,0,0,1,0.125
cart模型,0,0,0,1,2,0,0,3,0.6083333333333334
迁移学习缺失值插补,0,0,0,1,0,0,0,1,0.125
feat,0,0,0,0,4,0,0,4,0.9666666666666667
离散化,0,0,0,0,3,1,0,4,0.9666666666666667
特征列,0,0,0,0,3,2,0,5,1.2083333333333333
相交数据,0,0,0,0,3,0,0,3,0.725
迁移学习模型,0,0,0,0,4,0,0,4,0.9666666666666667
相交数据集,0,0,0,0,2,1,0,3,0.725
feat列,0,0,0,0,2,0,0,2,0.48333333333333334
训练数据,0,0,0,0,3,0,0,3,0.725
恢复后数值,0,0,0,0,1,0,0,1,0.24166666666666667
血压,0,0,0,0,1,0,0,1,0.24166666666666667
离散数值,0,0,0,0,1,0,0,1,0.24166666666666667
离散值,1,0,0,0,1,1,0,3,1.4833333333333334
at,0,0,0,0,1,0,0,1,0.24166666666666667
输入源数据集,0,0,0,0,1,0,0,1,0.24166666666666667
插补流程,0,0,0,0,1,0,0,1,0.24166666666666667
胆固醇,0,0,0,0,1,0,0,1,0.24166666666666667
增强源数据,0,0,0,0,1,0,0,1,0.24166666666666667
本地数据分布,0,0,0,0,1,0,0,1,0.24166666666666667
加权策略,0,0,0,0,1,0,0,1,0.24166666666666667
外部源数据,0,0,0,0,1,0,0,1,0.24166666666666667
表格类型数据,0,0,0,0,1,0,0,1,0.24166666666666667
计算机视觉,0,0,0,0,1,0,0,1,0.24166666666666667
舒张压,0,0,0,0,4,0,0,4,0.9666666666666667
收缩压,0,0,0,0,5,1,0,6,1.45
体检,0,0,0,0,3,0,0,3,0.725
糖尿病,0,0,0,0,3,0,1,4,0.9666666666666667
高血脂,0,0,0,0,2,0,0,2,0.48333333333333334
高血压,0,0,0,0,2,0,0,2,0.48333333333333334
低密度脂蛋白胆固醇,0,0,0,0,3,0,0,3,0.725
ldl,0,0,0,0,3,0,0,3,0.725
高密度脂蛋白胆固醇,0,0,0,0,3,0,0,3,0.725
hdl,0,0,0,0,3,0,0,3,0.725
甘油三酯,0,0,0,0,3,0,0,3,0.725
t1,0,0,0,0,3,0,0,3,0.725
字段类型,0,0,0,0,3,0,0,3,0.725
数据字段,0,0,0,0,2,0,0,2,0.48333333333333334
snpdouble基因序列特征,0,0,0,0,1,0,0,1,0.24166666666666667
dpbigint,0,0,0,0,2,0,0,2,0.48333333333333334
bigint,0,0,0,0,2,0,0,2,0.48333333333333334
体检人,0,0,0,0,2,0,0,2,0.48333333333333334
双高疾病风险,0,0,0,0,1,0,0,1,0.24166666666666667
数据特征列,0,0,0,0,1,0,0,1,0.24166666666666667
双高疾病风险预测,0,0,0,0,1,0,0,1,0.24166666666666667
血蛋白浓度,0,0,0,0,1,0,0,1,0.24166666666666667
血蛋白,0,0,0,0,1,0,0,1,0.24166666666666667
白蛋白浓度,0,0,0,0,1,0,0,1,0.24166666666666667
白蛋白,0,0,0,0,1,0,0,1,0.24166666666666667
int,0,0,0,0,1,0,0,1,0.24166666666666667
dia,0,0,0,0,1,0,0,1,0.24166666666666667
sysbigint,0,0,0,0,1,0,0,1,0.24166666666666667
糖尿病遗传大赛,0,0,0,0,1,0,0,1,0.24166666666666667
糖尿病风险预测,0,0,0,0,1,0,0,1,0.24166666666666667
人工智能,0,0,0,0,1,0,0,1,0.24166666666666667
公开数据集,0,0,0,0,1,0,0,1,0.24166666666666667
算法大赛,0,0,0,0,1,0,0,1,0.24166666666666667
交集,0,0,0,0,2,0,0,2,0.48333333333333334
字段,0,0,0,0,1,0,0,1,0.24166666666666667
相交字段,0,0,0,0,1,0,0,1,0.24166666666666667
糖尿病数据集,0,0,0,0,1,0,0,1,0.24166666666666667
属性特征,0,0,0,0,1,0,0,1,0.24166666666666667
交集字段,0,0,0,0,1,0,0,1,0.24166666666666667
数据录入,0,0,0,0,1,0,0,1,0.24166666666666667
医疗场景,0,0,0,0,1,0,0,1,0.24166666666666667
randomforest,0,0,0,0,2,0,0,2,0.48333333333333334
糖尿病数据,0,0,0,0,1,0,0,1,0.24166666666666667
auc指标,0,0,0,0,2,0,0,2,0.48333333333333334
缺失值比,0,0,0,0,1,0,0,1,0.24166666666666667
短失百分比,0,0,0,0,1,0,0,1,0.24166666666666667
缺失值比例,0,0,0,0,1,0,0,1,0.24166666666666667
收缩压特征,0,0,0,0,1,0,0,1,0.24166666666666667
干扰,0,0,0,0,1,1,0,2,0.48333333333333334
权重迭代,0,0,0,0,1,2,0,3,0.725
adaboo,0,0,0,0,1,0,0,1,0.24166666666666667
xgboosto,0,0,0,0,1,0,0,1,0.24166666666666667
迭代结果,0,0,0,0,1,0,0,1,0.24166666666666667
decisiontree,0,0,0,0,1,0,0,1,0.24166666666666667
gradientboost,0,0,0,0,1,0,0,1,0.24166666666666667
随机森林模型,0,0,0,0,1,0,0,1,0.24166666666666667
基础决策树算法,0,0,0,0,1,0,0,1,0.24166666666666667
ressiontree,0,0,0,0,1,0,0,1,0.24166666666666667
ification,0,0,0,0,1,0,0,1,0.24166666666666667
gboosto,0,0,0,0,1,0,0,1,0.24166666666666667
插补效果,0,0,0,0,1,1,0,2,0.48333333333333334
低秩矩阵压缩感知缺失值插补算法,0,0,0,0,1,0,0,1,0.24166666666666667
0值插补,1,0,0,0,1,0,0,2,1.2416666666666667
缺失值算法,3,0,0,0,1,1,1,6,3.725
预实验,0,0,0,0,1,0,0,1,0.24166666666666667
cart树模型,0,0,0,0,1,0,0,1,0.24166666666666667
待分类样本,0,0,0,0,2,0,0,2,0.48333333333333334
待预测数据,0,0,0,0,2,0,0,2,0.48333333333333334
k-nn算法,0,0,0,0,3,0,0,3,0.725
复杂度,0,0,0,0,1,0,0,1,0.24166666666666667
训练集样本,0,0,0,0,1,0,0,1,0.24166666666666667
概率分布,0,0,0,0,1,0,0,1,0.24166666666666667
无参数模型,0,0,0,0,1,0,0,1,0.24166666666666667
距离度量指标,0,0,0,0,1,0,0,1,0.24166666666666667
表达,0,0,0,0,1,0,0,1,0.24166666666666667
欧式距离,0,0,0,0,1,0,0,1,0.24166666666666667
度量函数,0,0,0,0,1,0,0,1,0.24166666666666667
样本距离,0,0,0,0,1,0,0,1,0.24166666666666667
插补数据集,0,0,0,0,1,0,0,1,0.24166666666666667
曲声,0,0,0,0,1,0,0,1,0.24166666666666667
待插补数据集,0,0,0,0,1,0,0,1,0.24166666666666667
缺失值数据,0,0,0,0,1,0,0,1,0.24166666666666667
距离,0,0,0,0,1,0,0,1,0.24166666666666667
hart,0,0,0,0,1,0,0,1,0.24166666666666667
nn,0,0,0,0,1,0,0,1,0.24166666666666667
矩阵,0,0,0,0,12,0,0,12,2.9
表达式,0,0,0,0,2,0,0,2,0.48333333333333334
成分矩阵,0,0,0,0,2,0,0,2,0.48333333333333334
随机初始化矩阵,0,0,0,0,1,0,0,1,0.24166666666666667
hn,0,0,0,0,1,0,0,1,0.24166666666666667
优化数学表达式,0,0,0,0,1,0,0,1,0.24166666666666667
近似矩阵,0,0,0,0,1,0,0,1,0.24166666666666667
分解,0,0,0,0,1,0,0,1,0.24166666666666667
低秩矩阵分解,0,0,0,0,1,0,0,1,0.24166666666666667
矩阵分解,0,0,0,0,1,0,0,1,0.24166666666666667
uvr,0,0,0,0,1,0,0,1,0.24166666666666667
矩阵奇异值,0,0,0,0,1,0,0,1,0.24166666666666667
样本矩阵,0,0,0,0,1,0,0,1,0.24166666666666667
分解矩阵,0,0,0,0,1,0,0,1,0.24166666666666667
矩阵低秩填充,0,0,0,0,1,0,0,1,0.24166666666666667
二维矩阵,0,0,0,0,1,0,0,1,0.24166666666666667
卫星遥测数据,0,0,0,0,1,0,0,1,0.24166666666666667
数据集插补算法,0,0,0,0,1,0,0,1,0.24166666666666667
矩阵方法,0,0,0,0,1,0,0,1,0.24166666666666667
低秩矩阵算法,0,0,0,0,1,0,0,1,0.24166666666666667
低秩矩阵缺失值插补算法,0,0,0,0,1,0,0,1,0.24166666666666667
k-nn缺失值,0,0,0,0,1,0,0,1,0.24166666666666667
迁移学习缺失值,0,0,0,0,4,1,0,5,1.2083333333333333
缺失比例,0,0,0,0,3,4,0,7,1.6916666666666667
学习插补,0,0,0,0,2,0,0,2,0.48333333333333334
百分比,0,0,0,0,2,0,0,2,0.48333333333333334
低秩矩阵插补迁移,0,0,0,0,1,0,0,1,0.24166666666666667
k-nn,1,0,0,1,1,2,0,5,1.85
fi值,0,0,0,0,1,2,0,3,0.725
离散,0,0,0,0,1,0,0,1,0.24166666666666667
连续,0,0,0,0,1,0,0,1,0.24166666666666667
有源数据集,0,0,0,0,1,0,0,1,0.24166666666666667
缺失值插补效,0,0,0,0,1,0,0,1,0.24166666666666667
插补迁移,0,0,0,0,1,0,0,1,0.24166666666666667
k-nn插未卜低秩矩阵,0,0,0,0,1,0,0,1,0.24166666666666667
auc值,0,0,0,0,1,2,0,3,0.725
数据集信息,0,0,0,0,1,0,0,1,0.24166666666666667
低秩矩阵缺失值,0,0,0,0,1,0,0,1,0.24166666666666667
指标,0,0,0,0,1,2,0,3,0.725
ves,0,0,0,0,1,0,0,1,0.24166666666666667
er,0,0,0,0,1,0,0,1,0.24166666666666667
area,0,0,0,0,1,0,0,1,0.24166666666666667
sigmoid函数,0,0,0,0,0,19,0,19,4.591666666666667
sigmoid,0,0,0,0,0,7,0,7,1.6916666666666667
积分,0,0,0,0,0,2,0,2,0.48333333333333334
导数,0,0,0,0,0,2,0,2,0.48333333333333334
伯努利分布,0,0,0,0,0,1,0,1,0.24166666666666667
基本新数据,0,0,0,0,0,1,0,1,0.24166666666666667
均匀分布,0,0,0,0,0,1,0,1,0.24166666666666667
钟形,0,0,0,0,0,1,0,1,0.24166666666666667
微分,0,0,0,0,0,1,0,1,0.24166666666666667
平滑,0,0,0,0,0,1,0,1,0.24166666666666667
回归化,0,0,0,0,0,1,0,1,0.24166666666666667
分类函数,0,0,0,0,0,1,0,1,0.24166666666666667
激活函数,0,0,0,0,0,4,0,4,0.9666666666666667
值域,0,0,0,0,0,3,0,3,0.725
缺失值插补流程,0,0,0,0,0,1,0,1,0.24166666666666667
tradaboostreg数据集,0,0,0,0,0,1,0,1,0.24166666666666667
连续缺失值,0,0,0,0,0,1,0,1,0.24166666666666667
指数底数,0,0,0,0,0,1,0,1,0.24166666666666667
最终回归器,0,0,0,0,0,1,0,1,0.24166666666666667
酒肉,0,0,0,0,0,1,0,1,0.24166666666666667
moid,0,0,0,0,0,1,0,1,0.24166666666666667
js,0,0,0,0,0,1,0,1,0.24166666666666667
训练数,0,0,0,0,0,1,0,1,0.24166666666666667
tradaboost模型,0,0,0,0,0,6,0,6,1.45
误分类率,0,0,0,0,0,2,0,2,0.48333333333333334
tradaboostrego,0,0,0,0,0,2,0,2,0.48333333333333334
回归误差,0,0,0,0,0,1,0,1,0.24166666666666667
回归问题,0,0,0,0,0,2,0,2,0.48333333333333334
分类问题,0,0,0,0,0,1,0,1,0.24166666666666667
缺失值插补法,0,0,0,0,0,1,0,1,0.24166666666666667
缩感知缺失值插补算法,0,0,0,0,0,1,0,1,0.24166666666666667
低秩矩阵压,0,0,0,0,0,1,0,1,0.24166666666666667
0值,0,0,0,0,0,1,0,1,0.24166666666666667
迁移学习填充,0,0,0,0,0,4,0,4,0.9666666666666667
低秩矩阵填充,0,0,0,0,0,2,0,2,0.48333333333333334
缺失百分比,0,0,0,0,0,5,0,5,1.2083333333333333
信息损失,1,0,0,0,0,1,0,2,1.2416666666666667
低秩矩阵分解算法,0,0,0,0,0,1,0,1,0.24166666666666667
学习缺失值,0,0,0,0,0,1,0,1,0.24166666666666667
回归学习,0,0,0,0,0,1,0,1,0.24166666666666667
tradaboostreg,0,0,0,0,0,1,0,1,0.24166666666666667
tradaboost框架,0,0,0,0,0,1,0,1,0.24166666666666667
斜率,0,0,0,0,0,4,0,4,0.9666666666666667
误差标准化,0,1,0,0,0,19,0,20,6.591666666666667
线性缩放,0,0,0,0,0,2,0,2,0.48333333333333334
缩放关系,0,0,0,0,0,2,0,2,0.48333333333333334
jsigmoidfs,0,0,0,0,0,1,0,1,0.24166666666666667
误差计算函数,0,0,0,0,0,1,0,1,0.24166666666666667
最终误差,0,0,0,0,0,1,0,1,0.24166666666666667
误差均值,0,0,0,0,0,1,0,1,0.24166666666666667
常数,0,0,0,0,0,4,0,4,0.9666666666666667
误差计算,0,0,0,0,0,1,0,1,0.24166666666666667
绝对值,0,0,0,0,0,1,0,1,0.24166666666666667
误差因子,0,0,0,0,0,3,0,3,0.725
标准化,0,0,0,0,0,5,0,5,1.2083333333333333
低秩矩阵插补,1,0,0,0,0,2,0,3,1.4833333333333334
-nn,0,0,0,0,0,2,0,2,0.48333333333333334
迭代效率,1,0,0,0,0,1,0,2,1.2416666666666667
迭代权重,0,0,0,0,0,1,0,1,0.24166666666666667
迭代轮次,0,0,0,0,0,1,0,1,0.24166666666666667
迭代速率,0,0,0,0,0,1,0,1,0.24166666666666667
迭代速度,0,0,0,0,0,1,0,1,0.24166666666666667
误差信息,0,0,0,0,0,1,0,1,0.24166666666666667
标准,0,0,0,0,0,1,0,1,0.24166666666666667
误差损失,1,0,0,0,0,0,1,2,1.2416666666666667
类别型缺失值,0,0,0,0,0,0,1,1,0.24166666666666667
辅助模型,0,0,0,0,0,0,1,1,0.24166666666666667
数据缺失量,0,0,0,0,0,0,1,1,0.24166666666666667
实例数据,0,0,0,0,0,0,1,1,0.24166666666666667
复现经典算法,0,0,0,0,0,0,1,1,0.24166666666666667
数据切分,0,0,0,0,0,0,1,1,0.24166666666666667
数据清,0,0,0,0,0,0,1,1,0.24166666666666667
据库,0,0,0,0,0,0,1,1,0.24166666666666667
寻找数据集,0,0,0,0,0,0,1,1,0.24166666666666667
大数据分析,0,0,0,0,0,0,1,1,0.24166666666666667
信息流动,0,0,0,0,0,0,1,1,0.24166666666666667
信息论,0,0,0,0,1,0,0,1,0.24166666666666667
本地数据,0,0,0,0,1,0,0,1,0.24166666666666667
分类任务,0,0,0,1,0,0,0,1,0.125
填充算法,0,0,0,0,0,2,0,2,0.48333333333333334
转化,0,0,0,0,0,1,0,1,0.24166666666666667
糖尿病预测数据集,3,0,0,0,0,0,0,3,3.0
仿真,2,0,0,0,0,0,0,2,2.0
离散变量,2,0,0,0,0,0,0,2,2.0
迭代,1,0,0,0,0,0,0,1,1.0
大数据时代,1,0,0,0,0,0,0,1,1.0
缺失值插补技术,1,0,0,0,0,0,0,1,1.0
工业生产,1,0,0,0,0,0,0,1,1.0
缺失数量,1,0,0,0,0,0,0,1,1.0
