,摘要,关键词,第一章,第二章,第三章,第四章,第五章,总词频,加权得分
性能,1,0,2,0,18,4,0,25,6.566666666666666
频谱数据,2,0,14,0,20,11,0,47,11.241666666666667
特征加权,0,1,8,1,14,9,0,33,8.683333333333334
lssvm,1,0,7,10,7,1,0,26,5.058333333333334
预测性能,0,0,0,0,4,3,0,7,1.6916666666666667
时间,0,0,0,0,7,1,0,8,1.9333333333333333
频谱数据挖,0,0,0,0,1,0,0,1,0.24166666666666667
免疫算法,2,0,7,0,24,0,0,33,8.675
仿真值,0,0,0,0,1,0,0,1,0.24166666666666667
预测值,0,0,0,0,2,0,0,2,0.48333333333333334
mape指标,0,0,0,0,3,0,0,3,0.725
仿真,0,0,0,0,2,1,0,3,0.725
预测,0,0,1,1,3,1,0,6,1.2166666666666668
免疫fw-lssvm,0,0,0,0,2,0,0,2,0.48333333333333334
收敛,0,0,1,0,1,3,0,5,1.0916666666666668
fw-lssvm算法,0,0,3,0,9,6,0,18,4.0
适应性,0,0,0,0,1,0,0,1,0.24166666666666667
设备,0,0,0,0,1,0,0,1,0.24166666666666667
无特征加权算法,0,0,0,0,1,0,0,1,0.24166666666666667
在线预测,0,0,0,0,1,7,0,8,1.9333333333333333
提前步数,0,0,0,0,1,0,0,1,0.24166666666666667
时间序列数据,0,0,0,0,1,0,0,1,0.24166666666666667
支持向量机算法,0,0,1,1,1,0,0,3,0.4916666666666667
最小二乘,3,0,2,3,4,0,0,12,4.591666666666667
仿真频谱数据,0,0,0,0,2,2,0,4,0.9666666666666667
模拟仿真系统,0,0,0,0,1,0,0,1,0.24166666666666667
超参数,4,0,13,1,5,23,0,46,12.516666666666666
特征加权向量,2,0,10,0,26,18,0,56,13.883333333333333
核函数,0,0,4,11,3,6,0,24,4.05
耦合模拟退火,1,1,3,1,1,13,0,20,6.883333333333333
频谱数据挖掘,1,0,0,0,0,3,0,4,1.725
电力负荷数,1,0,2,0,1,2,0,6,1.975
ad,0,0,1,0,0,5,0,6,1.3333333333333333
nelder,0,0,1,0,0,4,0,5,1.0916666666666668
耦合模拟退火算法,1,0,3,0,0,8,0,12,3.3083333333333336
搜索,0,0,0,0,0,5,0,5,1.2083333333333333
特征加权lssvm算法,2,0,6,0,5,3,0,16,4.683333333333334
参数,0,0,4,2,13,14,0,33,7.275
正则化参数,0,0,1,5,8,9,0,23,4.858333333333333
宽度参数,0,0,0,0,0,3,0,3,0.725
预测精度,2,0,6,0,5,7,0,20,5.65
预测模型,0,0,1,0,2,4,0,7,1.575
频谱数据挖掘算法,0,0,1,0,1,1,0,3,0.6083333333333334
电力负荷,0,0,0,0,21,6,0,27,6.525
电力负荷值,0,0,0,0,13,2,0,15,3.625
数据,0,0,20,7,20,5,0,52,9.416666666666668
温度属性,0,0,0,0,3,0,0,3,0.725
星期属性,0,0,0,0,3,1,0,4,0.9666666666666667
温度,0,0,0,0,3,9,0,12,2.9
节假日,0,0,0,0,3,0,0,3,0.725
电力负荷数据,0,0,2,0,8,1,0,11,2.425
维度,0,0,0,0,4,2,0,6,1.45
日期属性,0,0,0,0,2,1,0,3,0.725
特征维度,0,0,0,0,7,1,0,8,1.9333333333333333
稀疏性,0,0,1,1,3,0,0,5,0.975
信息量,0,0,0,0,1,0,0,1,0.24166666666666667
噪声,0,0,2,0,2,1,0,5,0.975
节日信息,0,0,0,0,1,0,0,1,0.24166666666666667
节假日属性,0,0,0,0,1,0,0,1,0.24166666666666667
星期回归特性,0,0,0,0,1,0,0,1,0.24166666666666667
负荷,0,0,0,0,4,0,0,4,0.9666666666666667
周期特性,0,0,0,0,1,0,0,1,0.24166666666666667
误差,0,0,1,4,2,2,0,9,1.5916666666666668
日平均温度,0,0,0,0,1,0,0,1,0.24166666666666667
日期,0,0,0,0,1,0,0,1,0.24166666666666667
输出数据,0,0,0,0,2,0,0,2,0.48333333333333334
历史负荷,0,0,0,0,1,0,0,1,0.24166666666666667
预测数据,0,0,0,0,2,0,0,2,0.48333333333333334
气温信息,0,0,0,0,1,0,0,1,0.24166666666666667
日期信息,0,0,0,0,1,0,0,1,0.24166666666666667
负相关,0,0,0,0,1,0,0,1,0.24166666666666667
温度数据,0,0,0,0,1,0,0,1,0.24166666666666667
负荷数据,0,0,0,0,1,0,0,1,0.24166666666666667
平均温度,0,0,0,0,1,0,0,1,0.24166666666666667
eunite,0,0,1,0,3,0,0,4,0.85
svm,0,0,4,13,4,1,0,22,3.333333333333333
lssvm算法,0,0,7,3,8,3,0,21,3.908333333333333
杂度,0,0,0,2,0,0,0,2,0.25
算法,1,0,1,4,2,1,0,9,2.35
可容忍损失函数,0,0,0,3,0,0,0,3,0.375
二范数,0,0,1,2,0,0,0,3,0.375
不等式约束条件,0,0,1,2,0,0,0,3,0.375
等式约束条件,0,0,1,2,0,0,0,3,0.375
线性方程组,0,0,1,2,0,0,0,3,0.375
二次规划,0,0,1,3,0,0,0,4,0.5
svm算法,0,0,2,4,0,0,0,6,0.75
最小二乘支持向量机,0,1,1,2,0,0,0,4,2.375
泛化能力,0,0,2,10,0,0,0,12,1.5
极值,0,0,0,1,0,0,0,1,0.125
bp算法,0,0,1,1,0,0,0,2,0.25
高维度数据,0,0,1,1,0,0,0,2,0.25
非线性,0,0,1,4,0,0,0,5,0.625
小规模样本,0,0,1,1,0,0,0,2,0.25
机器学习方法,0,0,0,1,0,0,0,1,0.125
统计学习理论,0,0,1,3,0,0,0,4,0.5
支持向量机算法理论,0,0,0,1,0,0,0,1,0.125
mape,0,0,0,0,11,9,0,20,4.833333333333333
cost值,0,0,0,0,3,11,0,14,3.3833333333333333
离线,0,0,0,0,0,4,0,4,0.9666666666666667
离线预测,1,0,0,0,0,10,0,11,3.4166666666666665
地理格,0,0,0,0,16,4,0,20,4.833333333333333
信号强度,0,0,0,0,3,5,0,8,1.9333333333333333
在线预测算法,0,0,0,0,0,2,0,2,0.48333333333333334
离线预测算法,0,0,0,0,0,3,0,3,0.725
迭代,0,0,0,0,0,4,0,4,0.9666666666666667
强度,0,0,0,0,11,3,0,14,3.3833333333333333
信息,0,0,7,0,3,2,0,12,2.083333333333333
输入变量,0,0,0,0,0,1,0,1,0.24166666666666667
变量,0,0,0,1,0,2,0,3,0.6083333333333334
mape值,0,0,0,0,5,3,0,8,1.9333333333333333
信号,0,0,1,0,6,1,0,8,1.8166666666666667
加权lssvm算法,0,0,0,0,0,2,0,2,0.48333333333333334
特征,0,0,5,0,15,3,0,23,4.975
特征加权算法,0,0,0,0,2,5,0,7,1.6916666666666667
在线,0,0,0,0,0,3,0,3,0.725
耦合模拟,0,0,0,0,0,3,0,3,0.725
拟合效果,0,0,0,1,0,1,0,2,0.3666666666666667
测试集,0,0,0,0,0,1,0,1,0.24166666666666667
输入空间,0,0,0,0,1,2,0,3,0.725
预测信号,0,0,0,0,0,1,0,1,0.24166666666666667
时间点,0,0,0,0,0,1,0,1,0.24166666666666667
实时信息,0,0,0,0,0,1,0,1,0.24166666666666667
输入维度,0,0,0,0,0,1,0,1,0.24166666666666667
历史信号强度,0,0,0,0,0,1,0,1,0.24166666666666667
黑夜,0,0,0,0,1,2,0,3,0.725
时间类型信息,0,0,0,0,0,2,0,2,0.48333333333333334
陆地,0,0,0,0,2,1,0,3,0.725
海洋,0,0,0,0,4,2,0,6,1.45
地理类型信息,0,0,0,0,0,2,0,2,0.48333333333333334
地理位置信息,0,0,0,0,0,2,0,2,0.48333333333333334
输入特征维度,0,0,0,0,0,1,0,1,0.24166666666666667
样本点,0,0,0,3,0,1,0,4,0.6166666666666667
在线频谱数据,0,0,0,0,0,2,0,2,0.48333333333333334
数据挖掘,1,0,16,0,0,0,0,17,3.0
信息解释,0,0,2,0,0,0,0,2,0.25
预处理,0,0,2,0,0,1,0,3,0.4916666666666667
数据挖掘算法,0,0,6,0,1,0,0,7,0.9916666666666667
数据挖掘技术,0,0,8,0,0,0,0,8,1.0
mllib,0,0,1,0,0,0,0,1,0.125
madlib,0,0,1,0,0,0,0,1,0.125
mahout,0,0,1,0,0,0,0,1,0.125
数据挖掘算法工具,0,0,1,0,0,0,0,1,0.125
greenplumdatabase,0,0,1,0,0,0,0,1,0.125
数据库,0,0,1,0,0,1,0,2,0.3666666666666667
分布式,0,0,1,0,0,0,0,1,0.125
hadoop,0,0,1,0,0,0,0,1,0.125
大数据开发平台,0,0,1,0,0,0,0,1,0.125
大数据处理技术,0,0,1,0,0,0,0,1,0.125
数学,0,0,1,0,0,0,0,1,0.125
机器学习,0,0,1,1,0,0,0,2,0.25
统计学,0,0,1,1,0,0,0,2,0.25
生物信息领,0,0,1,0,0,0,0,1,0.125
电商行业,0,0,1,0,0,0,0,1,0.125
电信行业,0,0,1,0,0,0,0,1,0.125
金融行业,0,0,1,0,0,0,0,1,0.125
图形化,0,0,1,0,0,0,0,1,0.125
可视化,0,0,1,0,0,0,0,1,0.125
模型,0,0,4,3,4,0,0,11,1.8416666666666668
低维,0,0,1,0,0,0,0,1,0.125
高维,0,0,1,1,0,0,0,2,0.25
异常值,0,0,2,0,0,0,0,2,0.25
转换,0,0,1,0,0,0,0,1,0.125
有误数据,0,0,1,0,0,0,0,1,0.125
数据资料,0,0,1,0,0,0,0,1,0.125
数据收集过程,0,0,1,0,0,0,0,1,0.125
先验信息,0,0,1,0,0,0,0,1,0.125
分析对,0,0,1,0,0,0,0,1,0.125
分析对象,0,0,1,0,0,0,0,1,0.125
始数据,0,0,1,0,0,0,0,1,0.125
数据源,0,0,1,0,0,0,0,1,0.125
有效信息,0,0,1,0,0,0,0,1,0.125
数据集,0,0,7,2,3,1,0,13,2.091666666666667
数据挖掘流程,0,0,1,0,0,0,0,1,0.125
模拟退火算法,0,0,0,0,1,20,0,21,5.075
金属,0,0,0,0,0,5,0,5,1.2083333333333333
目标函数,0,0,0,2,4,9,0,15,3.3916666666666666
嫡值,0,0,0,0,0,3,0,3,0.725
升温过程,0,0,0,0,0,3,0,3,0.725
退火过程,0,0,0,0,0,3,0,3,0.725
控制参数,0,0,0,0,0,2,0,2,0.48333333333333334
内能,0,0,0,0,0,2,0,2,0.48333333333333334
寻优过程,0,0,2,0,4,7,0,13,2.908333333333333
下降幅度,0,0,0,0,0,2,0,2,0.48333333333333334
迭代次数,0,0,0,0,6,8,0,14,3.3833333333333333
metropolis准则,0,0,0,0,0,2,0,2,0.48333333333333334
组合优化,0,0,0,0,0,2,0,2,0.48333333333333334
状态,0,0,0,0,0,4,0,4,0.9666666666666667
退火温度,0,0,0,0,0,2,0,2,0.48333333333333334
退火,0,0,0,0,0,2,0,2,0.48333333333333334
原子,0,0,0,0,0,2,0,2,0.48333333333333334
原子热运动,0,0,0,0,0,2,0,2,0.48333333333333334
锻造金属,0,0,0,0,0,2,0,2,0.48333333333333334
近似,0,0,0,0,0,1,0,1,0.24166666666666667
启发式随机搜索,0,0,0,0,1,1,0,2,0.48333333333333334
蒙特卡罗迭代求解法,0,0,0,0,0,1,0,1,0.24166666666666667
金属退火过程,0,0,0,0,0,1,0,1,0.24166666666666667
变化量,0,0,0,0,0,1,0,1,0.24166666666666667
boltzmann常数,0,0,0,0,0,1,0,1,0.24166666666666667
粒子,0,0,0,0,0,1,0,1,0.24166666666666667
迭代算法,0,0,0,0,0,2,0,2,0.48333333333333334
相邻解空间,0,0,0,0,0,1,0,1,0.24166666666666667
复杂解空间,0,0,0,0,0,1,0,1,0.24166666666666667
收敛性能,0,0,0,0,0,1,0,1,0.24166666666666667
markov,0,0,0,0,0,1,0,1,0.24166666666666667
随机状态,0,0,0,0,0,1,0,1,0.24166666666666667
校正过程,0,0,0,0,0,1,0,1,0.24166666666666667
退火控制温度,0,0,0,0,0,1,0,1,0.24166666666666667
搜寻过程,0,0,0,0,0,1,0,1,0.24166666666666667
经典迭代算法,0,0,0,0,0,1,0,1,0.24166666666666667
局部搜索能力,0,0,0,0,0,1,0,1,0.24166666666666667
鲁棒性,0,0,2,0,1,1,0,4,0.7333333333333334
寻优,0,0,1,0,3,3,0,7,1.575
过程,0,0,0,0,0,1,0,1,0.24166666666666667
混乱,0,0,0,0,0,1,0,1,0.24166666666666667
降温过程,0,0,0,0,0,1,0,1,0.24166666666666667
熔化,0,0,0,0,0,1,0,1,0.24166666666666667
金属晶体,0,0,0,0,0,1,0,1,0.24166666666666667
淬火,0,0,0,0,0,1,0,1,0.24166666666666667
原子分布,0,0,0,0,0,1,0,1,0.24166666666666667
冷却过程,0,0,0,0,0,1,0,1,0.24166666666666667
幅度,0,0,0,0,0,1,0,1,0.24166666666666667
晶格点,0,0,0,0,0,1,0,1,0.24166666666666667
晶格结构,0,0,0,0,0,1,0,1,0.24166666666666667
金属内原子,0,0,0,0,0,1,0,1,0.24166666666666667
金融,0,0,0,0,0,1,0,1,0.24166666666666667
原子排列,0,0,0,0,0,1,0,1,0.24166666666666667
寻优算法,0,0,1,0,1,2,0,4,0.85
金属锻造,0,0,0,0,0,1,0,1,0.24166666666666667
ea,0,0,0,0,0,1,0,1,0.24166666666666667
simulated,0,0,0,0,0,1,0,1,0.24166666666666667
模拟退火,0,0,0,0,0,1,0,1,0.24166666666666667
频谱资源,1,0,9,0,5,0,0,15,3.333333333333333
无线频谱资源,0,0,9,0,0,0,0,9,1.125
无线通信,0,0,4,0,0,0,0,4,0.5
数据挖掘技,0,0,3,0,0,0,0,3,0.375
效率,0,0,2,0,0,1,0,3,0.4916666666666667
通信系统,0,0,2,0,3,0,0,5,0.975
动态频谱,1,0,1,0,0,0,0,2,1.125
历史数据,0,0,2,0,1,0,0,3,0.4916666666666667
最优,0,0,1,0,0,2,0,3,0.6083333333333334
特性,0,0,1,0,1,0,0,2,0.3666666666666667
向量机算法,3,0,5,4,4,0,0,16,5.091666666666667
二乘,0,0,2,0,1,2,0,5,0.975
频谱预测,0,0,1,0,0,0,0,1,0.125
频谱感知设备,0,0,1,0,0,0,0,1,0.125
存储日志,0,0,1,0,0,0,0,1,0.125
感知设备,0,0,1,0,0,0,0,1,0.125
车载网络感知,0,0,1,0,0,0,0,1,0.125
人造卫星感知,0,0,1,0,0,0,0,1,0.125
日志记录,0,0,1,0,0,0,0,1,0.125
数字,0,0,1,0,0,0,0,1,0.125
数据量,0,0,2,1,0,0,0,3,0.375
存储能力,0,0,1,0,0,0,0,1,0.125
无线传感技术,0,0,1,0,0,0,0,1,0.125
授权用户通信,0,0,1,0,1,0,0,2,0.3666666666666667
频谱稀缺,0,0,1,0,0,0,0,1,0.125
认知无线电技术,0,0,1,0,0,0,0,1,0.125
生命源,0,0,1,0,0,0,0,1,0.125
频谱分配,0,0,1,0,0,0,0,1,0.125
黄金石油,0,0,1,0,0,0,0,1,0.125
信息技术,0,0,1,0,0,0,0,1,0.125
物联网,0,0,1,0,0,0,0,1,0.125
移动互联网,0,0,2,0,0,0,0,2,0.25
加权向量,0,0,2,1,19,1,0,23,5.208333333333333
抗体,0,0,0,0,36,0,0,36,8.7
记忆库,0,0,0,0,9,0,0,9,2.175
抗原,0,0,0,0,13,0,0,13,3.1416666666666666
核宽度,0,0,0,6,8,1,0,15,2.925
期望繁殖概率,0,0,0,0,3,0,0,3,0.725
抗体浓度,0,0,0,0,4,0,0,4,0.9666666666666667
亲和力,0,0,0,0,3,0,0,3,0.725
终止条件,0,0,0,0,5,1,0,6,1.45
imp,0,0,3,0,4,4,0,11,2.3083333333333336
预测器,0,0,0,0,4,0,0,4,0.9666666666666667
父代抗体群,0,0,0,0,2,0,0,2,0.48333333333333334
模型性能,0,0,0,0,2,0,0,2,0.48333333333333334
精英保留政策,0,0,0,0,2,0,0,2,0.48333333333333334
繁殖概率,0,0,0,0,2,0,0,2,0.48333333333333334
权重向量,0,0,0,0,2,0,0,2,0.48333333333333334
样本,0,0,2,5,3,0,0,10,1.6
目标预测器,0,0,0,0,2,0,0,2,0.48333333333333334
预测系统,0,0,0,0,1,0,0,1,0.24166666666666667
模型函数,0,0,0,0,1,0,0,1,0.24166666666666667
训练数据集,0,0,0,0,1,0,0,1,0.24166666666666667
数据挖掘过程,0,0,0,0,1,0,0,1,0.24166666666666667
循环,0,0,0,0,2,0,0,2,0.48333333333333334
耦合,0,0,0,0,1,1,0,2,0.48333333333333334
最优特征,0,0,0,0,1,0,0,1,0.24166666666666667
抗体群,0,0,1,0,3,0,0,4,0.85
变异,0,0,0,0,3,0,0,3,0.725
繁殖率,0,0,0,0,1,0,0,1,0.24166666666666667
亲和度,0,0,0,0,5,0,0,5,1.2083333333333333
新特征加权向量,0,0,0,0,1,0,0,1,0.24166666666666667
新特征,0,0,0,0,1,0,0,1,0.24166666666666667
望繁殖概率,0,0,0,0,1,0,0,1,0.24166666666666667
浓度个体,0,0,0,0,1,0,0,1,0.24166666666666667
适应度值,0,0,0,0,2,0,0,2,0.48333333333333334
浓度,0,0,0,0,2,0,0,2,0.48333333333333334
多样性,0,0,1,0,9,0,0,10,2.3
相似向量,0,0,0,0,1,0,0,1,0.24166666666666667
欧式距离,0,0,1,0,1,0,0,2,0.3666666666666667
特征权重向量,0,0,0,0,1,0,0,1,0.24166666666666667
高斯核函数,0,0,0,1,1,0,0,2,0.3666666666666667
亲和力函数,0,0,0,0,1,0,0,1,0.24166666666666667
性能指标,0,0,0,0,1,0,0,1,0.24166666666666667
子集测试模型,0,0,0,0,1,0,0,1,0.24166666666666667
s-,0,0,0,0,1,0,0,1,0.24166666666666667
子集,0,0,0,0,1,0,0,1,0.24166666666666667
训练数据,0,0,0,0,1,0,0,1,0.24166666666666667
s折交叉验证,0,0,0,0,2,3,0,5,1.2083333333333333
s折,0,0,0,0,1,1,0,2,0.48333333333333334
期望繁殖率,0,0,0,0,1,0,0,1,0.24166666666666667
初始抗体群,0,0,0,0,1,0,0,1,0.24166666666666667
免疫,0,1,0,0,5,0,0,6,3.208333333333333
上线,0,0,0,0,1,0,0,1,0.24166666666666667
寻优次数,0,0,0,0,1,0,0,1,0.24166666666666667
分步寻优思想,0,0,0,0,1,0,0,1,0.24166666666666667
em算法,0,0,0,0,2,0,0,2,0.48333333333333334
权值数量,0,0,0,0,1,0,0,1,0.24166666666666667
维度数据,0,0,0,0,4,0,0,4,0.9666666666666667
维度特征,0,0,0,0,2,2,0,4,0.9666666666666667
权值,0,0,0,0,1,0,0,1,0.24166666666666667
数值,0,0,1,0,2,1,0,4,0.85
fw-,0,0,0,0,1,0,0,1,0.24166666666666667
支持,0,0,0,2,1,0,0,3,0.4916666666666667
推广,0,0,0,0,1,0,0,1,0.24166666666666667
输入样本,0,0,0,1,1,0,0,2,0.3666666666666667
用户数,0,0,0,0,8,0,0,8,1.9333333333333333
地理,0,0,0,0,6,0,0,6,1.45
通话时长,0,0,0,0,5,0,0,5,1.2083333333333333
用户,0,0,0,0,6,0,0,6,1.45
泊松分布,0,0,0,0,5,0,0,5,1.2083333333333333
通信业务,0,0,0,0,5,0,0,5,1.2083333333333333
功率,0,0,0,0,5,0,0,5,1.2083333333333333
接入强度,0,0,0,0,4,0,0,4,0.9666666666666667
周期,0,0,0,0,7,0,0,7,1.6916666666666667
路损,0,0,0,0,4,0,0,4,0.9666666666666667
滑动窗,0,0,0,0,3,0,0,3,0.725
接收端,0,0,0,0,3,0,0,3,0.725
自由空间,0,0,0,0,3,0,0,3,0.725
系统,0,0,0,0,3,0,0,3,0.725
感知间隔,0,0,0,0,3,0,0,3,0.725
区域,0,0,0,0,6,0,0,6,1.45
地理格模型,0,0,0,0,3,0,0,3,0.725
仿真平台,0,0,0,0,2,0,0,2,0.48333333333333334
接收天线,0,0,0,0,2,0,0,2,0.48333333333333334
增益,0,0,0,0,2,0,0,2,0.48333333333333334
距离,0,0,0,1,4,0,0,5,1.0916666666666668
发射功率,0,0,0,0,3,0,0,3,0.725
用户接入强度,0,0,0,0,2,0,0,2,0.48333333333333334
通信强度,0,0,0,0,2,0,0,2,0.48333333333333334
感应周期,0,0,0,0,2,0,0,2,0.48333333333333334
通信繁忙强度,0,0,0,0,2,0,0,2,0.48333333333333334
用户接入模型,0,0,0,0,2,0,0,2,0.48333333333333334
感知,0,0,0,0,2,0,0,2,0.48333333333333334
海边,0,0,0,0,2,0,0,2,0.48333333333333334
频谱,2,1,3,0,10,0,0,16,6.791666666666666
干扰信号,0,0,0,0,2,0,0,2,0.48333333333333334
单位时间,0,0,0,0,2,0,0,2,0.48333333333333334
频谱数据仿真程序,0,0,0,0,1,0,0,1,0.24166666666666667
高斯白噪声,0,0,0,0,1,0,0,1,0.24166666666666667
路径损耗,0,0,0,0,1,0,0,1,0.24166666666666667
接入,0,0,0,0,1,0,0,1,0.24166666666666667
单位,0,0,0,0,1,0,0,1,0.24166666666666667
被感知区域,0,0,0,0,1,0,0,1,0.24166666666666667
滑动窗口,0,0,0,0,1,0,0,1,0.24166666666666667
仿真流程,0,0,0,0,1,0,0,1,0.24166666666666667
dbm,0,0,0,0,1,0,0,1,0.24166666666666667
路损值,0,0,0,0,1,0,0,1,0.24166666666666667
高度,0,0,0,0,1,0,0,1,0.24166666666666667
卫星,0,0,0,0,1,0,0,1,0.24166666666666667
接入用户,0,0,0,0,1,0,0,1,0.24166666666666667
概率,0,0,0,0,2,2,0,4,0.9666666666666667
地理格接入强度,0,0,0,0,1,0,0,1,0.24166666666666667
频率,0,0,0,0,1,0,0,1,0.24166666666666667
自由空间损耗,0,0,0,0,1,0,0,1,0.24166666666666667
损耗,0,0,0,0,1,0,0,1,0.24166666666666667
天线增益,0,0,0,0,1,0,0,1,0.24166666666666667
传输损耗,0,0,0,0,1,0,0,1,0.24166666666666667
有效接收面积,0,0,0,0,1,0,0,1,0.24166666666666667
面积,0,0,0,0,1,0,0,1,0.24166666666666667
发射天线,0,0,0,0,1,0,0,1,0.24166666666666667
波长,0,0,0,0,1,0,0,1,0.24166666666666667
发射端,0,0,0,0,6,0,0,6,1.45
传播损耗,0,0,0,0,1,0,0,1,0.24166666666666667
单位面积,0,0,0,0,1,0,0,1,0.24166666666666667
电波,0,0,0,0,1,0,0,1,0.24166666666666667
无线电波,0,0,0,0,1,0,0,1,0.24166666666666667
传输损耗模型,0,0,0,0,1,0,0,1,0.24166666666666667
海边海洋,0,0,0,0,1,0,0,1,0.24166666666666667
地理格分布,0,0,0,0,1,0,0,1,0.24166666666666667
仿真模型,0,0,0,0,1,0,0,1,0.24166666666666667
作息时间,0,0,0,0,1,0,0,1,0.24166666666666667
极限,0,0,0,1,1,0,0,2,0.3666666666666667
负指数分布,0,0,0,0,1,0,0,1,0.24166666666666667
分布参数,0,0,0,0,1,0,0,1,0.24166666666666667
负指数,0,0,0,0,1,0,0,1,0.24166666666666667
模拟系统,0,0,0,0,1,0,0,1,0.24166666666666667
感知时间间隔,0,0,0,0,1,0,0,1,0.24166666666666667
时间段,0,0,0,0,1,1,0,2,0.48333333333333334
数学期望,0,0,0,0,1,0,0,1,0.24166666666666667
到达数,0,0,0,0,1,0,0,1,0.24166666666666667
通信繁,0,0,0,0,1,0,0,1,0.24166666666666667
业务量,0,0,0,0,1,0,0,1,0.24166666666666667
区域分布,0,0,0,0,1,0,0,1,0.24166666666666667
信道数,0,0,0,0,1,0,0,1,0.24166666666666667
持续时间,0,0,0,0,1,0,0,1,0.24166666666666667
呼叫到达数,0,0,0,0,1,0,0,1,0.24166666666666667
使用频度,0,0,0,0,1,0,0,1,0.24166666666666667
用户通话,0,0,0,0,1,0,0,1,0.24166666666666667
区域通信业务,0,0,0,0,1,0,0,1,0.24166666666666667
通信领,0,0,0,0,1,0,0,1,0.24166666666666667
轨迹,0,0,0,0,1,0,0,1,0.24166666666666667
轨道行进方向,0,0,0,0,1,0,0,1,0.24166666666666667
人口密集,0,0,0,0,1,0,0,1,0.24166666666666667
地球表面,0,0,0,0,2,0,0,2,0.48333333333333334
感应,0,0,0,0,1,0,0,1,0.24166666666666667
环形区域,0,0,0,0,1,0,0,1,0.24166666666666667
窗口,0,0,0,0,1,0,0,1,0.24166666666666667
感应信号,0,0,0,0,1,0,0,1,0.24166666666666667
运动覆盖区域,0,0,0,0,1,0,0,1,0.24166666666666667
矩形范围,0,0,0,0,1,0,0,1,0.24166666666666667
波束区域,0,0,0,0,1,0,0,1,0.24166666666666667
长方形,0,0,0,0,1,0,0,1,0.24166666666666667
波束,0,0,0,0,1,0,0,1,0.24166666666666667
环形带,0,0,0,0,1,0,0,1,0.24166666666666667
纬度,0,0,0,0,1,0,0,1,0.24166666666666667
频谱数据信源,0,0,0,0,1,0,0,1,0.24166666666666667
自免疫算法,0,0,2,0,4,0,0,6,1.2166666666666668
涉密性,0,0,0,0,1,0,0,1,0.24166666666666667
动态,0,0,0,0,1,0,0,1,0.24166666666666667
季节周期性,0,0,0,0,1,0,0,1,0.24166666666666667
星期周期性,0,0,0,0,1,0,0,1,0.24166666666666667
频谱感知数据,1,0,1,0,1,0,0,3,1.3666666666666667
混沌时间序列,0,0,0,0,1,0,0,1,0.24166666666666667
电力负荷数据仿真,0,0,0,0,1,0,0,1,0.24166666666666667
金矿,0,0,2,0,0,0,0,2,0.25
数据资源,0,0,1,0,0,0,0,1,0.125
真实数据,0,0,1,0,1,0,0,2,0.3666666666666667
杂音,0,0,1,0,0,0,0,1,0.125
数学算法,0,0,1,0,0,0,0,1,0.125
dataminingdm,0,0,1,0,0,0,0,1,0.125
黄金,0,0,1,0,0,0,0,1,0.125
数据海,0,0,1,0,0,0,0,1,0.125
海量数据,0,0,1,0,0,0,0,1,0.125
计算机存储能力,0,0,1,0,0,0,0,1,0.125
传感器技术,0,0,1,0,0,0,0,1,0.125
函数集,0,0,0,6,0,0,0,6,0.75
vc维,0,0,0,4,0,0,0,4,0.5
学习性能,0,0,0,2,0,0,0,2,0.25
函数,0,0,0,3,0,3,0,6,1.1
pn,0,0,0,2,0,0,0,2,0.25
统计学习,0,0,1,3,0,0,0,4,0.5
学习算法,0,0,0,2,0,0,0,2,0.25
vc维计算,0,0,0,1,0,0,0,1,0.125
复杂学习方法,0,0,0,1,0,0,0,1,0.125
二维线性,0,0,0,1,0,0,0,1,0.125
复杂度,0,0,2,1,2,0,0,5,0.8583333333333334
学习,0,0,0,1,0,0,0,1,0.125
函数集合,0,0,0,1,0,0,0,1,0.125
学习机器,0,0,0,1,0,0,0,1,0.125
vc,0,0,0,1,0,0,0,1,0.125
标签,0,0,2,1,0,0,0,3,0.375
数量,0,0,0,1,0,0,0,1,0.125
向量,0,0,0,2,0,0,0,2,0.25
m维向量,0,0,0,1,0,0,0,1,0.125
集群,0,0,0,1,0,1,0,2,0.3666666666666667
模式识别,0,0,1,1,0,0,0,2,0.25
指数,0,0,0,1,0,0,0,1,0.125
学习能力,0,0,0,1,0,0,0,1,0.125
chervonenk,0,0,0,1,0,0,0,1,0.125
vc维理论,0,0,1,3,0,0,0,4,0.5
nenk,0,0,0,1,0,0,0,1,0.125
cher,0,0,0,1,0,0,0,1,0.125
c维理论,0,0,0,1,0,0,0,1,0.125
基础算法,0,0,0,1,0,0,0,1,0.125
srm,0,0,0,2,0,0,0,2,0.25
za,0,0,0,1,0,0,0,1,0.125
structuralriskmini,0,0,0,1,0,0,0,1,0.125
结构风险,0,0,1,6,0,0,0,7,0.875
统计理,0,0,0,1,0,0,0,1,0.125
样例,0,0,0,1,0,0,0,1,0.125
ar,0,0,0,1,0,0,0,1,0.125
statistical,0,0,0,1,0,0,0,1,0.125
基本理论,0,0,0,1,0,0,0,1,0.125
仿真系统,0,0,1,0,4,0,0,5,1.0916666666666668
环境数据,0,0,0,0,1,0,0,1,0.24166666666666667
频谱数据仿真,0,0,0,0,1,1,0,2,0.48333333333333334
离散值,0,0,0,0,4,0,0,4,0.9666666666666667
标准化,0,0,0,0,4,0,0,4,0.9666666666666667
关键参数,0,0,0,0,4,0,0,4,0.9666666666666667
数据预处理,0,0,0,0,4,0,0,4,0.9666666666666667
数据量纲,0,0,0,0,2,0,0,2,0.48333333333333334
对数转换,0,0,0,0,2,0,0,2,0.48333333333333334
反余切函数转换,0,0,0,0,2,0,0,2,0.48333333333333334
z-score,0,0,0,0,2,0,0,2,0.48333333333333334
数据清洗,0,0,0,0,2,0,0,2,0.48333333333333334
保留量,0,0,0,0,1,0,0,1,0.24166666666666667
高亲和度,0,0,0,0,1,0,0,1,0.24166666666666667
初始值,0,0,0,0,2,0,0,2,0.48333333333333334
特征权重,0,0,0,0,1,0,0,1,0.24166666666666667
多样性评价,0,0,0,0,1,0,0,1,0.24166666666666667
记忆库容量,0,0,0,0,1,0,0,1,0.24166666666666667
父代种群,0,0,0,0,1,0,0,1,0.24166666666666667
仿真验证,0,0,0,0,1,0,0,1,0.24166666666666667
验证数据,0,0,0,0,1,0,0,1,0.24166666666666667
绝对值,0,0,0,0,1,0,0,1,0.24166666666666667
特征加权值,0,0,0,0,1,0,0,1,0.24166666666666667
连续数据,0,0,0,0,1,0,0,1,0.24166666666666667
第三维数据,0,0,0,0,1,0,0,1,0.24166666666666667
维数据,0,0,0,0,2,0,0,2,0.48333333333333334
差异值,0,0,0,0,1,0,0,1,0.24166666666666667
数据信息,0,0,0,0,1,0,0,1,0.24166666666666667
数量级,0,0,0,0,1,0,0,1,0.24166666666666667
正太分布,0,0,0,0,1,0,0,1,0.24166666666666667
标准差,0,0,0,0,1,0,0,1,0.24166666666666667
均值,0,0,0,0,1,0,0,1,0.24166666666666667
线性变化,0,0,0,0,1,0,0,1,0.24166666666666667
归一,0,0,0,0,1,0,0,1,0.24166666666666667
数据分析,0,0,0,0,1,0,0,1,0.24166666666666667
量纲,0,0,2,0,2,0,0,4,0.7333333333333334
评价指标,0,0,0,0,1,0,0,1,0.24166666666666667
归一化,0,0,0,0,1,0,0,1,0.24166666666666667
数据归一化,0,0,0,0,1,0,0,1,0.24166666666666667
基础训练集,0,0,0,0,1,0,0,1,0.24166666666666667
运算量,0,0,0,0,1,0,0,1,0.24166666666666667
自免疫,0,0,2,0,3,0,0,5,0.975
单纯形,0,0,0,0,1,4,0,5,1.2083333333333333
er,0,0,0,0,1,0,0,1,0.24166666666666667
ne,0,0,0,0,1,0,0,1,0.24166666666666667
假期属性,0,0,0,0,11,1,0,12,2.9
验证算法,0,0,0,0,1,0,0,1,0.24166666666666667
假期,0,0,0,0,12,0,0,12,2.9
无关数据,0,0,0,0,1,0,0,1,0.24166666666666667
噪声数据,0,0,2,0,1,0,0,3,0.4916666666666667
去除源数据,0,0,0,0,1,0,0,1,0.24166666666666667
回归拟合,0,0,0,3,0,0,0,3,0.375
svrm,0,0,0,1,0,0,0,1,0.125
supportvectorregrssion,0,0,0,1,0,0,0,1,0.125
向量回归机,0,0,0,1,0,0,0,1,0.125
合页损失函数,0,0,0,1,0,0,0,1,0.125
正则,0,0,0,1,0,0,0,1,0.125
求凸二次规划,0,0,0,1,0,0,0,1,0.125
拉格朗日算子,0,0,0,1,0,0,0,1,0.125
间隔,0,0,0,2,0,0,0,2,0.25
supportvectormachi,0,0,1,1,0,0,0,2,0.25
支持向量机,0,0,4,1,0,0,0,5,0.625
免疫系统,0,0,1,0,13,0,0,14,3.2666666666666666
生物免疫系统,0,0,0,0,8,0,0,8,1.9333333333333333
适应度,0,0,0,0,4,0,0,4,0.9666666666666667
免疫细胞,0,0,0,0,3,0,0,3,0.725
记忆细胞,0,0,0,0,3,0,0,3,0.725
免疫处理,0,0,0,0,2,0,0,2,0.48333333333333334
相似度,0,0,0,0,2,0,0,2,0.48333333333333334
交叉,0,0,0,0,2,1,0,3,0.725
种群,0,0,0,0,2,0,0,2,0.48333333333333334
个体,0,0,0,0,2,0,0,2,0.48333333333333334
智能算法,0,0,0,0,2,0,0,2,0.48333333333333334
免疫记忆,0,0,0,0,2,0,0,2,0.48333333333333334
细胞,0,0,0,0,2,0,0,2,0.48333333333333334
循环过,0,0,0,0,1,0,0,1,0.24166666666666667
更新抗体群,0,0,0,0,1,0,0,1,0.24166666666666667
更新记忆库,0,0,0,0,1,0,0,1,0.24166666666666667
待求解,0,0,0,0,1,0,0,1,0.24166666666666667
对抗体群,0,0,0,0,1,0,0,1,0.24166666666666667
原始抗体群,0,0,0,0,1,0,0,1,0.24166666666666667
识别抗原,0,0,0,0,1,0,0,1,0.24166666666666667
编码长度,0,0,0,0,1,0,0,1,0.24166666666666667
浓度阀值,0,0,0,0,1,0,0,1,0.24166666666666667
交叉概率,0,0,0,0,1,0,0,1,0.24166666666666667
变异概率,0,0,0,0,1,0,0,1,0.24166666666666667
记忆库数量,0,0,0,0,1,0,0,1,0.24166666666666667
抗体群数量,0,0,0,0,1,0,0,1,0.24166666666666667
自动调节能力,0,0,0,0,1,0,0,1,0.24166666666666667
生物免疫反应,0,0,0,0,1,0,0,1,0.24166666666666667
疫苗接种,0,0,0,0,1,0,0,1,0.24166666666666667
克隆选择,0,0,0,0,1,0,0,1,0.24166666666666667
匹配程度,0,0,0,0,1,0,0,1,0.24166666666666667
相似程度,0,0,0,0,1,0,0,1,0.24166666666666667
算子,0,0,0,0,1,0,0,1,0.24166666666666667
抗体增值,0,0,0,0,1,0,0,1,0.24166666666666667
t细胞抑制,0,0,0,0,1,0,0,1,0.24166666666666667
复制,0,0,0,0,1,0,0,1,0.24166666666666667
淋巴细胞分化,0,0,0,0,1,0,0,1,0.24166666666666667
抗原识别,0,0,0,0,1,0,0,1,0.24166666666666667
解向量,0,0,0,0,1,0,0,1,0.24166666666666667
优化算法,0,0,0,0,1,0,0,1,0.24166666666666667
个体信息,0,0,0,0,1,0,0,1,0.24166666666666667
评价标准,0,0,0,0,1,0,0,1,0.24166666666666667
初始种群,0,0,0,0,1,0,0,1,0.24166666666666667
免疫算法结构,0,0,0,0,1,0,0,1,0.24166666666666667
进化过程,0,0,0,0,1,0,0,1,0.24166666666666667
生物免疫应答,0,0,0,0,1,0,0,1,0.24166666666666667
进化,0,0,0,0,1,0,0,1,0.24166666666666667
亲和,0,0,0,0,1,0,0,1,0.24166666666666667
生物免疫,0,0,0,0,1,0,0,1,0.24166666666666667
群体搜索策,0,0,0,0,1,0,0,1,0.24166666666666667
信息交互,0,0,0,0,1,0,0,1,0.24166666666666667
人工智能,0,0,0,0,1,0,0,1,0.24166666666666667
动态免疫系统模型,0,0,0,0,1,0,0,1,0.24166666666666667
免疫系统模型,0,0,0,0,1,0,0,1,0.24166666666666667
免疫网络,0,0,0,0,1,0,0,1,0.24166666666666667
farmer,0,0,0,0,1,0,0,1,0.24166666666666667
多峰函数,0,0,1,0,3,0,0,4,0.85
早熟,0,0,1,0,3,0,0,4,0.85
群体,0,0,0,0,3,0,0,3,0.725
维持机制,0,0,1,0,2,0,0,3,0.6083333333333334
勘测,0,0,0,0,1,0,0,1,0.24166666666666667
artificialimmunealgorithm,0,0,0,0,1,0,0,1,0.24166666666666667
人工免疫算法,0,0,0,0,1,0,0,1,0.24166666666666667
智能行为,0,0,0,0,1,0,0,1,0.24166666666666667
免疫学理论,0,0,0,0,1,0,0,1,0.24166666666666667
自我调节,0,0,0,0,1,0,0,1,0.24166666666666667
抗原入侵,0,0,0,0,1,0,0,1,0.24166666666666667
分裂,0,0,0,0,1,0,0,1,0.24166666666666667
分化,0,0,0,0,1,0,0,1,0.24166666666666667
分布,0,0,0,0,3,4,0,7,1.6916666666666667
自适应,0,0,1,0,1,0,0,2,0.3666666666666667
自组织,0,0,0,0,1,0,0,1,0.24166666666666667
有害抗原,0,0,0,0,1,0,0,1,0.24166666666666667
外部,0,0,0,0,1,0,0,1,0.24166666666666667
免疫机制,0,0,0,0,1,0,0,1,0.24166666666666667
内环境,0,0,0,0,1,0,0,1,0.24166666666666667
保护,0,0,0,0,1,0,0,1,0.24166666666666667
信息系统,0,0,0,0,1,0,0,1,0.24166666666666667
神经系统,0,0,0,0,1,0,0,1,0.24166666666666667
遗传系统,0,0,0,0,1,0,0,1,0.24166666666666667
信息处理,0,0,0,0,1,0,0,1,0.24166666666666667
大脑,0,0,0,0,1,0,0,1,0.24166666666666667
自适应系统,0,0,0,0,1,0,0,1,0.24166666666666667
周期信号,0,0,0,0,3,0,0,3,0.725
时间序列,0,0,0,0,2,0,0,2,0.48333333333333334
白天黑夜周期,0,0,0,0,1,0,0,1,0.24166666666666667
周期数,0,0,0,0,1,0,0,1,0.24166666666666667
天黑夜,0,0,0,0,1,0,0,1,0.24166666666666667
频点,0,0,0,0,1,0,0,1,0.24166666666666667
时域,0,0,0,0,1,0,0,1,0.24166666666666667
步数,0,0,0,0,0,1,0,1,0.24166666666666667
收敛性,0,0,0,1,0,2,0,3,0.6083333333333334
向量机,0,0,2,1,0,2,0,5,0.8583333333333334
预处理数据,0,0,2,0,0,0,0,2,0.25
核函数参数,0,0,2,0,0,0,0,2,0.25
特征数据,0,0,3,0,0,0,0,3,0.375
权重,0,0,2,0,1,0,0,3,0.4916666666666667
训练样本,0,0,2,0,0,0,0,2,0.25
数值实验,0,0,1,0,0,0,0,1,0.125
特征项,0,0,1,0,0,0,0,1,0.125
核宽度参数,0,0,1,0,0,0,0,1,0.125
寻优参数,0,0,2,0,2,1,0,5,0.975
下山单纯形法,0,0,1,0,0,2,0,3,0.6083333333333334
nelder-,0,0,1,0,0,1,0,2,0.3666666666666667
模型复杂度,0,0,1,2,0,0,0,3,0.375
回归模型,0,0,1,1,0,0,0,2,0.25
分类模型,0,0,1,0,0,0,0,1,0.125
分类能力,0,0,1,0,0,0,0,1,0.125
加权,0,0,1,0,6,0,0,7,1.575
欧氏距离,0,0,1,0,0,0,0,1,0.125
内积,0,0,1,0,0,0,0,1,0.125
信息增益,0,0,1,0,0,0,0,1,0.125
kerneldensityweightedlssvm,0,0,1,0,0,0,0,1,0.125
核密度加权,0,0,1,0,0,0,0,1,0.125
样本加权,0,0,1,0,1,0,0,2,0.3666666666666667
核密度,0,0,1,0,0,0,0,1,0.125
快速性,0,0,1,0,0,0,0,1,0.125
测试样本,0,0,1,0,0,0,0,1,0.125
localweighted-lssvm,0,0,1,0,0,0,0,1,0.125
局部加权,0,0,1,0,0,0,0,1,0.125
在线预测模型,0,0,1,0,0,0,0,1,0.125
误差值,0,0,1,0,0,1,0,2,0.3666666666666667
wlssvm,0,0,1,0,0,0,0,1,0.125
weighted-lss,0,0,1,0,0,0,0,1,0.125
加权最,0,0,1,0,0,0,0,1,0.125
权重值,0,0,1,0,8,2,0,11,2.5416666666666665
suykens,0,0,1,1,0,0,0,2,0.25
效能,0,0,1,0,0,0,0,1,0.125
函数估计,0,0,1,0,0,0,0,1,0.125
损失函数,0,0,1,9,0,1,0,11,1.4916666666666667
局部极值,0,0,1,0,0,0,0,1,0.125
osvm,0,0,1,0,0,0,0,1,0.125
机器学习技法,0,0,1,0,0,0,0,1,0.125
离群点,0,0,5,0,0,0,0,5,0.625
尿布,0,0,4,0,0,0,0,4,0.5
啤酒,0,0,3,0,0,0,0,3,0.375
关联规则,0,0,3,0,0,0,0,3,0.375
分类,0,0,3,0,0,0,0,3,0.375
聚类,0,0,3,0,0,0,0,3,0.375
序列,0,0,2,0,0,0,0,2,0.25
序列模式挖掘,0,0,2,0,0,0,0,2,0.25
关联规则算法,0,0,2,0,0,0,0,2,0.25
聚类算法,0,0,2,0,0,0,0,2,0.25
估值,0,0,2,0,0,0,0,2,0.25
supportvectormachine,0,0,2,0,0,0,0,2,0.25
值域,0,0,2,0,0,0,0,2,0.25
目标值,0,0,2,0,1,0,0,3,0.4916666666666667
序列模式,0,0,2,0,0,0,0,2,0.25
回归,0,0,2,1,0,0,0,3,0.375
监督学习类,0,0,2,0,0,0,0,2,0.25
信用欺诈,0,0,1,0,0,0,0,1,0.125
银行数据,0,0,1,0,0,0,0,1,0.125
特殊信息,0,0,1,0,0,0,0,1,0.125
无用信息,0,0,1,0,0,0,0,1,0.125
噪声毛刺,0,0,1,0,0,0,0,1,0.125
spada,0,0,1,0,0,0,0,1,0.125
gsp,0,0,1,0,0,0,0,1,0.125
web访问模式,0,0,1,0,0,0,0,1,0.125
气候预测,0,0,1,0,0,0,0,1,0.125
频繁模式,0,0,1,0,0,0,0,1,0.125
子序列,0,0,1,0,0,0,0,1,0.125
频繁项集挖掘,0,0,1,0,0,0,0,1,0.125
广告推荐系统,0,0,1,0,0,0,0,1,0.125
fup,0,0,1,0,0,0,0,1,0.125
apriori,0,0,1,0,0,0,0,1,0.125
置信度,0,0,1,0,0,0,0,1,0.125
支持力度,0,0,1,0,0,0,0,1,0.125
购物小票,0,0,1,0,0,0,0,1,0.125
相关性分析,0,0,1,0,0,0,0,1,0.125
som,0,0,1,0,0,0,0,1,0.125
k-means,0,0,1,0,0,0,0,1,0.125
标签规,0,0,1,0,0,0,0,1,0.125
相似,0,0,1,0,0,0,0,1,0.125
属性,0,0,1,0,0,0,0,1,0.125
群分物,0,0,1,0,0,0,0,1,0.125
自然聚类现象,0,0,1,0,0,0,0,1,0.125
自然界,0,0,1,0,0,0,0,1,0.125
arima模型,0,0,1,0,0,0,0,1,0.125
灰色预测,0,0,1,0,0,0,0,1,0.125
lineregression,0,0,1,0,0,0,0,1,0.125
线性回归,0,0,1,0,0,0,0,1,0.125
人工神经网络,0,0,1,0,0,0,0,1,0.125
cart,0,0,1,0,0,0,0,1,0.125
回归树,0,0,1,0,0,0,0,1,0.125
回归数据挖掘算法,0,0,1,0,0,0,0,1,0.125
估计值,0,0,1,0,0,0,0,1,0.125
阀值,0,0,1,0,0,0,0,1,0.125
气温预测,0,0,1,0,0,0,0,1,0.125
naivebayes,0,0,1,0,0,0,0,1,0.125
贝叶斯分类,0,0,1,0,0,0,0,1,0.125
adaboostx,0,0,1,0,0,0,0,1,0.125
决策树算法,0,0,1,0,0,0,0,1,0.125
nn,0,0,1,0,0,0,0,1,0.125
thm,0,0,1,0,0,0,0,1,0.125
nearestneighboralgo,0,0,1,0,0,0,0,1,0.125
最近邻居算法,0,0,1,0,0,0,0,1,0.125
规则,0,0,1,0,0,0,0,1,0.125
估值诊断,0,0,1,0,0,0,0,1,0.125
风险,0,0,1,0,0,0,0,1,0.125
信用卡申,0,0,1,0,0,0,0,1,0.125
过滤,0,0,1,0,0,0,0,1,0.125
垃圾邮件,0,0,1,0,0,0,0,1,0.125
回归问,0,0,1,0,0,0,0,1,0.125
数据集数据,0,0,1,0,0,0,0,1,0.125
监督学习过程,0,0,1,0,0,0,0,1,0.125
输出数据集,0,0,1,0,0,0,0,1,0.125
输入数据集,0,0,1,0,0,0,0,1,0.125
特征属性,0,0,1,0,0,0,0,1,0.125
对象,0,0,1,0,0,0,0,1,0.125
离群点分析,0,0,1,0,0,0,0,1,0.125
关联,0,0,1,0,0,0,0,1,0.125
未知信息,0,0,1,0,0,0,0,1,0.125
非监督学习,0,0,1,0,0,0,0,1,0.125
未知数据,0,0,1,0,0,0,0,1,0.125
测性,0,0,1,0,0,0,0,1,0.125
非监督学习类,0,0,1,0,0,0,0,1,0.125
数据特征,0,0,1,0,0,0,0,1,0.125
性质,0,0,1,0,0,0,0,1,0.125
结构风险函数,0,0,0,2,0,0,0,2,0.25
经验风险,0,0,0,2,0,0,0,2,0.25
风险函数,0,0,0,2,0,0,0,2,0.25
最优模型,0,0,0,1,0,0,0,1,0.125
惩罚项,0,0,0,1,0,0,0,1,0.125
正则化项,0,0,0,1,0,0,0,1,0.125
kminimiza,0,0,0,1,0,0,0,1,0.125
structual,0,0,0,1,0,0,0,1,0.125
函数子集,0,0,0,1,0,0,0,1,0.125
置信区间,0,0,0,1,0,0,0,1,0.125
拟合,0,0,0,1,0,2,0,3,0.6083333333333334
样本容量,0,0,0,1,0,0,0,1,0.125
mi,0,0,0,1,0,0,0,1,0.125
km,0,0,0,1,0,0,0,1,0.125
empirical,0,0,0,1,0,0,0,1,0.125
非负实值函数,0,0,0,1,0,0,0,1,0.125
决策函数,0,0,0,1,0,0,0,1,0.125
空间,0,0,0,2,2,2,0,6,1.2166666666666668
度量,0,0,0,1,0,0,0,1,0.125
数值损失函数,0,0,0,1,0,0,0,1,0.125
绝对值损失函数,0,0,0,1,0,0,0,1,0.125
平方值损失函数,0,0,0,1,0,0,0,1,0.125
度量模型,0,0,0,1,0,0,0,1,0.125
优化参数,0,0,0,0,0,5,0,5,1.2083333333333333
损失值,0,0,0,0,0,8,0,8,1.9333333333333333
收敛速度,0,0,0,0,0,3,0,3,0.725
csa,0,0,0,1,0,3,0,4,0.85
w-lssvm,0,0,0,0,0,1,0,1,0.24166666666666667
lss,0,0,0,0,0,1,0,1,0.24166666666666667
sofin,0,0,0,0,2,1,0,3,0.725
空间压缩,0,0,0,0,2,1,0,3,0.725
emd-pso-svm,0,0,0,0,2,1,0,3,0.725
svm-ga,0,0,0,0,2,1,0,3,0.725
isvm,0,0,0,0,0,1,0,1,0.24166666666666667
lolimot,0,0,0,0,2,1,0,3,0.725
序号算法,0,0,0,0,2,1,0,3,0.725
精度,0,0,0,0,1,2,0,3,0.725
sofin算法,0,0,0,0,1,1,0,2,0.48333333333333334
predict-fw,0,0,0,0,0,1,0,1,0.24166666666666667
読化参数,0,0,0,0,0,1,0,1,0.24166666666666667
fw,0,0,0,0,0,1,0,1,0.24166666666666667
ct,0,0,0,0,0,1,0,1,0.24166666666666667
对数,0,0,0,0,1,1,0,2,0.48333333333333334
四维数据,0,0,0,0,0,1,0,1,0.24166666666666667
年份,0,0,0,0,0,1,0,1,0.24166666666666667
加权值,0,0,0,0,0,1,0,1,0.24166666666666667
对数值,0,0,0,0,0,1,0,1,0.24166666666666667
最优参数,0,0,0,0,0,2,0,2,0.48333333333333334
最优参数组,0,0,0,0,0,1,0,1,0.24166666666666667
迭代过程,0,0,0,0,0,1,0,1,0.24166666666666667
无特征加权,0,0,0,0,0,1,0,1,0.24166666666666667
cost,0,0,0,0,0,1,0,1,0.24166666666666667
更新次数,0,0,0,0,0,1,0,1,0.24166666666666667
train-fw,0,0,0,0,0,1,0,1,0.24166666666666667
矩阵,0,0,0,0,2,0,0,2,0.48333333333333334
训练模型,0,0,0,0,2,1,0,3,0.725
处理,0,0,0,0,1,0,0,1,0.24166666666666667
分步寻优,0,0,0,0,1,0,0,1,0.24166666666666667
连续型,0,0,0,0,1,0,0,1,0.24166666666666667
离散型,0,0,0,0,1,0,0,1,0.24166666666666667
数据特性,0,0,0,0,1,0,0,1,0.24166666666666667
自适应优化,0,0,0,0,1,0,0,1,0.24166666666666667
超参数寻优,0,0,0,0,1,0,0,1,0.24166666666666667
fw-lssvm,0,0,1,0,1,1,0,3,0.6083333333333334
特征空间,0,0,0,0,1,0,0,1,0.24166666666666667
变化特征空间,0,0,0,0,1,0,0,1,0.24166666666666667
高斯径向基函数,0,0,0,1,1,0,0,2,0.3666666666666667
对角阵,0,0,0,0,1,0,0,1,0.24166666666666667
e阶,0,0,0,0,1,0,0,1,0.24166666666666667
全加权情形,0,0,0,0,1,0,0,1,0.24166666666666667
e阶方阵,0,0,0,0,1,0,0,1,0.24166666666666667
阶对角阵,0,0,0,0,1,0,0,1,0.24166666666666667
单位阵,0,0,0,0,1,0,0,1,0.24166666666666667
n阶,0,0,0,0,1,0,0,1,0.24166666666666667
xcrn,0,0,0,0,1,0,0,1,0.24166666666666667
线性矩阵,0,0,0,0,1,0,0,1,0.24166666666666667
维数,0,0,0,0,1,1,0,2,0.48333333333333334
真实数据集,0,0,0,0,1,0,0,1,0.24166666666666667
预测速度,0,0,0,1,0,0,0,1,0.125
非线性svm模型,0,0,0,1,0,0,0,1,0.125
线性,0,0,0,2,0,0,0,2,0.25
数据挖掘模型,0,0,0,1,0,0,0,1,0.125
最小化结构风险,0,0,0,1,0,0,0,1,0.125
离线训练模型,0,0,0,0,0,1,0,1,0.24166666666666667
收敛过程,0,0,0,0,0,1,0,1,0.24166666666666667
离线训练,0,0,0,0,0,1,0,1,0.24166666666666667
模型学习,0,0,0,0,0,1,0,1,0.24166666666666667
描述模型,0,0,0,0,0,1,0,1,0.24166666666666667
时刻感应区域信号,0,0,0,0,0,1,0,1,0.24166666666666667
离线频谱数据,0,0,0,0,0,1,0,1,0.24166666666666667
径向基核函数,0,0,0,4,0,0,0,4,0.5
拉格朗日对偶函数,0,0,0,3,0,0,0,3,0.375
回归函数,0,0,0,3,0,0,0,3,0.375
线性回归函数,0,0,0,3,0,0,0,3,0.375
字符串核函数,0,0,0,2,0,0,0,2,0.25
多层感知机函数,0,0,0,2,0,0,0,2,0.25
多项式核函数,0,0,0,3,0,0,0,3,0.375
映射函数,0,0,0,2,0,0,0,2,0.25
线性svm,0,0,0,2,0,0,0,2,0.25
样本集,0,0,0,2,0,0,0,2,0.25
先验,0,0,0,1,0,0,0,1,0.125
样本数据,0,0,0,1,0,0,0,1,0.125
非线svm,0,0,0,1,0,0,0,1,0.125
生物信息学,0,0,0,1,0,0,0,1,0.125
文本分类,0,0,0,1,0,0,0,1,0.125
信息检索,0,0,0,1,0,0,0,1,0.125
预测效果,0,0,0,1,0,0,0,1,0.125
局部核函数,0,0,0,1,0,0,0,1,0.125
全局核函数,0,0,0,1,0,0,0,1,0.125
泛化能,0,0,0,1,0,0,0,1,0.125
stringkernelfunciton,0,0,0,1,0,0,0,1,0.125
rbf,0,0,0,1,0,0,0,1,0.125
radicalbasisfunction,0,0,0,1,0,0,0,1,0.125
gaussiankernelfunction,0,0,0,1,0,0,0,1,0.125
mlp,0,0,0,1,0,0,0,1,0.125
multi-layerperceptron,0,0,0,1,0,0,0,1,0.125
polynormialkernelfunction,0,0,0,1,0,0,0,1,0.125
内积运算,0,0,0,1,0,0,0,1,0.125
高维空间,0,0,0,1,0,0,0,1,0.125
维数灾难,0,0,0,1,0,0,0,1,0.125
核技巧,0,0,0,1,0,0,0,1,0.125
线性状态,0,0,0,1,0,0,0,1,0.125
经函数,0,0,0,1,0,0,0,1,0.125
低维非线性,0,0,0,1,0,0,0,1,0.125
非线性映射函数,0,0,0,2,0,0,0,2,0.25
非线性回归,0,0,0,2,0,0,0,2,0.25
非线性支持向量回归机,0,0,0,1,0,0,0,1,0.125
svm模型,0,0,0,1,0,0,0,1,0.125
输入向量,0,0,0,1,0,0,0,1,0.125
ak,0,0,0,1,0,0,0,1,0.125
ata,0,0,0,1,0,0,0,1,0.125
maxjd,0,0,0,1,0,0,0,1,0.125
拉格朗日乘子,0,0,0,1,0,0,0,1,0.125
凸二次规划,0,0,0,1,0,0,0,1,0.125
约束条件,0,0,0,2,0,3,0,5,0.975
mmp,0,0,0,1,0,0,0,1,0.125
回归估计,0,0,0,1,0,0,0,1,0.125
松弛因子,0,0,0,1,0,0,0,1,0.125
惩罚参数,0,0,0,1,0,0,0,1,0.125
对数距离,0,0,0,1,0,0,0,1,0.125
极小,0,0,0,1,0,0,0,1,0.125
间距,0,0,0,1,0,0,0,1,0.125
虚线,0,0,0,1,1,0,0,2,0.3666666666666667
-带,0,0,0,1,0,0,0,1,0.125
生产精度,0,0,0,1,0,0,0,1,0.125
平移误差,0,0,0,1,0,0,0,1,0.125
othenvis,0,0,0,1,0,0,0,1,0.125
法向量,0,0,0,1,0,0,0,1,0.125
样本数量,0,0,0,2,0,0,0,2,0.25
样本数据集,0,0,0,2,0,0,0,2,0.25
线性支持向量回归机,0,0,0,1,0,0,0,1,0.125
向量回归机算法,0,0,0,1,0,0,0,1,0.125
参数组,0,0,0,0,0,7,0,7,1.6916666666666667
csa算法,0,0,0,0,0,4,0,4,0.9666666666666667
耦合项,0,0,0,0,0,4,0,4,0.9666666666666667
可能性函数,0,0,0,0,0,2,0,2,0.48333333333333334
损失,0,0,0,0,0,2,0,2,0.48333333333333334
sa算法,0,0,0,0,0,2,0,2,0.48333333333333334
能量,0,0,0,0,0,2,0,2,0.48333333333333334
生成温度,0,0,0,0,0,1,0,1,0.24166666666666667
ip,0,0,0,0,0,1,0,1,0.24166666666666667
exp,0,0,0,0,0,1,0,1,0.24166666666666667
耦合项函数,0,0,0,0,0,1,0,1,0.24166666666666667
几率函数,0,0,0,0,0,1,0,1,0.24166666666666667
计算函数,0,0,0,0,0,1,0,1,0.24166666666666667
接受概率,0,0,0,0,0,1,0,1,0.24166666666666667
接受几率,0,0,0,0,0,1,0,1,0.24166666666666667
接受温度,0,0,0,0,0,1,0,1,0.24166666666666667
k时刻,0,0,0,0,0,1,0,1,0.24166666666666667
最优超参数,0,0,0,0,0,1,0,1,0.24166666666666667
温度更新,0,0,0,0,0,1,0,1,0.24166666666666667
达式,0,0,0,0,0,1,0,1,0.24166666666666667
调整次数,0,0,0,0,0,1,0,1,0.24166666666666667
随机变量,0,0,0,0,0,1,0,1,0.24166666666666667
sa数量,0,0,0,0,0,1,0,1,0.24166666666666667
超参数域,0,0,0,0,0,1,0,1,0.24166666666666667
新超参数,0,0,0,0,0,1,0,1,0.24166666666666667
cosf,0,0,0,0,0,1,0,1,0.24166666666666667
初始参数组,0,0,0,0,0,1,0,1,0.24166666666666667
初始温度,0,0,0,0,0,1,0,1,0.24166666666666667
拟合精度,0,0,0,2,0,1,0,3,0.4916666666666667
信息能量,0,0,0,0,0,1,0,1,0.24166666666666667
接受函数,0,0,0,0,0,1,0,1,0.24166666666666667
概率函数,0,0,0,0,0,1,0,1,0.24166666666666667
信息共享,0,0,0,0,0,1,0,1,0.24166666666666667
模拟退火过程,0,0,0,0,0,1,0,1,0.24166666666666667
局部优化法,0,0,0,0,0,1,0,1,0.24166666666666667
coupledsimulatedanneal,0,0,0,0,0,1,0,1,0.24166666666666667
泛化误差,0,0,0,4,0,0,0,4,0.5
期望风险,0,0,0,1,0,0,0,1,0.125
generalizationerror,0,0,0,1,0,0,0,1,0.125
输出集,0,0,0,1,0,0,0,1,0.125
测试数据集,0,0,0,1,0,0,0,1,0.125
误差项,0,0,0,1,0,0,0,1,0.125
generalizationability,0,0,0,1,0,0,0,1,0.125
组合算法,0,0,0,0,3,0,0,3,0.725
rain,0,0,0,0,2,0,0,2,0.48333333333333334
假期数据,0,0,0,0,1,0,0,1,0.24166666666666667
非假期电力负荷,0,0,0,0,1,0,0,1,0.24166666666666667
非假期数据,0,0,0,0,1,0,0,1,0.24166666666666667
负荷值,0,0,0,0,1,0,0,1,0.24166666666666667
非假期,0,0,0,0,1,0,0,1,0.24166666666666667
int,0,0,0,0,1,0,0,1,0.24166666666666667
预测算法,0,0,0,0,1,0,0,1,0.24166666666666667
期intrain,0,0,0,0,1,0,0,1,0.24166666666666667
训练集,0,0,0,0,1,1,0,2,0.48333333333333334
正负样本,0,0,0,0,1,0,0,1,0.24166666666666667
特征稀疏性,0,0,0,0,1,0,0,1,0.24166666666666667
预测仿真系统,1,0,2,0,0,0,0,3,1.25
频谱数据采集,0,0,2,0,0,0,0,2,0.25
模拟卫星通信系统,1,0,2,0,0,0,0,3,1.25
正算法,0,0,1,0,0,0,0,1,0.125
单纯形法,0,0,1,0,0,13,0,14,3.2666666666666666
me,0,0,1,0,0,0,0,1,0.125
涉密,0,0,1,0,1,0,0,2,0.3666666666666667
纬度信息,0,0,1,0,0,0,0,1,0.125
最小化原则,0,0,1,0,0,0,0,1,0.125
通用过程,0,0,1,0,0,0,0,1,0.125
用户接入,0,0,1,0,0,0,0,1,0.125
地理运动,0,0,1,0,0,0,0,1,0.125
单纯形算法,0,0,1,1,0,1,0,3,0.4916666666666667
特征值,0,0,1,0,0,0,0,1,0.125
fw-lssvmo,0,0,1,0,0,0,0,1,0.125
特征维度度,0,0,1,0,0,0,0,1,0.125
向量算法,0,0,1,0,0,0,0,1,0.125
无线电频谱感知技术,1,0,1,0,0,0,0,2,1.125
数据挖掘算法理论,1,0,1,0,0,0,0,2,1.125
动态接入,0,0,1,0,0,0,0,1,0.125
高效智能,0,0,1,0,0,0,0,1,0.125
动态频谱接入,1,0,1,0,0,0,0,2,1.125
无线频谱,0,0,1,0,0,0,0,1,0.125
自免疫fw-lssvm算法,0,0,0,0,2,0,0,2,0.48333333333333334
免疫fw-lssvm算法,0,0,0,0,1,0,0,1,0.24166666666666667
imp4,0,0,0,0,1,0,0,1,0.24166666666666667
imp3,0,0,0,0,1,0,0,1,0.24166666666666667
imp2,0,0,0,0,1,0,0,1,0.24166666666666667
汤矽向量,0,0,0,0,1,0,0,1,0.24166666666666667
参数数,0,0,0,0,1,0,0,1,0.24166666666666667
参数数值,0,0,0,0,1,0,0,1,0.24166666666666667
练模型,0,0,0,0,1,0,0,1,0.24166666666666667
组号,0,0,0,0,1,0,0,1,0.24166666666666667
收敛特性,0,0,0,0,1,0,0,1,0.24166666666666667
平均cost,0,0,0,0,1,0,0,1,0.24166666666666667
实线,0,0,0,0,1,0,0,1,0.24166666666666667
授权用户,0,0,0,0,15,0,0,15,3.625
非授权用户,0,0,0,0,9,0,0,9,2.175
频谱重用,0,0,0,0,5,0,0,5,1.2083333333333333
接受端,0,0,0,0,4,0,0,4,0.9666666666666667
中断概率,0,0,0,0,3,0,0,3,0.725
通信,0,0,0,0,3,0,0,3,0.725
水平距离,0,0,0,0,2,0,0,2,0.48333333333333334
sinr,0,0,0,0,2,0,0,2,0.48333333333333334
授权,0,0,0,0,2,0,0,2,0.48333333333333334
授权频谱,0,0,0,0,2,0,0,2,0.48333333333333334
空闲频段,0,0,0,0,2,0,0,2,0.48333333333333334
授权频段,0,0,0,0,2,0,0,2,0.48333333333333334
容量,0,0,0,0,1,0,0,1,0.24166666666666667
取值,0,0,0,0,1,0,0,1,0.24166666666666667
概率阀,0,0,0,0,1,0,0,1,0.24166666666666667
b区域授权用户,0,0,0,0,1,0,0,1,0.24166666666666667
地面,0,0,0,0,1,0,0,1,0.24166666666666667
垂直高度,0,0,0,0,1,0,0,1,0.24166666666666667
掉话,0,0,0,0,1,0,0,1,0.24166666666666667
不等,0,0,0,0,1,0,0,1,0.24166666666666667
中断阀,0,0,0,0,1,0,0,1,0.24166666666666667
热噪声,0,0,0,0,1,0,0,1,0.24166666666666667
干扰,0,0,0,0,1,0,0,1,0.24166666666666667
错开,0,0,0,0,1,0,0,1,0.24166666666666667
b区域,0,0,0,0,1,0,0,1,0.24166666666666667
强干扰,0,0,0,0,1,0,0,1,0.24166666666666667
分时复用,0,0,0,0,1,0,0,1,0.24166666666666667
中心,0,0,0,0,1,0,0,1,0.24166666666666667
接收机,0,0,0,0,1,0,0,1,0.24166666666666667
发送机,0,0,0,0,1,0,0,1,0.24166666666666667
路损系数,0,0,0,0,1,0,0,1,0.24166666666666667
均匀分布,0,0,0,0,1,0,0,1,0.24166666666666667
齐点泊松过程,0,0,0,0,1,0,0,1,0.24166666666666667
中心控制台,0,0,0,0,1,0,0,1,0.24166666666666667
权用,0,0,0,0,1,0,0,1,0.24166666666666667
频谱重用模型,0,0,0,0,1,0,0,1,0.24166666666666667
复用b区域,0,0,0,0,1,0,0,1,0.24166666666666667
重用效率,0,0,0,0,1,0,0,1,0.24166666666666667
通信容量,0,0,0,0,1,0,0,1,0.24166666666666667
频段,0,0,0,0,1,0,0,1,0.24166666666666667
用户通信,0,0,0,0,1,0,0,1,0.24166666666666667
授权通信信道,0,0,0,0,1,0,0,1,0.24166666666666667
地面设备通信,0,0,0,0,1,0,0,1,0.24166666666666667
端到端通信,0,0,0,0,1,0,0,1,0.24166666666666667
认知无线电,0,0,0,0,1,0,0,1,0.24166666666666667
频谱数据仿真平台,0,0,0,0,0,1,0,1,0.24166666666666667
数据处理,0,0,0,2,0,0,0,2,0.25
优化,0,0,0,2,0,0,0,2,0.25
nelder-mead,0,0,0,1,0,2,0,3,0.6083333333333334
试凑,0,0,0,1,0,0,0,1,0.125
分布特性,0,0,0,1,0,0,0,1,0.125
固定核函数,0,0,0,1,0,0,0,1,0.125
高斯径向基核函数,0,0,0,1,0,0,0,1,0.125
线性核函数,0,0,0,1,0,0,0,1,0.125
表达式,0,0,0,1,0,0,0,1,0.125
核函,0,0,0,1,0,0,0,1,0.125
mercer,0,0,0,1,0,0,0,1,0.125
方阵,0,0,0,1,0,0,0,1,0.125
单位矩阵,0,0,0,1,0,0,0,1,0.125
线性方程,0,0,0,1,0,0,0,1,0.125
偏导,0,0,0,1,0,0,0,1,0.125
f对偶,0,0,0,1,0,0,0,1,0.125
对偶,0,0,0,1,0,0,0,1,0.125
拉格朗日,0,0,0,1,0,0,0,1,0.125
高维特征空间,0,0,0,1,0,0,0,1,0.125
学习复杂度,0,0,0,1,0,0,0,1,0.125
学习模型,0,0,0,1,0,0,0,1,0.125
误差变量,0,0,0,1,0,0,0,1,0.125
偏差值,0,0,0,1,0,0,0,1,0.125
维特征空间,0,0,0,1,0,0,0,1,0.125
ssvm算法,0,0,0,1,0,0,0,1,0.125
大规模数据集,0,0,0,1,0,0,0,1,0.125
训练效率,0,0,0,1,0,0,0,1,0.125
n维线性方程组,0,0,0,1,0,0,0,1,0.125
uck,0,0,0,1,0,0,0,1,0.125
平方,0,0,0,1,0,0,0,1,0.125
leastsquaresupportvector,0,0,0,1,0,0,0,1,0.125
二乘支持向量机,0,0,0,1,0,0,0,1,0.125
最小,0,0,0,1,0,0,0,1,0.125
ken,0,0,0,1,0,0,0,1,0.125
su,0,0,0,1,0,0,0,1,0.125
线性规划,0,0,0,0,0,6,0,6,1.45
停止规则,0,0,0,0,0,2,0,2,0.48333333333333334
单纯形标准软件,0,0,0,0,0,1,0,1,0.24166666666666667
个数,0,0,0,0,0,1,0,1,0.24166666666666667
检验数,0,0,0,0,0,1,0,1,0.24166666666666667
迭代运算,0,0,0,0,0,1,0,1,0.24166666666666667
基变量,0,0,0,0,0,1,0,1,0.24166666666666667
非基变量,0,0,0,0,0,1,0,1,0.24166666666666667
典型方程组,0,0,0,0,0,1,0,1,0.24166666666666667
约束方程组,0,0,0,0,0,1,0,1,0.24166666666666667
约束,0,0,0,0,0,1,0,1,0.24166666666666667
最优解,0,0,0,0,0,1,0,1,0.24166666666666667
可行解,0,0,0,0,0,1,0,1,0.24166666666666667
凸集,0,0,0,0,0,1,0,1,0.24166666666666667
多面凸集,0,0,0,0,0,1,0,1,0.24166666666666667
向量空间,0,0,0,0,0,1,0,1,0.24166666666666667
数学家,0,0,0,0,0,1,0,1,0.24166666666666667
丹齐克,0,0,0,0,0,1,0,1,0.24166666666666667
超出数,0,0,0,0,0,1,0,1,0.24166666666666667
爬山算法,0,0,0,0,0,4,0,4,0.9666666666666667
搜索过程,0,0,0,0,0,1,0,1,0.24166666666666667
随机因素,0,0,0,0,0,1,0,1,0.24166666666666667
贪心策略,0,0,0,0,0,1,0,1,0.24166666666666667
爬山法,0,0,0,0,0,1,0,1,0.24166666666666667
贪心搜索,0,0,0,0,0,1,0,1,0.24166666666666667
临近解集群,0,0,0,0,0,1,0,1,0.24166666666666667
多面体,0,0,0,0,0,6,0,6,1.45
反射,0,0,0,0,0,4,0,4,0.9666666666666667
扩张,0,0,0,0,0,3,0,3,0.725
顶点,0,0,0,0,0,3,0,3,0.725
质心,0,0,0,0,0,3,0,3,0.725
最差顶点,0,0,0,0,0,3,0,3,0.725
nelder-mead法,0,0,0,0,0,2,0,2,0.48333333333333334
反射点,0,0,0,0,0,2,0,2,0.48333333333333334
s折交叉,0,0,0,0,0,2,0,2,0.48333333333333334
系数,0,0,0,0,0,2,0,2,0.48333333333333334
压缩,0,0,0,0,0,2,0,2,0.48333333333333334
内压缩,0,0,0,0,0,2,0,2,0.48333333333333334
交叉验证,0,0,0,0,0,1,0,1,0.24166666666666667
元素,0,0,0,0,0,1,0,1,0.24166666666666667
变换,0,0,0,0,0,1,0,1,0.24166666666666667
循环次数,0,0,0,0,0,1,0,1,0.24166666666666667
xn,0,0,0,0,0,1,0,1,0.24166666666666667
外收缩,0,0,0,0,0,1,0,1,0.24166666666666667
内收缩,0,0,0,0,0,1,0,1,0.24166666666666667
变量命名,0,0,0,0,0,1,0,1,0.24166666666666667
访归,0,0,0,0,0,1,0,1,0.24166666666666667
标准函数,0,0,0,0,0,1,0,1,0.24166666666666667
维空间,0,0,0,0,0,1,0,1,0.24166666666666667
搜索步长,0,0,0,0,0,1,0,1,0.24166666666666667
方向梯度,0,0,0,0,0,1,0,1,0.24166666666666667
centroid,0,0,0,0,0,1,0,1,0.24166666666666667
shrinking,0,0,0,0,0,1,0,1,0.24166666666666667
整体收缩,0,0,0,0,0,1,0,1,0.24166666666666667
innercontraction,0,0,0,0,0,1,0,1,0.24166666666666667
outercontraction,0,0,0,0,0,1,0,1,0.24166666666666667
夕卜压缩,0,0,0,0,0,1,0,1,0.24166666666666667
expansion,0,0,0,0,0,1,0,1,0.24166666666666667
mw-xn,0,0,0,0,0,1,0,1,0.24166666666666667
reflection,0,0,0,0,0,1,0,1,0.24166666666666667
几何约束条,0,0,0,0,0,1,0,1,0.24166666666666667
单纯形顶点数,0,0,0,0,0,1,0,1,0.24166666666666667
单纯形维数,0,0,0,0,0,1,0,1,0.24166666666666667
整体收缩操,0,0,0,0,0,1,0,1,0.24166666666666667
最优解运动,0,0,0,0,0,1,0,1,0.24166666666666667
单纯,0,0,0,0,0,1,0,1,0.24166666666666667
外压缩,0,0,0,0,0,1,0,1,0.24166666666666667
质心说,0,0,0,0,0,1,0,1,0.24166666666666667
曲线拟合程序,0,0,0,0,0,1,0,1,0.24166666666666667
非线性函数,0,0,0,0,0,1,0,1,0.24166666666666667
下山单纯形算法,0,0,0,0,0,1,0,1,0.24166666666666667
寻优过,0,0,0,0,1,0,0,1,0.24166666666666667
超参数个数,0,0,0,0,0,1,0,1,0.24166666666666667
4维数据,0,0,0,0,0,1,0,1,0.24166666666666667
10折交叉验证,0,0,0,0,0,1,0,1,0.24166666666666667
频谱数据集,1,0,0,0,0,0,0,1,1.0
地理运动模块,1,0,0,0,0,0,0,1,1.0
用户接入模块,1,0,0,0,0,0,0,1,1.0
信号产生模块,1,0,0,0,0,0,0,1,1.0
特征维度数据,1,0,0,0,0,0,0,1,1.0
在线预测算,1,0,0,0,0,0,0,1,1.0
无线通信技术,1,0,0,0,0,0,0,1,1.0
