,摘要,关键词,第一章,第二章,第三章,第四章,第五章,总词频,加权得分
信道,3,0,27,16,11,50,0,107,23.116666666666667
otfs系统,0,0,11,6,19,7,2,45,8.891666666666666
复杂度,1,0,4,2,6,2,2,17,4.166666666666666
dncnn网络,0,0,2,0,0,6,0,8,1.7
信道估计,3,1,11,2,1,7,3,28,9.283333333333333
性能,2,0,6,4,12,11,1,36,9.05
信号检测,3,1,5,6,9,5,2,31,10.241666666666667
深度学习,5,1,28,40,8,10,6,98,21.3
系统性能,0,0,1,0,0,0,0,1,0.125
卷积层数,0,0,1,0,0,0,0,1,0.125
信道估计网络,0,0,1,1,0,2,1,5,0.975
信号检测网络,4,0,2,2,6,2,1,17,6.675
信道估,0,0,1,0,0,2,0,3,0.6083333333333334
dncnn,2,0,3,0,0,26,0,31,8.658333333333333
去噪,0,0,2,0,0,2,0,4,0.7333333333333334
层数,0,0,1,1,2,1,0,5,0.975
降噪,0,0,1,0,0,1,0,2,0.3666666666666667
二维图像去噪,0,0,1,0,0,0,0,1,0.125
二维图像,0,0,2,1,0,3,0,6,1.1
二维信道,0,0,4,0,1,5,0,10,1.95
延迟多普勒域,0,0,7,7,1,8,0,23,3.925
信道信息,0,0,4,1,0,15,0,20,4.25
阈值,1,0,3,0,0,8,1,13,3.55
检测网络,0,0,1,0,3,0,0,4,0.85
深度学习信号,0,0,2,0,5,0,0,7,1.4583333333333333
otfs,5,0,25,10,7,12,5,64,15.175
5线信道,0,0,1,0,0,0,0,1,0.125
高速移动通信,0,0,1,1,0,0,0,2,0.25
均衡器,0,0,1,0,0,0,0,1,0.125
otfs线性均衡器,0,0,1,0,0,0,0,1,0.125
收发关系,0,0,1,0,0,0,0,1,0.125
otfs通信系统,0,0,1,0,1,0,0,2,0.3666666666666667
信号,0,0,12,14,17,4,1,48,8.566666666666666
多载波符号,0,0,2,7,2,0,0,11,1.6083333333333334
多普勒频偏,0,0,8,6,0,2,0,16,2.2333333333333334
矩阵,0,0,1,9,4,0,0,14,2.216666666666667
发送滤波器,0,0,0,5,0,0,0,5,0.625
符号,0,0,1,5,8,6,0,20,4.133333333333333
时频域,0,0,2,5,6,4,0,17,3.2916666666666665
接收端,0,0,3,5,2,6,0,16,2.9333333333333336
信息符号,0,0,0,5,8,4,0,17,3.525
滤波器,0,0,0,4,7,1,0,12,2.4333333333333336
ofdm,0,0,11,4,0,2,1,18,2.6
无线信道,0,0,1,4,1,0,0,6,0.8666666666666667
时频信号,0,0,1,4,0,0,0,5,0.625
矩形滤波器,0,0,2,3,3,1,0,9,1.5916666666666668
接收信号,0,0,2,5,12,3,0,22,4.5
矩形窗,0,0,1,3,0,0,0,4,0.5
延迟多普勒网格,0,0,0,3,0,1,0,4,0.6166666666666667
维格纳变换,0,0,0,3,0,0,0,3,0.375
收发滤波器,0,0,2,2,1,0,0,5,0.7416666666666667
接收滤波器,0,0,0,2,0,0,0,2,0.25
发送信号,0,0,3,4,11,2,0,20,4.016666666666667
多普勒信道,0,0,0,2,0,0,0,2,0.25
子载波数,0,0,0,2,1,1,0,4,0.7333333333333334
信号径,0,0,0,2,0,1,0,3,0.4916666666666667
持续时间,0,0,0,2,0,0,0,2,0.25
子载波间隔,0,0,0,2,2,1,0,5,0.975
时频网格,0,0,0,2,0,2,0,4,0.7333333333333334
ifft,0,0,2,2,1,0,0,5,0.7416666666666667
fft,0,0,2,2,0,0,0,4,0.5
向量,0,0,0,3,2,0,0,5,0.8583333333333334
多普勒维,0,0,0,2,2,0,0,4,0.7333333333333334
延迟多普勒二维网格,0,0,0,2,0,0,0,2,0.25
sfft,0,0,1,2,2,0,0,5,0.8583333333333334
海森堡变换,0,0,0,2,0,0,0,2,0.25
isfft,0,0,2,2,2,0,0,6,0.9833333333333334
矩阵变换,0,0,0,1,0,0,0,1,0.125
矩阵运算表达式,0,0,0,1,0,0,0,1,0.125
otfs符号,0,0,0,1,0,0,0,1,0.125
evj,0,0,0,1,0,0,0,1,0.125
分集增益,0,0,1,1,0,0,0,2,0.25
运算时间消耗,0,0,0,1,0,0,0,1,0.125
存储空间消耗,0,0,0,1,0,0,0,1,0.125
信道矩阵,0,0,3,1,9,0,0,13,2.675
发送信号矩阵,0,0,0,1,0,0,0,1,0.125
时频域接收信号,0,0,0,1,0,0,0,1,0.125
圖血石,0,0,0,1,0,0,0,1,0.125
时频双正交性,0,0,1,1,0,0,0,2,0.25
tfs,0,0,0,1,0,0,0,1,0.125
加性高斯白噪,0,0,0,1,0,0,0,1,0.125
零均值,0,0,0,3,3,0,0,6,1.1
符号间干扰,1,0,2,1,2,0,1,7,2.1
多径时延,0,0,0,1,0,1,0,2,0.3666666666666667
干扰,0,0,2,1,1,3,0,7,1.3416666666666668
子载波间干扰,1,0,0,1,1,0,1,4,1.6083333333333334
nla,0,0,0,1,0,0,0,1,0.125
fft变换,0,0,0,1,0,0,0,1,0.125
逆运算,0,0,0,1,0,0,0,1,0.125
unvec,0,0,0,1,0,0,0,1,0.125
时频域网格,0,0,0,1,0,0,0,1,0.125
匹配滤波器,0,0,0,1,0,0,0,1,0.125
时频,0,0,0,1,0,0,0,1,0.125
延迟多普勒信号,0,0,0,1,1,0,0,2,0.3666666666666667
逆变换,0,0,0,1,0,0,0,1,0.125
矩阵表达,0,0,0,1,0,0,0,1,0.125
坐标,0,0,0,1,2,1,0,4,0.85
相位,0,0,0,1,0,0,0,1,0.125
循环,0,0,0,1,0,0,0,1,0.125
延迟,0,0,1,1,0,0,0,2,0.25
径信号,0,0,0,1,0,0,0,1,0.125
时延影响,0,0,0,1,0,0,0,1,0.125
信道噪声,0,0,0,2,1,1,0,4,0.7333333333333334
卷积,0,0,0,4,0,0,0,4,0.5
延迟多普勒信道,0,0,0,1,0,0,0,1,0.125
延迟维下,0,0,0,1,0,0,0,1,0.125
kv4v,0,0,0,1,0,0,0,1,0.125
推导论证,0,0,0,1,0,0,0,1,0.125
整数,0,0,1,1,0,0,0,2,0.25
整数多普勒径,0,0,0,1,0,0,0,1,0.125
小数多普勒频偏,0,0,0,1,0,0,0,1,0.125
多普勒特性,0,0,0,1,0,0,0,1,0.125
信道延迟,0,0,0,1,0,0,0,1,0.125
otfs信号,3,0,2,6,3,3,0,17,5.45
总符号数,0,0,0,1,0,0,0,1,0.125
多普勒域网格间隔,0,0,0,1,0,0,0,1,0.125
小数时延,0,0,0,1,0,0,0,1,0.125
时延分辨率,0,0,0,1,0,0,0,1,0.125
网格,0,0,0,1,0,0,0,1,0.125
延迟大小,0,0,0,1,0,0,0,1,0.125
冲激函数,1,0,0,1,0,0,0,2,1.125
信道增益,0,0,0,1,0,0,0,1,0.125
延时大,0,0,0,1,0,0,0,1,0.125
多径总数,0,0,0,1,2,1,0,4,0.85
时延,0,0,0,1,0,2,0,3,0.6083333333333334
散射遮挡,0,0,0,1,0,0,0,1,0.125
高速移动场景,0,0,0,1,0,0,0,1,0.125
无线通信系统,0,0,0,2,0,0,0,2,0.25
后处理过程,0,0,0,1,0,0,0,1,0.125
预处理,0,0,0,1,0,0,0,1,0.125
克罗内克积,0,0,0,1,0,0,0,1,0.125
if,0,0,0,1,0,0,0,1,0.125
信号向量,0,0,0,1,0,0,0,1,0.125
二维矩阵,0,0,0,2,0,0,0,2,0.25
严刃昭恣,0,0,0,1,0,0,0,1,0.125
海森堡变换处理信号,0,0,0,1,0,0,0,1,0.125
时域网格间隔,0,0,0,1,0,0,0,1,0.125
通信系统,0,0,3,15,0,0,1,19,2.4916666666666667
信息传输,0,0,0,1,0,0,0,1,0.125
间隔,0,0,0,1,0,0,0,1,0.125
频域网格,0,0,0,1,0,0,0,1,0.125
时频二维网格,0,0,0,1,0,0,0,1,0.125
共辄转置,0,0,0,1,0,0,0,1,0.125
变换矩阵,0,0,0,1,0,0,0,1,0.125
离散傅里叶,0,0,0,1,0,0,0,1,0.125
时域符号,0,0,0,1,0,0,0,1,0.125
多普勒域符号,0,0,0,1,0,0,0,1,0.125
频域符号,0,0,0,1,0,0,0,1,0.125
延迟域符号,0,0,0,1,0,0,0,1,0.125
时频域符号,0,0,0,1,0,0,0,1,0.125
isfft变换,0,0,0,1,0,0,0,1,0.125
多普勒维网格间隔,0,0,0,1,0,0,0,1,0.125
延迟维网格间隔,0,0,0,1,0,0,0,1,0.125
总点数,0,0,0,1,0,0,0,1,0.125
延迟维总点数,0,0,0,1,0,0,0,1,0.125
发送端,0,0,0,1,0,4,0,5,1.0916666666666668
延迟多普勒域符号,0,0,0,1,0,1,0,2,0.3666666666666667
wignertransfbrm,0,0,0,1,0,0,0,1,0.125
时域信号,0,0,1,1,0,0,0,2,0.25
调制,0,0,1,2,0,0,0,3,0.375
heisenbergtransfbrm,0,0,0,1,0,0,0,1,0.125
连续多载波符号,0,0,0,1,0,0,0,1,0.125
延迟多普勒域网格点,0,0,0,1,0,0,0,1,0.125
qam,0,0,0,1,0,0,0,1,0.125
数据,0,0,8,19,12,1,0,40,6.516666666666667
otfs收发系统,0,0,2,1,0,0,1,4,0.6166666666666667
深度学习神经网络,0,0,3,4,8,2,1,18,3.533333333333333
信号检测神经网络,0,0,2,0,3,0,0,5,0.975
解调,1,0,0,3,13,1,0,18,4.758333333333333
otfs信道均衡算法,0,0,0,0,1,0,0,1,0.24166666666666667
mp算法,1,0,3,0,22,1,3,30,7.658333333333333
非线性检测算法,0,0,1,0,4,0,0,5,1.0916666666666668
lmmse算法,0,0,1,0,6,0,0,7,1.575
zf算法,0,0,0,0,7,0,0,7,1.6916666666666667
线性检测算法,1,0,2,0,5,0,1,9,2.7
信号检测算,0,0,0,0,1,0,0,1,0.24166666666666667
叠加噪声,0,0,0,0,1,0,0,1,0.24166666666666667
迭代次数,0,0,1,5,9,4,0,19,3.8916666666666666
深度,0,0,1,0,0,8,0,9,2.0583333333333336
误比特率,1,0,0,0,10,2,0,13,3.9
信噪比,0,0,0,0,7,2,0,9,2.175
弱径,0,0,0,0,0,2,0,2,0.48333333333333334
仿真,2,0,1,0,4,3,1,11,4.058333333333334
感受野,0,0,0,1,0,7,0,8,1.8166666666666667
估计信道,0,0,0,0,0,2,0,2,0.48333333333333334
dncnn层数,0,0,0,0,0,2,0,2,0.48333333333333334
otfs信道,1,0,5,0,0,9,2,17,4.283333333333333
信道优化系统,0,0,0,0,0,1,0,1,0.24166666666666667
鲁棒,0,0,2,0,0,1,0,3,0.4916666666666667
深度学习方法,0,0,3,3,0,1,0,7,0.9916666666666667
神经网络,0,0,14,31,45,5,1,96,17.95
mp算,0,0,0,0,0,1,0,1,0.24166666666666667
误比特率性能,0,0,0,0,1,1,0,2,0.48333333333333334
理想信道,0,0,0,0,0,1,0,1,0.24166666666666667
snr,0,0,0,0,1,1,0,2,0.48333333333333334
接收器,0,0,1,0,1,1,0,3,0.6083333333333334
耗时,0,0,0,0,3,1,0,4,0.9666666666666667
时间复杂度,1,0,1,0,0,2,0,4,1.6083333333333334
信道图像,0,0,0,0,0,8,0,8,1.9333333333333333
曲线图,0,0,0,0,0,1,0,1,0.24166666666666667
be,0,0,0,0,0,1,0,1,0.24166666666666667
ber,1,0,0,0,4,1,0,6,2.208333333333333
收敛性能,0,0,0,0,0,1,0,1,0.24166666666666667
检测算法,0,0,1,0,3,1,1,6,1.3333333333333333
去噪性能,0,0,0,0,0,2,0,2,0.48333333333333334
噪声影响,0,0,0,0,0,2,0,2,0.48333333333333334
gma,0,0,0,0,1,1,0,2,0.48333333333333334
sigma,0,0,0,0,0,1,0,1,0.24166666666666667
pilotsnr,0,0,0,0,0,1,0,1,0.24166666666666667
二维信道图像,1,0,0,0,0,3,0,4,1.725
拟合,0,0,0,0,0,1,0,1,0.24166666666666667
优化收敛,0,0,0,0,0,1,0,1,0.24166666666666667
曲线,0,0,1,0,0,1,0,2,0.3666666666666667
深度影响,0,0,0,0,0,1,0,1,0.24166666666666667
snrp,0,0,0,0,0,2,0,2,0.48333333333333334
优化次数,0,0,0,0,0,1,0,1,0.24166666666666667
学习速率,0,0,0,10,1,1,0,12,1.7333333333333334
mse,1,0,0,0,0,1,0,2,1.2416666666666667
真实信道,0,0,0,0,0,3,0,3,0.725
移动速度,0,0,1,0,2,1,0,4,0.85
信道模型,0,0,1,2,2,1,0,6,1.1
载波符号数,0,0,0,0,0,1,0,1,0.24166666666666667
hz,0,0,0,0,0,1,0,1,0.24166666666666667
载波,0,0,0,0,0,1,0,1,0.24166666666666667
仿真参数,0,0,0,0,0,1,0,1,0.24166666666666667
siso系统,0,0,0,0,0,1,0,1,0.24166666666666667
性能评,0,0,0,0,0,1,0,1,0.24166666666666667
性能评估,0,0,0,0,1,1,0,2,0.48333333333333334
模型,0,0,5,16,5,0,0,26,3.833333333333333
数据驱动,0,0,1,9,3,0,1,14,2.216666666666667
可训练参数,0,0,1,5,0,0,0,6,0.75
oamp检测器,0,0,0,2,0,0,0,2,0.25
检测器,0,0,1,2,0,0,0,3,0.375
未知参数,0,0,0,2,0,0,0,2,0.25
先验知识,0,0,0,2,0,0,0,2,0.25
先验,0,0,0,1,0,0,0,1,0.125
样本,0,0,0,5,0,0,0,5,0.625
数据集,0,0,1,2,0,0,0,3,0.375
系统结构,0,0,0,1,0,0,0,1,0.125
时变信道,0,0,4,1,0,0,0,5,0.625
mimo通信,0,0,0,1,0,0,0,1,0.125
mimo信道,0,0,0,1,0,0,0,1,0.125
瑞利信道,0,0,0,1,0,0,0,1,0.125
变量,0,0,0,3,2,0,0,5,0.8583333333333334
关键变量,0,0,0,1,0,0,0,1,0.125
信号流,0,0,0,1,0,0,0,1,0.125
迭代过程,0,0,0,1,0,0,0,1,0.125
模型参数,0,0,0,2,0,0,0,2,0.25
机器学习,0,0,2,3,0,0,0,5,0.625
信道分布,0,0,0,1,0,0,0,1,0.125
迭代算法,0,0,1,1,0,0,0,2,0.25
最优检测器,0,0,0,1,0,0,0,1,0.125
bayesian,0,0,0,1,0,0,0,1,0.125
mimo系统,0,0,3,1,2,0,0,6,0.9833333333333334
训练,0,0,0,1,0,0,0,1,0.125
参数,0,0,5,23,9,1,0,38,5.916666666666666
信息理论,0,0,0,1,0,0,0,1,0.125
物理机制,0,0,0,1,0,0,0,1,0.125
优化,0,0,0,2,0,1,0,3,0.4916666666666667
优化算法,0,0,1,5,1,0,0,7,0.9916666666666667
深度模拟,0,0,0,1,0,0,0,1,0.125
收敛速度,0,0,0,1,0,0,0,1,0.125
约束条件,0,0,0,1,0,0,0,1,0.125
建模,0,0,0,1,0,0,0,1,0.125
模型驱动,0,0,0,1,0,0,2,3,0.6083333333333334
空间,0,0,0,1,2,0,0,3,0.6083333333333334
机制,0,0,0,1,0,0,0,1,0.125
通信系统结构,0,0,0,1,0,0,0,1,0.125
模块,0,0,0,1,0,0,0,1,0.125
残差,0,0,0,0,7,4,0,11,2.658333333333333
绝对值,0,0,0,2,5,0,0,7,1.4583333333333333
均值,0,0,0,1,5,2,0,8,1.8166666666666667
虚部,0,0,0,0,3,0,0,3,0.725
实部,0,0,0,0,3,0,0,3,0.725
函数,0,0,0,11,6,0,0,17,2.825
损失函数,0,0,1,17,11,2,0,31,5.391666666666667
正负符号,0,0,0,0,2,0,0,2,0.48333333333333334
小峰值,0,0,0,0,2,0,0,2,0.48333333333333334
残差图像,0,0,0,0,2,0,0,2,0.48333333333333334
mimo,1,0,1,0,5,0,0,7,2.333333333333333
比特信,0,0,0,0,1,0,0,1,0.24166666666666667
网络模型,0,0,1,1,1,0,0,3,0.4916666666666667
网络单元,0,0,0,0,12,0,0,12,2.9
训练参数,0,0,1,1,2,0,0,4,0.7333333333333334
非线性迭代过程,0,0,1,0,1,0,0,2,0.3666666666666667
神经网络单元,0,0,2,5,1,0,0,8,1.1166666666666667
检测信号,0,0,0,1,1,0,0,2,0.3666666666666667
信息,0,0,0,2,4,0,0,6,1.2166666666666668
运算,0,0,0,1,1,0,0,2,0.3666666666666667
fcouniy,0,0,0,0,1,0,0,1,0.24166666666666667
多普勒维均值,0,0,0,0,1,0,0,1,0.24166666666666667
延迟维均值,0,0,0,0,1,0,0,1,0.24166666666666667
耳品,0,0,0,0,1,0,0,1,0.24166666666666667
沿延迟维,0,0,0,0,1,0,0,1,0.24166666666666667
大峰值,0,0,0,0,1,0,0,1,0.24166666666666667
数值,0,0,0,2,1,0,0,3,0.4916666666666667
软信息,0,0,0,0,2,0,0,2,0.48333333333333334
qpsk调制,0,0,0,0,1,0,0,1,0.24166666666666667
非线性迭代时,0,0,0,0,1,0,0,1,0.24166666666666667
多径效应,0,0,1,0,1,0,1,3,0.6083333333333334
列向量,0,0,0,0,1,0,0,1,0.24166666666666667
二维数据,0,0,0,0,1,0,0,1,0.24166666666666667
ohox,0,0,0,0,1,0,0,1,0.24166666666666667
ou,0,0,0,0,1,0,0,1,0.24166666666666667
otfs块,0,0,0,0,6,4,0,10,2.4166666666666665
接收天线,0,0,0,0,1,0,0,1,0.24166666666666667
发送天线,0,0,0,0,1,0,0,1,0.24166666666666667
投影梯度下降法,0,0,0,0,1,0,0,1,0.24166666666666667
hry-hrhx,0,0,0,0,1,0,0,1,0.24166666666666667
scnet,0,0,0,0,27,0,3,30,7.25
内存,0,0,0,1,1,0,0,2,0.3666666666666667
近似信道矩阵,0,0,0,0,1,0,0,1,0.24166666666666667
vec,0,0,0,0,1,0,0,1,0.24166666666666667
点乘,0,0,0,0,3,0,0,3,0.725
噪声,0,0,0,0,7,5,0,12,2.9
导频,1,0,8,3,1,29,0,42,9.625
数据符号,0,0,0,0,0,6,0,6,1.45
保护间隔,0,0,0,0,0,11,0,11,2.658333333333333
otfs信道估计,0,0,0,0,0,2,0,2,0.48333333333333334
接收机,0,0,0,4,0,1,0,5,0.7416666666666667
otfs帧,0,0,0,0,0,1,0,1,0.24166666666666667
otfs导频信号,0,0,0,0,0,1,0,1,0.24166666666666667
ofdm信道,0,0,0,0,0,1,0,1,0.24166666666666667
时频域信道矩阵,0,0,0,0,0,1,0,1,0.24166666666666667
冲激响应信息,0,0,0,0,0,1,0,1,0.24166666666666667
携带信道,0,0,0,0,0,1,0,1,0.24166666666666667
导频信号,0,0,2,0,0,4,0,6,1.2166666666666668
误码性能,0,0,0,0,0,1,0,1,0.24166666666666667
高速移动,1,0,3,0,0,1,0,5,1.6166666666666667
噪声方差,0,0,1,0,2,0,0,3,0.6083333333333334
均衡效果,0,0,0,0,1,0,0,1,0.24166666666666667
多径信道,0,0,0,0,2,0,0,2,0.48333333333333334
lmmse,0,0,1,0,9,0,1,11,2.5416666666666665
均衡系数,0,0,0,0,3,0,0,3,0.725
均方误差,1,0,2,0,1,0,0,4,1.4916666666666667
mmse算法,0,0,0,0,1,0,0,1,0.24166666666666667
detnet,0,0,0,0,27,0,2,29,7.008333333333334
网络,0,0,1,12,13,5,0,31,5.975
连边数,0,0,0,0,8,0,0,8,1.9333333333333333
单元,0,0,0,0,6,0,0,6,1.45
稀疏连接,0,0,1,0,4,0,0,5,1.0916666666666668
规范化函数,0,0,0,0,3,0,0,3,0.725
激活函数,0,0,0,14,6,3,0,23,3.925
维度,0,0,1,0,4,0,1,6,1.3333333333333333
输出层,0,0,0,13,5,0,0,18,2.833333333333333
步长,0,0,0,6,3,0,0,9,1.475
系数,0,0,0,0,3,0,0,3,0.725
非线性函数,0,0,0,2,2,0,0,4,0.7333333333333334
偏置,0,0,0,2,2,0,0,4,0.7333333333333334
输入,0,0,0,0,2,0,0,2,0.48333333333333334
迭代,0,0,0,2,6,0,0,8,1.7
投影梯度,0,0,0,0,2,0,0,2,0.48333333333333334
检测性能,1,0,1,0,4,0,1,7,2.333333333333333
收敛性,0,0,0,0,1,0,0,1,0.24166666666666667
计算量,0,0,0,1,1,0,0,2,0.3666666666666667
scnet损失函数,0,0,0,0,1,0,0,1,0.24166666666666667
可逆条件,0,0,0,0,1,0,0,1,0.24166666666666667
逆操作,0,0,0,0,1,0,0,1,0.24166666666666667
ls估计,0,0,0,0,1,0,0,1,0.24166666666666667
函数运算,0,0,0,2,1,0,0,3,0.4916666666666667
误差,0,0,0,0,5,0,0,5,1.2083333333333333
随机性,0,0,0,0,1,0,0,1,0.24166666666666667
噪声项,0,0,0,0,1,0,0,1,0.24166666666666667
未知噪声,0,0,0,0,1,0,0,1,0.24166666666666667
吋叭,0,0,0,0,1,0,0,1,0.24166666666666667
xf,0,0,0,0,1,0,0,1,0.24166666666666667
哈达玛积,0,0,0,0,1,0,0,1,0.24166666666666667
隐藏层,0,0,0,15,2,0,0,17,2.3583333333333334
全连接结构,0,0,0,2,1,0,0,3,0.4916666666666667
函数关系,0,0,0,0,2,0,0,2,0.48333333333333334
输入向量,0,0,0,0,1,0,0,1,0.24166666666666667
自变量,0,0,0,5,1,0,0,6,0.8666666666666667
全连接层,0,0,1,0,1,0,0,2,0.3666666666666667
特征,0,0,0,7,2,0,0,9,1.3583333333333334
高维,0,0,0,0,1,0,0,1,0.24166666666666667
隐藏层映射,0,0,0,0,1,0,0,1,0.24166666666666667
资源,0,0,0,0,1,0,0,1,0.24166666666666667
u*,0,0,0,0,1,0,0,1,0.24166666666666667
非线性特性,0,0,0,0,1,0,0,1,0.24166666666666667
非线性因素,0,0,0,0,1,0,0,1,0.24166666666666667
u-,0,0,0,0,1,0,0,1,0.24166666666666667
4scnet,0,0,0,0,1,0,0,1,0.24166666666666667
全连接,0,0,0,2,1,0,0,3,0.4916666666666667
detneto,0,0,0,0,1,0,0,1,0.24166666666666667
检测结果,0,0,0,0,1,0,0,1,0.24166666666666667
层维度,0,0,0,0,1,0,0,1,0.24166666666666667
隐藏层激活函数,0,0,0,1,1,0,0,2,0.3666666666666667
隐藏层神经单元,0,0,0,0,3,0,0,3,0.725
输入层维度,0,0,0,0,1,0,0,1,0.24166666666666667
乞维度,0,0,0,0,1,0,0,1,0.24166666666666667
矩阵维度,0,0,0,0,1,0,0,1,0.24166666666666667
三层网络,0,0,0,0,1,0,0,1,0.24166666666666667
3detnet,0,0,0,0,1,0,0,1,0.24166666666666667
正数,0,0,0,1,1,0,0,2,0.3666666666666667
分母,0,0,0,0,1,0,0,1,0.24166666666666667
收敛,0,0,0,6,2,1,0,9,1.475
震荡,0,0,0,2,2,0,0,4,0.7333333333333334
可训练变量,0,0,1,2,1,0,0,4,0.6166666666666667
数学,0,0,0,0,1,0,0,1,0.24166666666666667
网络会,0,0,0,0,1,0,0,1,0.24166666666666667
权重,0,0,0,2,1,0,0,3,0.4916666666666667
连接操作,0,0,0,0,1,0,0,1,0.24166666666666667
concatenate,0,0,0,0,1,0,0,1,0.24166666666666667
etnet网络,0,0,0,0,1,0,0,1,0.24166666666666667
信号信息,0,0,0,0,1,0,0,1,0.24166666666666667
内部结构,0,0,0,0,1,0,0,1,0.24166666666666667
网络层,0,0,0,0,1,1,0,2,0.48333333333333334
隐藏,0,0,0,0,1,0,0,1,0.24166666666666667
神经单元,0,0,0,2,5,0,0,7,1.4583333333333333
dnn,0,0,0,31,11,0,0,42,6.533333333333333
全零向量,0,0,0,0,1,0,0,1,0.24166666666666667
变量矩阵,0,0,0,0,1,0,0,1,0.24166666666666667
变量输,0,0,0,0,1,0,0,1,0.24166666666666667
迭代模拟,0,0,0,0,2,0,0,2,0.48333333333333334
hi,0,0,0,0,1,0,0,1,0.24166666666666667
更新检测,0,0,0,0,1,0,0,1,0.24166666666666667
hrh,0,0,0,0,1,0,0,1,0.24166666666666667
hry,0,0,0,0,1,0,0,1,0.24166666666666667
detnet网络,0,0,0,0,1,0,0,1,0.24166666666666667
等概二进制符号,0,0,0,0,1,0,0,1,0.24166666666666667
加性高斯白噪声,0,0,0,0,2,0,0,2,0.48333333333333334
手动编程解调,0,0,0,0,1,0,0,1,0.24166666666666667
检测,0,0,1,0,2,0,0,3,0.6083333333333334
转置,0,0,0,0,1,0,0,1,0.24166666666666667
非线性函数关系,0,0,0,0,1,0,0,1,0.24166666666666667
massivemimo信号,0,0,0,0,1,0,0,1,0.24166666666666667
detnet信号检测网络,0,0,0,0,1,0,0,1,0.24166666666666667
mimo信号,0,0,2,0,1,0,0,3,0.4916666666666667
无线通信,1,0,2,6,0,0,0,9,2.0
cnn,0,0,0,3,0,1,0,4,0.6166666666666667
卷积神经网络,0,0,1,2,0,1,0,4,0.6166666666666667
深度神经网络,0,0,0,2,0,0,0,2,0.25
手动编程算法,0,0,0,1,0,0,0,1,0.125
并发架构,0,0,0,1,0,0,0,1,0.125
精度数据,0,0,0,1,0,0,0,1,0.125
鲁棒性,0,0,2,2,2,0,0,6,0.9833333333333334
深度学习通信系统,0,0,0,1,0,0,0,1,0.125
通信,2,0,7,1,0,0,0,10,3.0
通信系统数学模型,0,0,0,1,0,0,0,1,0.125
训练数据,0,0,0,3,0,0,0,3,0.375
纯数据驱动,0,0,0,1,0,0,0,1,0.125
通信环境,0,0,0,1,0,0,0,1,0.125
处理模块,0,0,0,3,0,0,0,3,0.375
传统通信系统,0,0,0,1,0,0,0,1,0.125
泛化能力,0,0,0,2,1,0,0,3,0.4916666666666667
未知效应,0,0,0,1,0,0,0,1,0.125
数学表达,0,0,2,4,0,0,0,6,0.75
通信模块,0,0,0,1,0,0,0,1,0.125
物理层通信,0,0,1,1,0,0,0,2,0.25
自然语言处理,0,0,1,2,0,0,0,3,0.375
计算机视觉,0,0,0,2,0,0,0,2,0.25
运算速度,0,0,0,1,0,0,0,1,0.125
设备,0,0,0,1,0,0,0,1,0.125
硬件,0,0,0,1,0,1,0,2,0.3666666666666667
复杂模型,0,0,0,1,0,0,0,1,0.125
傅里叶变换,0,0,4,0,0,0,0,4,0.5
正交性,0,0,3,0,0,0,0,3,0.375
子载波,0,0,3,0,0,1,0,4,0.6166666666666667
时域,0,0,3,0,0,0,0,3,0.375
多普勒域,0,0,2,0,0,0,0,2,0.25
相干时间,0,0,2,0,0,0,0,2,0.25
选择性信道,0,0,2,0,0,0,0,2,0.25
时不变频率,0,0,2,0,0,0,0,2,0.25
频谱利用率,0,0,2,0,0,0,0,2,0.25
多载波调制,0,0,2,0,0,0,0,2,0.25
oofdm,0,0,2,0,0,0,0,2,0.25
时频双选择性信道,0,0,2,0,0,0,0,2,0.25
选择性,0,0,2,0,0,0,0,2,0.25
频域,0,0,2,0,0,0,0,2,0.25
速移动,0,0,3,0,0,0,1,4,0.6166666666666667
otfs信号解调,0,0,2,0,0,0,1,3,0.4916666666666667
执行速度,0,0,1,0,0,0,0,1,0.125
期望,0,0,1,1,0,0,0,2,0.25
优化模型,0,0,1,0,0,0,0,1,0.125
收敛条件,0,0,2,1,0,0,0,3,0.375
权值,0,0,1,5,0,0,0,6,0.75
反向传播算法,0,0,1,0,0,0,0,1,0.125
深度学习神经网络模型,0,0,1,0,0,0,0,1,0.125
算力,0,0,1,0,0,0,0,1,0.125
神经网络模型,0,0,1,2,0,0,0,3,0.375
硬件资源,0,0,1,0,0,0,0,1,0.125
数学根据,0,0,1,0,0,0,0,1,0.125
神经网络训练,0,0,1,0,0,0,0,1,0.125
大数据,0,0,1,0,0,0,0,1,0.125
优化过程,0,0,1,0,0,0,0,1,0.125
神经网络层结构,0,0,1,0,0,0,0,1,0.125
多层结构,0,0,1,0,0,0,0,1,0.125
多层神经网络结构,0,0,1,0,0,0,0,1,0.125
语言识别,0,0,1,0,0,0,0,1,0.125
图像处理,1,0,1,0,0,1,0,3,1.3666666666666667
过滤,0,0,1,0,0,0,0,1,0.125
冲激信号,0,0,2,0,0,0,0,2,0.25
仿真结,0,0,1,0,1,0,0,2,0.3666666666666667
非线性,0,0,1,0,0,0,0,1,0.125
空间复杂度,1,0,1,0,2,1,0,5,1.85
干扰消除,0,0,1,0,0,0,0,1,0.125
线性检测,1,0,1,1,5,0,1,9,2.7
尺寸,0,0,1,0,0,0,0,1,0.125
载波符号,0,0,1,0,1,0,0,2,0.3666666666666667
otfs符号块,0,0,1,0,0,0,0,1,0.125
载波间干扰,0,0,1,0,0,0,0,1,0.125
otfs性能,0,0,1,0,1,0,0,2,0.3666666666666667
时频衰落,0,0,1,0,0,0,0,1,0.125
延迟多普勒域上调制,0,0,1,0,0,0,0,1,0.125
信号传输系统,0,0,1,0,0,0,0,1,0.125
传输,0,0,1,0,1,0,0,2,0.3666666666666667
延迟多普勒域信号,0,0,1,0,1,1,0,3,0.6083333333333334
辛傅里叶变换,0,0,1,0,0,0,0,1,0.125
时频域信号,0,0,1,0,0,1,0,2,0.3666666666666667
逆辛傅里叶变换,0,0,1,0,0,0,0,1,0.125
延迟域信号,0,0,1,0,0,0,0,1,0.125
反变换,0,0,1,0,0,0,0,1,0.125
频域信号,0,0,1,0,0,0,0,1,0.125
延迟域,0,0,1,0,0,0,0,1,0.125
有效信道,0,0,1,0,0,0,0,1,0.125
信号块,0,0,1,0,0,0,0,1,0.125
时延大,0,0,1,0,0,0,0,1,0.125
时频双选择信道,0,0,1,0,0,0,0,1,0.125
稀疏信道,0,0,1,0,0,0,0,1,0.125
抽头,0,0,1,0,0,0,0,1,0.125
调制解调,0,0,1,0,0,0,0,1,0.125
otfs调制,0,0,1,0,0,0,0,1,0.125
高速移动场,0,0,1,0,0,0,0,1,0.125
保持信道,0,0,1,0,0,0,0,1,0.125
低误比特率,0,0,1,0,0,0,0,1,0.125
高速,0,0,2,0,0,0,0,2,0.25
信道插值算法,0,0,1,0,0,0,0,1,0.125
ofdm性能,0,0,1,0,0,0,0,1,0.125
运动速度,0,0,1,0,0,0,0,1,0.125
多径延时,0,0,1,0,0,0,0,1,0.125
cp长度,0,0,1,0,0,0,0,1,0.125
循环前缀,0,0,1,0,0,0,0,1,0.125
延时,0,0,1,0,0,0,0,1,0.125
多径影响,0,0,1,0,0,0,0,1,0.125
时不变,0,0,1,0,0,0,0,1,0.125
多普勒频偏影,0,0,1,0,0,0,0,1,0.125
低速场,0,0,1,0,0,0,0,1,0.125
正交频分复用,0,0,1,0,0,0,0,1,0.125
通信调制,0,0,1,0,0,0,0,1,0.125
4g系统,0,0,1,0,0,0,0,1,0.125
收发端,0,0,1,0,0,0,0,1,0.125
频率,0,0,1,1,0,0,0,2,0.25
衰落,0,0,1,0,0,0,0,1,0.125
路径,0,0,1,0,0,0,0,1,0.125
反射,0,0,1,0,0,0,0,1,0.125
障碍物,0,0,1,0,0,0,0,1,0.125
建筑物车辆,0,0,1,0,0,0,0,1,0.125
无线信号,0,0,1,0,0,0,0,1,0.125
汽车自动驾驶通信,0,0,1,0,0,0,0,1,0.125
无人机,0,0,1,0,0,0,0,1,0.125
高铁通信,0,0,1,0,0,0,0,1,0.125
高速率通信,0,0,1,0,0,0,0,1,0.125
移动性,0,0,2,0,0,0,0,2,0.25
移动通信系统,0,0,1,0,0,0,0,1,0.125
模型驱,0,0,0,0,1,0,0,1,0.24166666666666667
信号检测算法,0,0,0,0,1,0,0,1,0.24166666666666667
优化信道,0,0,1,0,0,1,0,2,0.3666666666666667
去噪网络,0,0,0,0,0,1,1,2,0.48333333333333334
sr网络,0,0,0,0,0,9,0,9,2.175
去噪神经网络,0,0,1,0,0,1,0,2,0.3666666666666667
时频域信道,0,0,0,0,0,1,0,1,0.24166666666666667
导频处信道,0,0,0,0,0,2,0,2,0.48333333333333334
深度学习信道,0,0,0,0,0,1,0,1,0.24166666666666667
接受端,0,0,0,0,0,1,0,1,0.24166666666666667
冲激序列,0,0,0,0,0,5,0,5,1.2083333333333333
siso+otfs系统,0,0,0,0,0,3,0,3,0.725
otfs信号检测,0,0,2,0,1,0,0,3,0.4916666666666667
dncnn神经网络,0,0,1,0,0,0,0,1,0.125
导频设计,0,0,1,0,0,2,0,3,0.6083333333333334
深度学习信号检测网络,0,0,1,0,0,0,0,1,0.125
深度学习方,0,0,2,0,0,0,0,2,0.25
深度学习信号检测算法,0,0,1,0,0,0,0,1,0.125
zf,0,0,1,0,4,0,1,6,1.3333333333333333
迫零均衡,0,0,1,0,0,0,0,1,0.125
线性均衡算法,0,0,1,0,1,0,0,2,0.3666666666666667
otfs解调系统,0,0,1,0,0,0,0,1,0.125
深度学习原理,0,0,1,0,0,0,0,1,0.125
接收,0,0,1,1,0,0,0,2,0.25
otfs信号接收技,0,0,1,0,0,0,0,1,0.125
信号解调,1,0,6,0,0,0,0,7,1.75
测试数据,0,0,0,2,0,0,0,2,0.25
深度学习模型,0,0,1,2,0,0,0,3,0.375
代价函数,0,0,0,2,0,0,0,2,0.25
模拟,0,0,0,2,0,0,0,2,0.25
线上解调,0,0,0,1,0,0,0,1,0.125
线下,0,0,0,1,0,0,0,1,0.125
模型解调,0,0,0,1,0,0,0,1,0.125
线下训,0,0,0,1,0,0,0,1,0.125
功耗,0,0,0,1,0,0,0,1,0.125
otfs接收器,0,0,0,3,0,0,0,3,0.375
信号解调框架,0,0,0,1,0,0,0,1,0.125
初始化,0,0,1,2,1,0,0,4,0.6166666666666667
mseo,0,0,0,1,0,0,0,1,0.125
加权平,0,0,0,1,0,0,0,1,0.125
真实信号,0,0,0,1,0,0,0,1,0.125
数学表,0,0,0,1,0,0,0,1,0.125
仏加函数,0,0,0,1,0,0,0,1,0.125
参数值,0,0,0,1,0,0,0,1,0.125
原始信道,0,0,0,1,0,0,0,1,0.125
fchannet,0,0,0,1,0,0,0,1,0.125
最优函数,0,0,0,1,0,0,0,1,0.125
otfs信号接收,0,0,0,1,0,0,0,1,0.125
信号检测性,0,0,0,0,2,0,0,2,0.48333333333333334
scne,0,0,0,0,1,0,0,1,0.24166666666666667
连接结构,0,0,0,0,1,0,0,1,0.24166666666666667
节点,0,0,0,0,1,0,0,1,0.24166666666666667
数量,0,0,0,0,1,0,0,1,0.24166666666666667
入向量,0,0,0,0,1,0,0,1,0.24166666666666667
改进结构,0,0,0,0,1,0,0,1,0.24166666666666667
信号矩阵,0,0,0,0,2,0,0,2,0.48333333333333334
权重数,0,0,0,0,1,0,0,1,0.24166666666666667
mim0信号检测,0,0,0,0,1,0,0,1,0.24166666666666667
非线性迭代原,0,0,0,0,1,0,0,1,0.24166666666666667
odetnet,0,0,0,0,1,0,0,1,0.24166666666666667
检测效率,0,0,1,0,1,0,0,2,0.3666666666666667
性能损失,1,0,0,0,1,0,0,2,1.2416666666666667
线性检测器,1,0,0,0,1,0,0,2,1.2416666666666667
非线性检测,1,0,0,0,1,0,0,2,1.2416666666666667
lmmse均衡,0,0,0,0,1,0,0,1,0.24166666666666667
zf均衡,0,0,0,0,1,0,0,1,0.24166666666666667
深衰弱信道,0,0,0,0,1,0,0,1,0.24166666666666667
原始发送信号,0,0,0,0,1,0,0,1,0.24166666666666667
方差,0,0,0,0,2,2,0,4,0.9666666666666667
延时多普勒域,0,0,0,0,1,0,0,1,0.24166666666666667
梯度,0,0,0,18,0,0,0,18,2.25
发送数据,0,0,1,3,0,1,0,5,0.7416666666666667
随机效应,0,0,0,2,0,0,0,2,0.25
信道传递函数,0,0,0,2,0,0,0,2,0.25
未知信道,0,0,0,2,0,0,0,2,0.25
发射符号,0,0,0,2,0,0,0,2,0.25
源数据,0,0,0,2,0,0,0,2,0.25
端到端,0,0,2,2,0,0,0,4,0.5
端到端通信系统,0,0,0,2,0,0,0,2,0.25
发射机,0,0,0,2,0,0,0,2,0.25
黑匣子,0,0,0,2,0,0,0,2,0.25
标记数据,0,0,0,1,0,0,0,1,0.125
计算资源,0,0,0,1,0,0,0,1,0.125
时变效应,0,0,0,1,0,0,0,1,0.125
端到端信道,0,0,0,1,0,0,0,1,0.125
偏差,0,0,0,1,0,0,0,1,0.125
端到端网络,0,0,0,1,0,0,0,1,0.125
发送器,0,0,0,1,0,0,0,1,0.125
信道参数,0,0,0,1,0,0,0,1,0.125
随机梯度下降法,0,0,0,3,0,0,0,3,0.375
mmse,0,0,1,1,1,0,0,3,0.4916666666666667
非线性失真,0,0,0,1,0,0,0,1,0.125
全连通,0,0,0,1,0,0,0,1,0.125
ofdm接收机,0,0,0,1,0,0,0,1,0.125
联合信道,0,0,0,1,0,0,0,1,0.125
信道状态信息,0,0,1,1,0,0,0,2,0.25
状态信息,0,0,0,1,0,0,0,1,0.125
模块结构,0,0,0,1,0,0,0,1,0.125
数据恢复精度,0,0,0,1,0,0,0,1,0.125
编码符号,0,0,0,1,0,0,0,1,0.125
合并通信系统,0,0,0,1,0,0,0,1,0.125
算法,0,0,2,1,0,0,0,3,0.375
网络优化模型,0,0,0,1,0,0,0,1,0.125
数据传输,0,0,0,1,0,0,0,1,0.125
模块化,0,0,0,1,0,0,0,1,0.125
信道响应,0,0,2,0,0,1,0,3,0.4916666666666667
ofdm通信系统,0,0,2,0,0,0,0,2,0.25
oamp算法,0,0,2,0,0,0,0,2,0.25
信道失真,0,0,2,0,0,0,0,2,0.25
mimo接收机,0,0,1,0,0,0,0,1,0.125
有效载荷数,0,0,1,0,0,0,0,1,0.125
信道统计特性,0,0,1,0,0,0,0,1,0.125
信道估计误差,0,0,1,0,0,0,0,1,0.125
信道环境,0,0,1,0,0,0,0,1,0.125
译码复杂度,0,0,1,0,0,0,0,1,0.125
译码精度,0,0,1,0,0,0,0,1,0.125
训练速率,0,0,1,0,0,0,0,1,0.125
微调,0,0,1,0,0,0,0,1,0.125
全连接网络,0,0,1,0,0,0,0,1,0.125
lmmse系数矩阵,0,0,1,0,0,0,0,1,0.125
初始,0,0,1,0,1,0,0,2,0.3666666666666667
ofdm系统,0,0,1,0,0,3,0,4,0.85
无线通信解调,0,0,1,0,0,0,0,1,0.125
快速时变信道,0,0,1,0,0,0,0,1,0.125
离线训,0,0,1,0,0,0,0,1,0.125
bilstm,0,0,1,0,0,0,0,1,0.125
双向长短期记忆网络,0,0,1,0,0,0,0,1,0.125
插值,0,0,1,0,0,1,0,2,0.3666666666666667
mimo-ofdm系统,0,0,1,0,0,0,0,1,0.125
高速移动环,0,0,1,0,0,0,0,1,0.125
mmse信道,0,0,1,0,0,0,0,1,0.125
lmmse信道,0,0,1,1,0,0,0,2,0.25
时频信道图像,0,0,1,0,0,0,0,1,0.125
超分辨率重构网络,0,0,1,0,0,0,0,1,0.125
低分辨率图像,0,0,1,0,0,0,0,1,0.125
时频响应,0,0,1,0,0,0,0,1,0.125
快衰信道,0,0,1,0,0,0,0,1,0.125
深度学习算法,0,0,1,0,0,0,0,1,0.125
深度学习网络,0,0,1,0,0,0,0,1,0.125
oamp,0,0,1,0,0,0,0,1,0.125
正交近似消息传递,0,0,1,0,0,0,0,1,0.125
信号检测性能,0,0,1,0,0,0,0,1,0.125
训练速度,0,0,1,0,0,1,0,2,0.3666666666666667
恶劣信道,0,0,1,0,0,0,0,1,0.125
精度,0,0,1,0,0,0,0,1,0.125
泛化性,0,0,1,0,0,0,0,1,0.125
解释,0,0,1,0,0,0,0,1,0.125
测算法,0,0,1,0,0,0,0,1,0.125
模拟信号,0,0,1,0,0,0,0,1,0.125
训练算法,0,0,1,0,0,0,0,1,0.125
mimo非线性迭代算法,0,0,1,0,0,0,0,1,0.125
非线性限幅噪声,0,0,1,0,0,0,0,1,0.125
训练导频,0,0,1,0,0,0,0,1,0.125
最小,0,0,1,0,0,0,0,1,0.125
在线传输,0,0,1,0,0,0,0,1,0.125
离线训练,0,0,1,0,2,0,0,3,0.6083333333333334
接收数据,0,0,1,0,0,0,0,1,0.125
估计信道信息,0,0,1,0,0,0,0,1,0.125
ofdm收发系统,0,0,1,0,0,0,0,1,0.125
ir网络,1,0,0,0,0,9,0,10,3.175
分辨率,0,0,0,0,0,2,0,2,0.48333333333333334
otfs块信道图像,0,0,0,0,0,1,0,1,0.24166666666666667
otfs导频,0,0,0,0,0,3,1,4,0.9666666666666667
均衡,0,0,0,0,0,1,0,1,0.24166666666666667
ofdm导频,0,0,0,0,0,1,0,1,0.24166666666666667
解调性能,1,0,0,0,0,1,1,3,1.4833333333333334
系统,0,0,1,0,0,2,1,4,0.85
稀疏,0,0,0,0,0,1,0,1,0.24166666666666667
时频信道矩阵,0,0,0,0,0,1,0,1,0.24166666666666667
hr图像,0,0,0,0,0,2,0,2,0.48333333333333334
lr,0,0,0,0,0,1,0,1,0.24166666666666667
srnet,0,0,0,0,0,1,0,1,0.24166666666666667
时频信道,0,0,0,0,0,1,0,1,0.24166666666666667
图像处理神经网络,0,0,0,0,0,1,0,1,0.24166666666666667
倍道估计,0,0,0,0,0,1,0,1,0.24166666666666667
输入层,0,0,0,9,2,0,0,11,1.6083333333333334
历史梯度,0,0,0,5,0,0,0,5,0.625
梯度下降法,0,0,0,4,0,0,0,4,0.5
平方误差损失函数,0,0,0,4,0,0,0,4,0.5
relu函数,0,0,0,4,0,0,0,4,0.5
sigmoid函数,0,0,0,4,0,0,0,4,0.5
导函数,0,0,0,4,0,0,0,4,0.5
概率,0,0,0,4,0,0,0,4,0.5
rmsprop算法,0,0,0,3,0,0,0,3,0.375
adagrad算法,0,0,0,3,0,0,0,3,0.375
adagrad,0,0,0,3,0,0,0,3,0.375
批量梯度下降法,0,0,0,3,0,0,0,3,0.375
网络训练,0,0,0,4,2,1,0,7,1.225
反向传播过程,0,0,0,3,0,0,0,3,0.375
差距,0,0,0,3,0,0,0,3,0.375
sigmoid,0,0,0,3,1,0,0,4,0.6166666666666667
momentum算法,0,0,0,2,0,0,0,2,0.25
adadelta算法,0,0,0,2,0,0,0,2,0.25
梯度值,0,0,0,2,0,0,0,2,0.25
学习步长,0,0,0,2,0,0,0,2,0.25
内存消耗,0,0,0,2,0,0,0,2,0.25
训练数据集,0,0,0,2,0,0,0,2,0.25
概率分布,0,0,0,2,0,0,0,2,0.25
对数似然函数,0,0,0,2,0,0,0,2,0.25
似然损失函数,0,0,0,2,0,0,0,2,0.25
对数,0,0,0,2,0,0,0,2,0.25
交叉爛损失函数,0,0,0,2,0,0,0,2,0.25
初始值,0,0,0,2,0,0,0,2,0.25
正向传播过程,0,0,0,2,0,0,0,2,0.25
dnn网络,0,0,0,2,1,0,0,3,0.4916666666666667
反向传播,0,0,0,2,0,0,0,2,0.25
取值,0,0,0,2,0,0,0,2,0.25
线性关系,0,0,0,2,0,0,0,2,0.25
线性函数,0,0,0,2,0,0,0,2,0.25
偏置向量,0,0,0,2,0,0,0,2,0.25
输入信号,0,0,0,2,0,0,0,2,0.25
dnn模型,0,0,0,2,0,0,0,2,0.25
感知机,0,0,0,2,0,0,0,2,0.25
adam算法,0,0,0,1,0,0,0,1,0.125
更新幅度,0,0,0,1,0,0,0,1,0.125
加权移动平均,0,0,0,1,0,0,0,1,0.125
指数,0,0,0,1,0,0,0,1,0.125
动量,0,0,0,1,0,0,0,1,0.125
momentum,0,0,0,1,0,0,0,1,0.125
参数变换量,0,0,0,1,0,0,0,1,0.125
初始学习速率,0,0,0,1,0,0,0,1,0.125
衰减,0,0,0,1,0,0,0,1,0.125
衰减均值,0,0,0,1,0,0,0,1,0.125
历史梯度平方,0,0,0,1,0,0,0,1,0.125
衰减因子,0,0,0,1,0,0,0,1,0.125
指数加权移动平均加习,0,0,0,1,0,0,0,1,0.125
rmspropt32,0,0,0,1,0,0,0,1,0.125
adadelta,0,0,0,1,0,0,0,1,0.125
梯度平方,0,0,0,1,0,0,0,1,0.125
稀疏数据,0,0,0,1,0,0,0,1,0.125
平方根,0,0,0,1,0,0,0,1,0.125
全局学习速率,0,0,0,1,0,0,0,1,0.125
大数据训练,0,0,0,1,0,0,0,1,0.125
小批量梯度下降法,0,0,0,1,0,0,0,1,0.125
损失函数值,0,0,0,1,0,0,0,1,0.125
小批量梯度下降,0,0,0,1,0,0,0,1,0.125
数据量,0,0,0,2,0,0,0,2,0.25
梯度下降算法,0,0,0,1,0,0,0,1,0.125
网络参数,0,0,0,2,1,0,0,3,0.4916666666666667
加权系数矩阵,0,0,0,1,0,0,0,1,0.125
前向传播函数,0,0,0,1,0,0,0,1,0.125
表达式,0,0,0,1,1,0,0,2,0.3666666666666667
nn,0,0,0,1,0,1,0,2,0.3666666666666667
前传递误差,0,0,0,1,0,0,0,1,0.125
凸函数,0,0,0,1,0,0,0,1,0.125
数据标签,0,0,0,1,0,0,0,1,0.125
预测值,0,0,0,1,0,0,0,1,0.125
权重矩阵,0,0,0,1,1,0,0,2,0.3666666666666667
网络表达能力,0,0,0,1,0,0,0,1,0.125
模型拟合,0,0,0,1,0,0,0,1,0.125
非负实值函数,0,0,0,1,0,0,0,1,0.125
类别,0,0,0,1,0,0,0,1,0.125
总类别数,0,0,0,1,0,0,0,1,0.125
总样本数,0,0,0,1,0,0,0,1,0.125
似然估计,0,0,0,1,0,0,0,1,0.125
层激活函数,0,0,0,1,0,0,0,1,0.125
回归,0,0,0,1,0,0,0,1,0.125
fioa,0,0,0,1,0,0,0,1,0.125
ss,0,0,0,1,0,0,0,1,0.125
停止条件,0,0,0,1,0,0,0,1,0.125
连接通路,0,0,0,1,0,0,0,1,0.125
损失函数度量,0,0,0,1,0,0,0,1,0.125
正向传播,0,0,0,1,0,0,0,1,0.125
高斯随机变量,0,0,0,1,0,0,0,1,0.125
随机值,0,0,0,1,0,0,0,1,0.125
总层数,0,0,0,1,0,0,0,1,0.125
全连接线性运算,0,0,0,1,0,0,0,1,0.125
前向传播,0,0,0,1,0,0,0,1,0.125
输出,0,0,0,1,0,0,0,1,0.125
训练样本,0,0,0,1,0,0,0,1,0.125
有监督学习,0,0,0,1,0,0,0,1,0.125
恒零值,0,0,0,1,0,0,0,1,0.125
函数值,0,0,0,1,0,0,0,1,0.125
leaky_,0,0,0,1,0,0,0,1,0.125
固定常量,0,0,0,1,0,0,0,1,0.125
神经网络参数,0,0,0,1,0,0,0,1,0.125
计算速度,0,0,0,1,0,0,0,1,0.125
梯度消失,0,0,0,1,0,0,0,1,0.125
尸刃,0,0,0,1,0,0,0,1,0.125
性质,0,0,0,1,0,0,0,1,0.125
缩放,0,0,0,2,0,0,0,2,0.25
平移,0,0,0,3,0,0,0,3,0.375
tanh函数,0,0,0,2,0,0,0,2,0.25
relu类函数,0,0,0,1,0,0,0,1,0.125
求导运算,0,0,0,1,0,0,0,1,0.125
si,0,0,0,1,0,0,0,1,0.125
sigm,0,0,0,1,0,0,0,1,0.125
原始比特,0,0,0,1,0,0,0,1,0.125
比特,0,0,0,1,2,0,0,3,0.6083333333333334
导数,0,0,0,1,0,0,0,1,0.125
反向计算,0,0,0,1,0,0,0,1,0.125
ls信道,0,0,0,1,0,0,0,1,0.125
关系表达能力,0,0,0,1,0,0,0,1,0.125
非线性关系,0,0,0,1,0,0,0,1,0.125
参数矩阵,0,0,0,1,0,0,0,1,0.125
网络结构,0,0,0,1,0,0,0,1,0.125
处理数据,0,0,0,1,0,0,0,1,0.125
权重值,0,0,0,1,0,0,0,1,0.125
互连神经单元,0,0,0,1,0,0,0,1,0.125
表达能力,0,0,0,2,1,0,0,3,0.4916666666666667
输出层神经元,0,0,0,1,0,0,0,1,0.125
复杂函数关系,0,0,0,1,0,0,0,1,0.125
多层感知机,0,0,0,1,0,0,0,1,0.125
理数据,0,0,0,1,0,0,0,1,0.125
函数表达能力,0,0,0,1,0,0,0,1,0.125
单层感知机,0,0,0,1,0,0,0,1,0.125
深度学习技术,0,0,0,1,0,0,0,1,0.125
观测节点,0,0,0,0,4,0,0,4,0.9666666666666667
变量节点,0,0,0,0,4,0,0,4,0.9666666666666667
元素,0,0,0,0,2,0,0,2,0.48333333333333334
停止算法,0,0,0,0,1,0,0,1,0.24166666666666667
停止迭代条件,0,0,0,0,1,0,0,1,0.24166666666666667
传输符号,0,0,0,0,1,0,0,1,0.24166666666666667
指示符函数,0,0,0,0,1,0,0,1,0.24166666666666667
砸间,0,0,0,0,1,0,0,1,0.24166666666666667
工阴匕,0,0,0,0,1,0,0,1,0.24166666666666667
argmaxnpro⑷k,0,0,0,0,1,0,0,1,0.24166666666666667
cjecq,0,0,0,0,1,0,0,1,0.24166666666666667
gmaxpr,0,0,0,0,1,0,0,1,0.24166666666666667
argmaxpr,0,0,0,0,1,0,0,1,0.24166666666666667
后验概率,0,0,0,0,1,0,0,1,0.24166666666666667
稀疏连接因子,0,0,0,0,1,0,0,1,0.24166666666666667
索弓,0,0,0,0,1,0,0,1,0.24166666666666667
零元素,0,0,0,0,1,0,0,1,0.24166666666666667
索引,0,0,0,0,1,0,0,1,0.24166666666666667
低复杂度检测算法,0,0,0,0,1,0,0,1,0.24166666666666667
矩阵稀疏性,0,0,0,0,1,0,0,1,0.24166666666666667
稀疏矩阵,0,0,0,0,1,0,0,1,0.24166666666666667
pwm,0,0,0,0,1,0,0,1,0.24166666666666667
整数径,0,0,0,0,1,0,0,1,0.24166666666666667
mv维复信道矩阵,0,0,0,0,1,0,0,1,0.24166666666666667
qpsk符号,0,0,0,0,1,0,0,1,0.24166666666666667
加性高斯白噪声矩阵,0,0,0,0,1,0,0,1,0.24166666666666667
延迟多普勒域接收信号,0,0,0,0,1,0,0,1,0.24166666666666667
复向量,0,0,0,0,1,0,0,1,0.24166666666666667
特征图,0,0,0,14,0,0,0,14,1.75
卷积核,0,0,0,12,0,3,0,15,2.225
卷积层,0,0,0,9,0,5,0,14,2.333333333333333
神经元,0,0,0,9,0,0,0,9,1.125
池化,0,0,0,8,0,0,0,8,1.0
局部连接,0,0,0,8,0,0,0,8,1.0
填充,0,0,0,4,0,1,0,5,0.7416666666666667
权值共享,0,0,0,4,0,0,0,4,0.5
分布,0,0,0,3,0,1,0,4,0.6166666666666667
池化层,0,0,0,3,0,0,0,3,0.375
批标准化,0,0,0,2,0,0,0,2,0.25
最大池化,0,0,0,2,0,0,0,2,0.25
网络层数,0,0,0,2,0,0,0,2,0.25
多维数据,0,0,0,2,0,0,0,2,0.25
窗口,0,0,0,1,0,0,0,1,0.125
接池化层,0,0,0,1,0,0,0,1,0.125
降维,0,0,0,1,0,0,0,1,0.125
卷积核参数,0,0,0,1,0,0,0,1,0.125
网络优化,0,0,0,1,0,0,0,1,0.125
矩阵规模,0,0,0,1,0,0,0,1,0.125
输入数据,0,0,0,1,1,0,0,2,0.3666666666666667
零填充,0,0,0,1,0,2,0,3,0.6083333333333334
外围边缘,0,0,0,1,0,0,0,1,0.125
bn,0,0,0,1,0,3,0,4,0.85
神经网络层,0,0,0,1,0,0,0,1,0.125
内部协变量偏移,0,0,0,1,0,0,0,1,0.125
数据分布,0,0,0,1,0,0,0,1,0.125
batchnormalization,0,0,0,1,0,0,0,1,0.125
训练效率,0,0,0,1,0,0,0,1,0.125
池化操作,0,0,0,1,0,0,0,1,0.125
空间相关性,0,0,0,1,0,0,0,1,0.125
数据特征图,0,0,0,1,0,0,0,1,0.125
平均值,0,0,0,1,0,0,0,1,0.125
平均池化,0,0,0,1,0,0,0,1,0.125
均池化,0,0,0,1,0,0,0,1,0.125
18,0,0,0,1,0,0,0,1,0.125
平移旋转,0,0,0,1,0,0,0,1,0.125
池化层神经元,0,0,0,1,0,0,0,1,0.125
存储空间,1,0,0,1,1,0,1,4,1.6083333333333334
下采样,0,0,0,1,0,0,0,1,0.125
网络规模,0,0,0,1,0,0,0,1,0.125
网络特征,0,0,0,1,0,0,0,1,0.125
卷积核数,0,0,0,1,0,0,0,1,0.125
练参数,0,0,0,1,0,0,0,1,0.125
可训练权值,0,0,0,1,0,0,0,1,0.125
加权平均,0,0,0,1,0,0,0,1,0.125
输入信息,0,0,0,1,0,0,0,1,0.125
相关性,0,0,0,1,0,0,0,1,0.125
矩阵乘法,0,0,0,1,0,0,0,1,0.125
zf均衡系数,0,0,0,0,1,0,0,1,0.24166666666666667
着储空间,0,0,0,0,1,0,0,1,0.24166666666666667
运算复杂度,1,0,0,0,1,0,0,2,1.2416666666666667
厂用厂,0,0,0,0,1,0,0,1,0.24166666666666667
多径总径数,0,0,0,0,1,0,0,1,0.24166666666666667
输岀,0,0,0,0,1,0,0,1,0.24166666666666667
otfs延迟多普勒域,0,0,0,0,1,0,0,1,0.24166666666666667
无线信道噪声,0,0,0,0,1,0,0,1,0.24166666666666667
数学关系,0,0,0,0,1,0,0,1,0.24166666666666667
运算资源,0,0,0,0,1,0,0,1,0.24166666666666667
矩阵求逆运算,1,0,0,0,1,0,0,2,1.2416666666666667
otfs信号收发系统,0,0,0,2,0,0,0,2,0.25
收发,0,0,0,1,0,0,0,1,0.125
导频符号,0,0,0,0,5,6,0,11,2.658333333333333
自相关性,0,0,0,0,0,3,0,3,0.725
峰均比,0,0,0,0,0,3,0,3,0.725
噪声功率,0,0,0,0,0,3,0,3,0.725
功率,0,0,0,0,0,2,0,2,0.48333333333333334
siso,0,0,0,0,0,2,0,2,0.48333333333333334
mimo+otfs系统,0,0,0,0,0,1,0,1,0.24166666666666667
多径,0,0,0,0,1,1,0,2,0.48333333333333334
somp112,0,0,0,0,0,1,0,1,0.24166666666666667
正交匹配追踪算法,0,0,0,0,0,1,0,1,0.24166666666666667
二维序列,0,0,0,0,0,1,0,1,0.24166666666666667
高斯随机序列,0,0,1,0,0,1,0,2,0.3666666666666667
导频序列,0,0,0,0,0,1,0,1,0.24166666666666667
频偏,0,0,0,0,0,1,0,1,0.24166666666666667
导频区域网格,0,0,0,0,0,1,0,1,0.24166666666666667
无信号,0,0,0,0,0,1,0,1,0.24166666666666667
坐标伙刀,0,0,0,0,0,1,0,1,0.24166666666666667
门丁,0,0,0,0,0,1,0,1,0.24166666666666667
二维信道信息,0,0,0,0,0,1,0,1,0.24166666666666667
信道矩阵卷积,0,0,0,0,0,1,0,1,0.24166666666666667
冲激序列导频信号,0,0,0,0,0,1,0,1,0.24166666666666667
卷积运算,0,0,0,0,0,1,0,1,0.24166666666666667
二维信道矩阵,0,0,0,0,0,1,0,1,0.24166666666666667
收发系统,0,0,0,0,0,1,0,1,0.24166666666666667
导频区,0,0,0,0,0,1,0,1,0.24166666666666667
大功率,0,0,0,0,0,1,0,1,0.24166666666666667
等调制,0,0,0,0,0,1,0,1,0.24166666666666667
导频信息,0,0,0,0,0,1,0,1,0.24166666666666667
多普勒频移,0,0,0,0,0,1,0,1,0.24166666666666667
单发单收,0,0,1,0,0,1,0,2,0.3666666666666667
延迟轴,0,0,0,0,0,1,0,1,0.24166666666666667
多普勒轴,0,0,0,0,0,1,0,1,0.24166666666666667
lpkp,0,0,0,0,0,1,0,1,0.24166666666666667
导频功率,0,0,0,0,0,1,0,1,0.24166666666666667
接收导频,0,0,0,0,0,1,0,1,0.24166666666666667
连边数量,0,0,0,0,4,0,0,4,0.9666666666666667
残差绝对值,0,0,0,0,3,0,0,3,0.725
更新系数,0,0,0,0,3,0,0,3,0.725
运行时间,1,0,0,0,3,0,0,4,1.725
lmm,0,0,0,0,2,0,0,2,0.48333333333333334
qpsk,0,0,0,0,2,0,0,2,0.48333333333333334
载波频率,0,0,0,0,2,0,0,2,0.48333333333333334
简化算法,0,0,0,0,2,0,0,2,0.48333333333333334
运算量,0,0,0,0,1,0,1,2,0.48333333333333334
mp检测,0,0,0,0,1,0,0,1,0.24166666666666667
解调效果,0,0,0,0,1,0,0,1,0.24166666666666667
迭代耗时,0,0,0,0,1,0,0,1,0.24166666666666667
延迟维,0,0,0,0,1,0,0,1,0.24166666666666667
64,0,0,0,0,1,0,0,1,0.24166666666666667
近似,0,0,0,0,1,0,0,1,0.24166666666666667
绝对值信息,0,0,0,0,1,0,0,1,0.24166666666666667
信噪,0,0,0,0,1,0,0,1,0.24166666666666667
均衡复杂度,0,0,0,0,1,0,0,1,0.24166666666666667
仿真条件,0,0,0,0,1,0,0,1,0.24166666666666667
单元数,0,0,0,0,2,0,0,2,0.48333333333333334
神经网络网络,0,0,0,0,1,0,0,1,0.24166666666666667
深度学习神经网,0,0,0,0,1,0,0,1,0.24166666666666667
批量,0,0,0,0,1,0,0,1,0.24166666666666667
proposednet,0,0,0,0,1,0,0,1,0.24166666666666667
非线性迭代次数,0,0,0,0,1,0,0,1,0.24166666666666667
符号数,0,0,0,0,1,0,0,1,0.24166666666666667
中子载波数,0,0,0,0,1,0,0,1,0.24166666666666667
误比特率曲线,0,0,0,0,1,0,0,1,0.24166666666666667
信号检测网,0,0,0,0,1,0,0,1,0.24166666666666667
单位数,0,0,0,0,1,0,0,1,0.24166666666666667
lmmse均衡结果,0,0,0,0,1,0,0,1,0.24166666666666667
均衡方,0,0,0,0,1,0,0,1,0.24166666666666667
数据块,0,0,0,0,4,0,0,4,0.9666666666666667
otfs数据,0,0,0,0,1,0,0,1,0.24166666666666667
线性均衡,0,0,0,0,1,0,0,1,0.24166666666666667
误比特率仿真,0,0,0,0,1,0,0,1,0.24166666666666667
otfs数据块,0,0,0,0,2,0,0,2,0.48333333333333334
载波总数,0,0,0,0,1,0,0,1,0.24166666666666667
载波数量,0,0,0,0,1,0,0,1,0.24166666666666667
存储信道矩阵,0,0,0,0,1,0,0,1,0.24166666666666667
逆运算量,0,0,0,0,1,0,0,1,0.24166666666666667
直接矩阵,0,0,0,0,1,0,0,1,0.24166666666666667
移动台,0,0,0,0,1,0,0,1,0.24166666666666667
仿真设,0,0,0,0,1,0,0,1,0.24166666666666667
性能下降,0,0,0,0,1,0,0,1,0.24166666666666667
耗时缩减,0,0,0,0,1,0,0,1,0.24166666666666667
矩阵点乘,0,0,0,0,1,0,0,1,0.24166666666666667
矩阵求逆,0,0,0,0,1,0,0,1,0.24166666666666667
线性初始化,0,0,0,0,1,0,0,1,0.24166666666666667
非线性迭代模拟,0,0,0,0,1,0,0,1,0.24166666666666667
仿真实验,0,0,0,0,1,0,0,1,0.24166666666666667
otfs信号解调网络,0,0,0,0,0,0,1,1,0.24166666666666667
信道估计结,0,0,0,0,0,0,1,1,0.24166666666666667
otfs信号检测网络,0,0,0,0,0,0,1,1,0.24166666666666667
mimo信号检测,0,0,0,0,0,0,1,1,0.24166666666666667
杂度,0,0,0,0,0,0,1,1,0.24166666666666667
信息传输效率,0,0,0,0,0,0,1,1,0.24166666666666667
时频分集,0,0,0,0,0,0,1,1,0.24166666666666667
延迟多普勒域处理信号,0,0,0,0,0,0,1,1,0.24166666666666667
高效解调,0,0,0,0,0,0,1,1,0.24166666666666667
导频块,0,0,0,0,3,0,0,3,0.725
隐藏层神经单元数,0,0,0,0,2,0,0,2,0.48333333333333334
实数数据,0,0,0,0,2,0,0,2,0.48333333333333334
在线应用,0,0,0,0,2,0,0,2,0.48333333333333334
一维信号,0,0,0,0,2,0,0,2,0.48333333333333334
解调数据,0,0,0,0,2,0,0,2,0.48333333333333334
神经单元数,0,0,0,0,1,0,0,1,0.24166666666666667
天线,0,0,0,0,1,0,0,1,0.24166666666666667
降低能力,0,0,0,0,1,0,0,1,0.24166666666666667
拟合能力,0,0,0,0,1,0,0,1,0.24166666666666667
输出层神经单元,0,0,0,0,1,0,0,1,0.24166666666666667
神经,0,0,0,0,1,0,0,1,0.24166666666666667
个数,0,0,0,0,1,0,0,1,0.24166666666666667
五层神经网络,0,0,0,0,1,0,0,1,0.24166666666666667
复数数据,0,0,0,0,1,0,0,1,0.24166666666666667
复数导频符号,0,0,0,0,1,0,0,1,0.24166666666666667
接收信息数,0,0,0,0,1,0,0,1,0.24166666666666667
复数,0,0,0,0,1,0,0,1,0.24166666666666667
取虚部,0,0,0,0,1,0,0,1,0.24166666666666667
取实部,0,0,0,0,1,0,0,1,0.24166666666666667
复数信号,0,0,0,0,1,0,0,1,0.24166666666666667
复数接收信号,0,0,0,0,1,0,0,1,0.24166666666666667
复数神经网络,0,0,0,0,1,0,0,1,0.24166666666666667
64符号,0,0,0,0,1,0,0,1,0.24166666666666667
神经单元个数,0,0,0,0,1,0,0,1,0.24166666666666667
比特信息,0,0,0,0,1,0,0,1,0.24166666666666667
全连穆网络,0,0,0,0,1,0,0,1,0.24166666666666667
ypitot,0,0,0,0,1,0,0,1,0.24166666666666667
信号检测原理,0,0,0,0,1,0,0,1,0.24166666666666667
数学模型,0,0,0,0,1,0,0,1,0.24166666666666667
仿真数据,0,0,0,0,1,0,0,1,0.24166666666666667
随机符号,0,0,0,0,1,0,0,1,0.24166666666666667
dnn参数,0,0,0,0,1,0,0,1,0.24166666666666667
长度,0,0,0,0,1,0,0,1,0.24166666666666667
连续传输,0,0,0,0,1,0,0,1,0.24166666666666667
解调二维信号,0,0,0,0,1,0,0,1,0.24166666666666667
apilot,0,0,0,0,1,0,0,1,0.24166666666666667
ofdm信号,0,0,0,0,1,0,0,1,0.24166666666666667
通信信号,0,0,0,0,1,0,0,1,0.24166666666666667
模型训,0,0,0,0,1,0,0,1,0.24166666666666667
解调信号,0,0,0,0,1,0,0,1,0.24166666666666667
未知信息符号,0,0,0,0,1,0,0,1,0.24166666666666667
解调信息,0,0,0,0,1,0,0,1,0.24166666666666667
黑盒子,0,0,0,0,1,0,0,1,0.24166666666666667
储备基,0,0,0,1,0,0,0,1,0.125
内部原理,0,0,0,1,0,0,0,1,0.125
数学推导,0,0,0,1,0,0,0,1,0.125
otfs信号解调系统,0,0,0,1,0,0,0,1,0.125
收发过程,0,0,0,1,0,0,0,1,0.125
时隙,0,0,0,0,0,4,0,4,0.9666666666666667
图像,0,0,0,0,0,9,0,9,2.175
lr图像,0,0,0,0,0,4,0,4,0.9666666666666667
加噪图像,0,0,0,0,0,2,0,2,0.48333333333333334
低频,0,0,0,0,0,2,0,2,0.48333333333333334
dncnn损失函数,0,0,0,0,0,1,0,1,0.24166666666666667
去噪图像,0,0,0,0,0,3,0,3,0.725
原始图像,0,0,0,0,0,2,0,2,0.48333333333333334
噪声图像,0,0,0,0,0,6,0,6,1.45
dnc,0,0,0,0,0,1,0,1,0.24166666666666667
图像降噪神经网络,0,0,0,0,0,1,0,1,0.24166666666666667
信道时频,0,0,0,0,0,1,0,1,0.24166666666666667
ir神经网络,0,0,0,0,0,1,0,1,0.24166666666666667
cnn重建图像,0,0,0,0,0,1,0,1,0.24166666666666667
近似值,0,0,0,0,0,1,0,1,0.24166666666666667
3sr网络,0,0,0,0,0,1,0,1,0.24166666666666667
sr神经网络,0,0,0,0,0,1,0,1,0.24166666666666667
srcnn,0,0,0,0,0,1,0,1,0.24166666666666667
超分辨率卷积神经网络,0,0,0,0,0,1,0,1,0.24166666666666667
lr信道图像,0,0,0,0,0,1,0,1,0.24166666666666667
二维插值,0,0,0,0,0,1,0,1,0.24166666666666667
hr信道,0,0,0,0,0,1,0,1,0.24166666666666667
信道时频二维网,0,0,0,0,0,1,0,1,0.24166666666666667
观测值,0,0,0,0,0,1,0,1,0.24166666666666667
信道频率响应,0,0,0,0,0,1,0,1,0.24166666666666667
时域响应,0,0,0,0,0,1,0,1,0.24166666666666667
信道时频响应,0,0,0,0,0,1,0,1,0.24166666666666667
亿幻元素,0,0,0,0,0,1,0,1,0.24166666666666667
zc沁,0,0,0,0,0,1,0,1,0.24166666666666667
h卡,0,0,0,0,0,1,0,1,0.24166666666666667
子载波索引,0,0,0,0,0,1,0,1,0.24166666666666667
时隙索引力,0,0,0,0,0,1,0,1,0.24166666666666667
ofdm子帧,0,0,0,0,0,1,0,1,0.24166666666666667
高斯白噪声,0,0,0,0,0,2,0,2,0.48333333333333334
个子载波,0,0,0,0,0,1,0,1,0.24166666666666667
ls算法,0,0,0,0,0,1,0,1,0.24166666666666667
统计信息,0,0,0,0,0,1,0,1,0.24166666666666667
导频信道信息,0,0,0,0,0,1,0,1,0.24166666666666667
hr图像图像,0,0,0,0,0,1,0,1,0.24166666666666667
二维时频信道图像,0,0,0,0,0,1,0,1,0.24166666666666667
导频处信道信息,0,0,0,0,0,1,0,1,0.24166666666666667
信道图像降噪,0,0,0,0,0,1,0,1,0.24166666666666667
信道图像插值,0,0,0,0,0,1,0,1,0.24166666666666667
级联,0,0,0,0,0,1,0,1,0.24166666666666667
图像超分辨率,0,0,0,0,0,1,0,1,0.24166666666666667
残差学习,0,0,0,0,0,6,0,6,1.45
区域信息,0,0,0,0,0,3,0,3,0.725
图像去噪,0,0,0,0,0,3,0,3,0.725
中间层,0,0,0,0,0,2,0,2,0.48333333333333334
ncnn,0,0,0,0,0,2,0,2,0.48333333333333334
残差网络,0,0,0,0,0,2,0,2,0.48333333333333334
通道,0,0,0,0,0,1,0,1,0.24166666666666667
可信道,0,0,0,0,0,1,0,1,0.24166666666666667
实数,0,0,0,0,0,1,0,1,0.24166666666666667
复杂噪声,0,0,0,0,0,1,0,1,0.24166666666666667
高斯噪声,0,0,0,0,0,1,0,1,0.24166666666666667
底层图像信息,0,0,0,0,0,1,0,1,0.24166666666666667
边界伪像,0,0,0,0,0,1,0,1,0.24166666666666667
零值,0,0,0,0,0,1,0,1,0.24166666666666667
始图像,0,0,0,0,0,1,0,1,0.24166666666666667
池化操,0,0,0,0,0,1,0,1,0.24166666666666667
重构,0,0,0,0,0,1,0,1,0.24166666666666667
lu,0,0,0,0,0,1,0,1,0.24166666666666667
训练性能,0,0,0,0,0,1,0,1,0.24166666666666667
bn技,0,0,0,0,0,1,0,1,0.24166666666666667
残差操作,0,0,0,0,0,1,0,1,0.24166666666666667
残差运算,0,0,0,0,0,1,0,1,0.24166666666666667
清晰图像,0,0,0,0,0,1,0,1,0.24166666666666667
恒等映射,0,0,0,0,0,1,0,1,0.24166666666666667
映射,0,0,0,0,0,1,0,1,0.24166666666666667
残差映射,0,0,0,0,0,1,0,1,0.24166666666666667
堆叠层,0,0,0,0,0,1,0,1,0.24166666666666667
去噪能力,0,0,0,0,0,1,0,1,0.24166666666666667
去噪领,0,0,0,0,0,1,0,1,0.24166666666666667
图像噪声,0,0,0,0,0,1,0,1,0.24166666666666667
去噪处,0,0,0,0,0,1,0,1,0.24166666666666667
otfs信道图像,0,0,0,0,0,1,0,1,0.24166666666666667
时频信道信息,0,0,0,0,0,1,0,1,0.24166666666666667
离散复数,0,0,0,0,0,1,0,1,0.24166666666666667
二维网格,0,0,0,0,0,1,0,1,0.24166666666666667
信道估计神经网络,0,0,0,0,0,1,0,1,0.24166666666666667
预编码,0,0,2,0,0,0,0,2,0.25
输入输出,0,0,2,0,0,0,0,2,0.25
增益,0,0,2,0,0,0,0,2,0.25
3d-s0mp,0,0,1,0,0,0,0,1,0.125
正交匹配算法,0,0,1,0,0,0,0,1,0.125
三维结构化,0,0,1,0,0,0,0,1,0.125
二维空间,0,0,1,0,0,0,0,1,0.125
符号区域,0,0,1,0,0,0,0,1,0.125
mim0,0,0,1,0,0,0,0,1,0.125
mim0系统,0,0,1,0,0,0,0,1,0.125
低复杂度线性,0,0,1,0,0,0,0,1,0.125
lu分解信道矩阵,0,0,1,0,0,0,0,1,0.125
空间消耗,0,0,1,0,0,0,0,1,0.125
时间消耗,0,0,1,0,0,0,0,1,0.125
求逆,0,0,1,0,0,0,0,1,0.125
存储,0,0,1,0,0,0,0,1,0.125
非线性迭代,0,0,1,0,0,0,0,1,0.125
线性检测结,0,0,1,0,0,0,0,1,0.125
间干扰,0,0,1,0,0,0,0,1,0.125
amp,0,0,1,0,0,0,0,1,0.125
近似消息传递,0,0,1,0,0,0,0,1,0.125
协方差预处理,0,0,1,0,0,0,0,1,0.125
测复杂度,0,0,1,0,0,0,0,1,0.125
信息传输速率,0,0,1,0,0,0,0,1,0.125
资源利用率,0,0,1,0,0,0,0,1,0.125
低速,0,0,1,0,0,0,0,1,0.125
otfs-noma,0,0,1,0,0,0,0,1,0.125
a-ofdm,0,0,1,0,0,0,0,1,0.125
非对称正交频分复用,0,0,1,0,0,0,0,1,0.125
静态多径信道,0,0,1,0,0,0,0,1,0.125
vsb-ofdm,0,0,1,0,0,0,0,1,0.125
可变副载波带,0,0,1,0,0,0,0,1,0.125
时间,0,0,1,0,0,0,0,1,0.125
otfs收发过程,0,0,1,0,0,0,0,1,0.125
原始系统,0,0,1,0,0,0,0,1,0.125
基站,0,0,1,0,0,0,0,1,0.125
用户,0,0,1,0,0,0,0,1,0.125
otfs导频插入,0,0,1,0,0,0,0,1,0.125
非线性迭代算法,0,0,1,0,0,0,0,1,0.125
mp检测算法,0,0,1,0,0,0,0,1,0.125
波形,0,0,1,0,0,0,0,1,0.125
正交时频空,1,1,0,0,0,0,0,2,3.0
otfs解调,2,0,0,0,0,0,0,2,2.0
执行速率,1,0,0,0,0,0,0,1,1.0
图像恢复,1,0,0,0,0,0,0,1,1.0
去噪卷积神经网络,1,0,0,0,0,0,0,1,1.0
otfs信道矩阵,1,0,0,0,0,0,0,1,1.0
消息传递,1,0,0,0,0,0,0,1,1.0
mp,1,0,0,0,0,0,0,1,1.0
