,摘要,关键词,第一章,第二章,第三章,第四章,第五章,总词频,加权得分
车辆通信原型机系统,0,0,0,0,0,2,0,2,0.48333333333333334
频率同步算法,1,0,5,0,5,14,1,26,6.458333333333333
多径时延,0,0,0,4,0,0,0,4,0.5
相干带宽,0,0,0,3,0,0,0,3,0.375
传输速率,0,0,0,4,0,0,1,5,0.7416666666666667
信道带宽,0,0,1,1,0,0,0,2,0.25
移动性,0,0,0,1,0,0,0,1,0.125
无线环境,1,0,0,1,0,1,0,3,1.3666666666666667
帧结构,1,0,4,5,4,1,4,19,4.3
ofdm技术,2,0,2,7,1,0,3,15,4.091666666666667
物理层传输技术,0,0,0,2,0,0,0,2,0.25
802.1ip协议,0,0,0,2,0,0,0,2,0.25
802.1la,0,0,0,1,0,0,0,1,0.125
数据速率,0,0,0,3,0,0,0,3,0.375
频段,0,0,0,1,0,0,0,1,0.125
ghz,0,0,0,1,0,0,0,1,0.125
高速环境,0,0,1,3,0,0,1,5,0.7416666666666667
车辆通信,5,1,15,7,3,12,7,50,15.066666666666666
车载电子无线通信,0,0,0,1,0,0,0,1,0.125
通信协议,0,0,0,1,0,0,0,1,0.125
802,0,0,0,2,0,0,0,2,0.25
ieee802,0,0,0,2,0,0,0,2,0.25
物理层,1,0,0,4,0,3,0,8,2.225
收发射频板,0,0,0,0,0,4,0,4,0.9666666666666667
误码率,0,0,0,1,5,4,0,10,2.3
补偿因子,0,0,0,0,0,16,0,16,3.8666666666666667
相位跟踪模块,0,0,0,0,0,7,0,7,1.6916666666666667
视频,0,0,0,0,0,7,1,8,1.9333333333333333
modelsim,0,0,0,0,0,5,0,5,1.2083333333333333
频率同步模块,0,0,0,0,0,4,0,4,0.9666666666666667
载波同步模块,0,0,0,0,0,4,0,4,0.9666666666666667
频率同步,0,0,2,1,3,5,0,11,2.3083333333333336
接收端,0,0,1,12,1,8,0,22,3.8
射频传输,0,0,1,0,0,7,0,8,1.8166666666666667
时钟晶振,0,0,0,0,0,2,0,2,0.48333333333333334
同轴线,0,0,0,0,0,2,0,2,0.48333333333333334
无线传输,0,0,0,0,0,2,0,2,0.48333333333333334
相位跟踪,0,0,1,0,0,7,1,9,2.0583333333333336
载波同步,0,0,2,1,0,9,1,13,2.7916666666666665
解调,0,0,0,1,1,3,0,5,1.0916666666666668
ofdm数据符号,0,0,0,0,0,2,0,2,0.48333333333333334
待补偿数据,0,0,0,0,0,5,0,5,1.2083333333333333
频偏值,0,0,0,0,0,3,0,3,0.725
数据,1,0,8,3,9,13,2,36,8.175
时序仿真图,0,0,0,0,0,2,0,2,0.48333333333333334
视频射频传输,0,0,0,0,0,1,0,1,0.24166666666666667
ip,0,0,1,0,0,1,0,2,0.3666666666666667
无线收发传输,0,0,0,0,0,1,0,1,0.24166666666666667
发射频板,0,0,0,0,0,1,0,1,0.24166666666666667
时钟,0,0,0,0,0,2,0,2,0.48333333333333334
原型机,0,0,1,0,0,9,0,10,2.3
信道,0,0,4,12,3,4,1,24,3.9333333333333336
帧同步,0,0,0,0,1,3,0,4,0.9666666666666667
数据丢失,0,0,0,0,0,1,0,1,0.24166666666666667
系统,0,0,2,5,3,1,0,11,1.8416666666666668
相位跟踪算法,1,0,0,0,0,2,0,3,1.4833333333333334
载波同步算法,0,0,0,0,0,1,0,1,0.24166666666666667
性能仿真,0,0,0,0,1,1,0,2,0.48333333333333334
性能,0,0,2,6,15,2,1,26,5.35
联调,0,0,0,0,0,1,1,2,0.48333333333333334
双口ram,0,0,0,0,0,2,0,2,0.48333333333333334
长度,0,0,0,9,0,5,0,14,2.333333333333333
ofdm符号,0,0,2,21,19,8,0,50,9.4
深度,0,0,0,0,0,1,0,1,0.24166666666666667
数据缓存单元,0,0,0,0,0,1,0,1,0.24166666666666667
相位跟踪补偿,0,0,0,0,0,4,0,4,0.9666666666666667
导频信号,0,0,0,1,0,6,0,7,1.575
剩余相位补偿,0,0,0,0,0,2,0,2,0.48333333333333334
数据信号,0,0,0,0,0,1,0,1,0.24166666666666667
缓存,0,0,0,0,0,4,0,4,0.9666666666666667
相位补偿因子,0,0,0,0,0,1,0,1,0.24166666666666667
模块,0,0,0,0,0,5,0,5,1.2083333333333333
相位误差补偿因子,0,0,0,0,0,1,0,1,0.24166666666666667
导频信息,0,0,0,1,0,1,0,2,0.3666666666666667
相位艰踪模块,0,0,0,0,0,1,0,1,0.24166666666666667
延时,0,0,0,0,1,7,0,8,1.9333333333333333
数据符号,0,0,5,2,3,12,0,22,4.5
长训练符号,0,0,0,0,0,2,0,2,0.48333333333333334
待补偿,0,0,0,0,0,3,0,3,0.725
跟踪补偿,0,0,0,0,0,2,0,2,0.48333333333333334
频偏补偿因子,0,0,0,0,1,2,0,3,0.725
短训练序列符号,0,0,0,0,0,4,0,4,0.9666666666666667
时序仿真,0,0,0,0,0,1,0,1,0.24166666666666667
同步模块,0,0,0,0,0,1,0,1,0.24166666666666667
载波频率,0,0,0,0,0,1,0,1,0.24166666666666667
时流水线结构,0,0,0,0,0,1,0,1,0.24166666666666667
时序,0,0,0,0,0,2,0,2,0.48333333333333334
载波频率同步模块,0,0,0,0,0,2,0,2,0.48333333333333334
原型,0,0,0,0,0,1,0,1,0.24166666666666667
误码率曲线,0,0,0,0,0,1,0,1,0.24166666666666667
联调分析算,0,0,0,0,0,1,0,1,0.24166666666666667
时序波形,0,0,0,0,0,1,0,1,0.24166666666666667
信号,0,0,5,27,3,5,0,40,5.933333333333334
衰落,0,0,1,6,0,0,0,7,0.875
无线信道,0,0,1,9,0,1,0,11,1.4916666666666667
接收信号,0,0,3,11,2,2,0,18,2.716666666666667
无线通信系统,0,0,4,6,0,0,1,11,1.4916666666666667
多普勒频移,1,0,6,4,5,7,1,24,5.391666666666667
多普勒扩展,0,0,0,4,0,0,0,4,0.5
符号周期,0,0,0,3,0,0,0,3,0.375
时延扩展,0,0,0,3,1,0,0,4,0.6166666666666667
符号间隔,0,0,0,3,0,0,0,3,0.375
频率,0,0,3,7,10,4,0,24,4.633333333333333
通信系统,1,0,1,5,0,1,0,8,1.9916666666666667
莱斯谱,0,0,0,2,0,0,0,2,0.25
经典谱,0,0,0,2,0,0,0,2,0.25
频谱,0,0,2,6,0,0,0,8,1.0
主径,0,0,0,2,0,0,0,2,0.25
乡村,0,0,0,2,0,0,0,2,0.25
信道传播模型,0,0,0,2,0,0,0,2,0.25
高速公路,0,0,1,2,0,0,0,3,0.375
通信质量,0,0,1,2,0,0,1,4,0.6166666666666667
速度,0,0,1,3,2,0,0,6,0.9833333333333334
信道冲激响应,0,0,1,2,0,0,0,3,0.375
符号速率,0,0,0,2,0,0,0,2,0.25
相干时间,0,0,0,2,0,0,0,2,0.25
失真,0,0,0,2,0,0,0,2,0.25
波形,0,0,0,2,0,0,0,2,0.25
平坦性衰落信道,0,0,0,2,1,0,0,3,0.4916666666666667
周期,0,0,0,5,0,0,0,5,0.625
快衰落,0,0,0,3,0,0,0,3,0.375
带宽,0,0,1,5,2,0,0,8,1.2333333333333334
相位,0,0,0,2,1,3,0,6,1.2166666666666668
多径传播,1,0,2,2,0,0,1,6,1.7416666666666667
电平均值,0,0,0,2,0,0,0,2,0.25
阴影衰落,0,0,0,2,0,0,0,2,0.25
路径损耗,0,0,0,2,0,0,0,2,0.25
小尺度衰落,0,0,0,3,0,0,1,4,0.6166666666666667
大尺度衰落,0,0,0,2,0,0,1,3,0.4916666666666667
幅度,0,0,0,2,0,1,0,3,0.4916666666666667
莱斯衰落信道,0,0,0,1,0,0,0,1,0.125
直射信号,0,0,0,1,0,0,0,1,0.125
算法仿真,0,0,0,2,0,0,0,2,0.25
莱斯分量,0,0,0,1,0,0,0,1,0.125
直射分量,0,0,0,1,0,0,0,1,0.125
散射分量,0,0,0,1,0,0,0,1,0.125
散射作,0,0,0,1,0,0,0,1,0.125
传播信号,0,0,0,1,0,0,0,1,0.125
远郊平原,0,0,0,1,0,0,0,1,0.125
模型,0,0,0,1,0,0,0,1,0.125
多普勒谱,0,0,0,1,0,0,0,1,0.125
平均相对增益,0,0,0,1,0,0,0,1,0.125
时延,0,0,0,2,0,0,0,2,0.25
相对,0,0,0,1,0,0,0,1,0.125
径数,0,0,0,1,0,0,0,1,0.125
信道模型参数,0,0,0,1,0,0,0,1,0.125
6径信道,0,0,0,1,0,0,0,1,0.125
rax6模型,0,0,0,1,0,0,0,1,0.125
信道特征,0,0,0,1,0,0,0,1,0.125
莱斯衰落,0,0,0,1,0,0,0,1,0.125
直射径,0,0,0,1,1,0,0,2,0.3666666666666667
功率谱,0,0,0,2,0,1,0,3,0.4916666666666667
高斯2型谱,0,0,0,1,0,0,0,1,0.125
高斯1型谱,0,0,0,1,0,0,0,1,0.125
相对功率,0,0,0,1,0,0,0,1,0.125
多径数目,0,0,0,1,0,0,0,1,0.125
传播模型,0,0,0,1,0,0,0,1,0.125
运行速度,0,0,0,1,0,0,0,1,0.125
山区,0,0,0,1,0,0,0,1,0.125
ba,0,0,0,1,0,0,0,1,0.125
typical,0,0,0,1,0,0,0,1,0.125
典型城市,0,0,0,1,0,0,0,1,0.125
ruru,0,0,0,1,0,0,0,1,0.125
cost207,0,0,0,1,0,0,0,1,0.125
cost207模型,0,0,0,1,0,0,0,1,0.125
模拟车辆通信,0,0,0,1,0,0,0,1,0.125
多径衰落,0,0,1,1,0,0,0,2,0.25
质量,1,0,0,2,0,0,0,3,1.25
多普勒效应,1,0,1,2,0,1,0,5,1.6166666666666667
时变,0,0,0,1,1,0,0,2,0.3666666666666667
信道质量,0,0,0,2,0,0,0,2,0.25
高速移动,1,0,1,1,0,0,0,3,1.25
慢衰落信道,0,0,0,1,0,0,0,1,0.125
数字基带信号,0,0,0,1,0,0,0,1,0.125
快衰落信道,0,0,0,1,0,0,0,1,0.125
多普勒,0,0,0,1,0,0,0,1,0.125
干扰,0,0,1,1,0,0,0,2,0.25
子载波,1,0,10,39,7,1,1,59,9.3
衰落程,0,0,0,1,0,0,0,1,0.125
频率选择性衰落信道,0,0,0,1,0,0,0,1,0.125
选择性衰落信道,0,0,0,1,0,0,0,1,0.125
基带信号,0,0,0,2,0,0,0,2,0.25
符号间干扰,0,0,0,2,0,0,0,2,0.25
频谱特性,0,0,1,1,0,0,0,2,0.25
频率分量,0,0,0,1,0,0,0,1,0.125
信号带宽,0,0,0,1,0,0,0,1,0.125
慢衰落,0,0,0,2,0,0,0,2,0.25
频率选择性衰落,0,0,0,2,0,0,0,2,0.25
平坦性衰落,0,0,0,2,0,0,0,2,0.25
衰落类型,0,0,0,1,0,0,0,1,0.125
信道参数,0,0,0,1,0,0,0,1,0.125
信号参数,0,0,0,1,0,0,0,1,0.125
信道时间差异,0,0,0,1,0,0,0,1,0.125
电平,0,0,0,1,0,0,0,1,0.125
空间距离,0,0,0,1,0,0,0,1,0.125
波长量级,0,0,0,1,0,0,0,1,0.125
阴影效应,0,0,0,1,0,0,0,1,0.125
地形,0,0,0,1,0,0,0,1,0.125
建筑物,0,0,0,1,0,0,0,1,0.125
电磁波,0,0,0,1,0,0,0,1,0.125
千米量级,0,0,0,1,0,0,0,1,0.125
能量损失,0,0,0,1,0,0,0,1,0.125
功率衰减,0,0,0,1,0,0,0,1,0.125
电波传播,0,0,0,1,0,0,0,1,0.125
发射功率,0,0,0,1,0,0,0,1,0.125
无线衰落信道,0,0,0,1,0,0,0,1,0.125
信号衰落,0,0,0,1,0,1,0,2,0.3666666666666667
时间,0,0,0,2,0,0,0,2,0.25
传播,0,0,0,1,0,0,0,1,0.125
散射波,0,0,0,1,0,0,0,1,0.125
折射波,0,0,0,1,0,0,0,1,0.125
直射波,0,0,0,1,0,0,0,1,0.125
电波,0,0,0,1,0,0,0,1,0.125
通信信道,0,0,1,1,0,0,0,2,0.25
参数化,0,0,0,1,0,0,0,1,0.125
信道建,0,0,0,1,0,0,0,1,0.125
无线信道特性,0,0,0,1,0,0,0,1,0.125
传输质量,0,0,0,2,0,0,0,2,0.25
无线传输信道,0,0,0,1,0,0,0,1,0.125
传输特性,0,0,0,2,0,0,0,2,0.25
硬件,1,0,3,1,0,16,0,21,5.366666666666667
fpga开发板,0,0,0,0,0,5,0,5,1.2083333333333333
verilog语言,0,0,1,0,0,1,0,2,0.3666666666666667
802.11p,1,0,1,4,0,4,4,14,3.5583333333333336
采样时钟同步,0,0,0,0,0,1,0,1,0.24166666666666667
载波频率同步,0,0,0,0,3,2,1,6,1.45
定时同步,0,0,1,1,7,1,1,11,2.425
同步技术,1,0,5,0,0,1,2,9,2.35
车辆通信协议,0,0,0,0,0,1,0,1,0.24166666666666667
.lip,0,0,0,0,0,1,0,1,0.24166666666666667
信道环境,0,0,0,0,0,1,0,1,0.24166666666666667
载波频率偏差,0,0,1,0,3,2,0,6,1.3333333333333333
本振频率偏差,0,0,0,0,0,1,0,1,0.24166666666666667
接收机,0,0,0,4,0,7,0,11,2.1916666666666664
802.1ip,0,0,0,2,0,1,1,4,0.7333333333333334
.1ip,0,0,0,0,0,1,0,1,0.24166666666666667
参考信号,1,0,2,12,5,0,2,22,4.441666666666666
时隙,0,0,3,10,7,0,1,21,3.5583333333333336
频域,0,0,1,5,3,2,0,11,1.9583333333333333
zc序列,0,0,0,3,1,0,0,4,0.6166666666666667
sss,0,0,0,3,0,0,0,3,0.375
pss,0,0,0,3,3,0,0,6,1.1
无线帧,0,0,0,3,0,0,0,3,0.375
子帧,0,0,3,6,6,0,0,15,2.575
zadoff-chu序列,0,0,0,2,0,0,0,2,0.25
小区id,0,0,0,2,0,0,0,2,0.25
符号,0,0,4,12,8,2,0,26,4.416666666666666
资源块,0,0,1,5,0,0,0,6,0.75
时域,0,0,1,4,1,2,0,8,1.35
小区,0,0,0,2,0,0,1,3,0.4916666666666667
单天线,0,0,0,2,0,0,0,2,0.25
专用参考信号,0,0,0,2,0,0,0,2,0.25
ue,0,0,0,2,0,0,0,2,0.25
同步序列,0,0,0,3,0,0,1,4,0.6166666666666667
小区id号,0,0,0,1,0,0,0,1,0.125
根序列号,0,0,0,1,0,0,0,1,0.125
pss信号,0,0,0,1,0,0,0,1,0.125
映射,0,0,0,2,0,0,1,3,0.4916666666666667
6pss序列,0,0,0,1,0,0,0,1,0.125
中间直流,0,0,0,1,0,0,0,1,0.125
sss映射,0,0,0,1,0,0,0,1,0.125
pss映射,0,0,0,1,0,0,0,1,0.125
pss/sss,0,0,0,1,0,0,0,1,0.125
预留资源,0,0,0,1,0,0,0,1,0.125
带宽中心,0,0,0,1,0,0,0,1,0.125
根指数,0,0,0,1,0,0,0,1,0.125
循环前缀,0,0,3,7,3,1,0,14,2.216666666666667
物理标识,0,0,0,1,0,0,0,1,0.125
辅同步信号,0,0,0,1,0,0,0,1,0.125
主同步信号,0,0,0,1,0,0,0,1,0.125
辅同步序列,0,0,0,1,0,0,0,1,0.125
主同步序列,1,0,1,1,8,0,2,13,3.6666666666666665
物理帧结构,0,0,0,1,0,0,0,1,0.125
lte下行链路,0,0,0,1,0,0,0,1,0.125
伪随机序列,0,0,0,1,0,0,0,1,0.125
gold序列,0,0,0,1,0,0,0,1,0.125
ofdm符号序号,0,0,0,1,0,0,0,1,0.125
时隙号,0,0,0,1,0,0,0,1,0.125
信号序列,0,0,0,1,0,0,0,1,0.125
参考,0,0,0,1,0,0,0,1,0.125
rb,0,0,1,3,1,0,0,5,0.7416666666666667
子载波间隔,0,0,1,6,2,0,0,9,1.3583333333333334
频率估计,0,0,1,1,0,0,0,2,0.25
下行信道,0,0,0,1,0,0,0,1,0.125
小区参考信号,0,0,0,1,3,0,0,4,0.85
调制,0,0,0,6,1,0,1,8,1.2333333333333334
qpsk,0,0,0,4,1,0,0,5,0.7416666666666667
峰均比,0,0,0,2,0,0,0,2,0.25
发射信号,0,0,0,1,0,0,0,1,0.125
mbsfn参考信号,0,0,0,1,0,0,0,1,0.125
小区专用参考信号,0,0,0,1,0,0,0,1,0.125
lte下行信道,0,0,0,1,0,0,0,1,0.125
相干解调,0,0,0,1,0,0,0,1,0.125
referencesignal,0,0,0,1,0,0,0,1,0.125
时频二维结构,0,0,1,2,0,0,0,3,0.375
lte系统,0,0,0,2,1,0,0,3,0.4916666666666667
符号样值,0,0,0,2,0,0,0,2,0.25
tdd-lte,0,0,0,2,0,0,0,2,0.25
dwpts,0,0,0,2,0,0,0,2,0.25
tdd模式,0,0,0,2,0,0,0,2,0.25
fdd模式,0,0,0,2,0,0,0,2,0.25
d-lte帧结构,0,0,0,1,0,0,0,1,0.125
样值长度,0,0,0,1,0,0,0,1,0.125
符号样值长度,0,0,0,1,0,0,0,1,0.125
扩展循环前缀,0,0,0,1,0,0,0,1,0.125
3gpp,0,0,0,3,0,0,0,3,0.375
业务支持,0,0,0,1,0,0,0,1,0.125
循环前缀长度,0,0,0,1,0,0,0,1,0.125
3gpp协议,0,0,0,1,0,0,0,1,0.125
可用时隙配比,0,0,0,1,0,0,0,1,0.125
不对称时隙传输,0,0,0,1,0,0,0,1,0.125
上下行,0,0,0,1,0,0,0,1,0.125
保护间隔,1,0,1,4,1,0,0,7,1.8666666666666667
控制信息,0,0,0,1,0,0,0,1,0.125
uwpts,0,0,0,1,0,0,0,1,0.125
uppt,0,0,0,1,0,0,0,1,0.125
tdd-lte数据帧,0,0,0,1,0,0,0,1,0.125
无线帧长,0,0,0,1,0,0,0,1,0.125
tdd模,0,0,0,1,0,0,0,1,0.125
双工模式,0,0,0,1,0,0,0,1,0.125
无线帧结构,0,0,0,1,0,0,0,1,0.125
lte,4,0,6,9,3,0,4,26,7.566666666666666
lte帧结构,0,0,0,1,0,0,0,1,0.125
fft,0,0,1,10,3,2,0,16,2.583333333333333
发送端,0,0,0,10,0,1,0,11,1.4916666666666667
ofdm系统,0,0,9,8,10,0,1,28,4.783333333333333
正交性,1,0,1,8,4,0,0,14,3.091666666666667
ofdm,3,0,8,10,0,0,0,21,5.25
dft,0,0,0,6,0,2,0,8,1.2333333333333334
isi,0,0,0,5,0,0,0,5,0.625
样值,0,0,0,9,0,2,0,11,1.6083333333333334
子信道,0,0,2,4,0,0,0,6,0.75
复等效基带信号,0,0,0,4,0,0,0,4,0.5
基带ofdm符号,0,0,0,3,0,0,0,3,0.375
子载波间,0,0,0,3,0,0,0,3,0.375
ifft,0,0,0,5,0,1,0,6,0.8666666666666667
dft运算,0,0,0,3,0,0,0,3,0.375
idft,0,0,0,3,0,0,0,3,0.375
ici,0,0,0,3,2,0,1,6,1.1
正交分量,0,0,0,3,0,0,0,3,0.375
调制解调,0,0,0,3,0,0,0,3,0.375
线性功放器,0,0,0,2,0,0,0,2,0.25
符号长度,0,0,0,2,0,0,0,2,0.25
收发机,0,0,0,2,0,0,0,2,0.25
fft变换,0,0,0,2,0,0,0,2,0.25
离散傅里叶变换,0,0,0,2,0,0,0,2,0.25
信息,0,0,1,2,0,0,0,3,0.375
调试函数,0,0,0,2,0,0,0,2,0.25
同相分量,0,0,0,2,0,0,0,2,0.25
基带,0,0,0,2,0,0,0,2,0.25
子载波信道,0,0,1,2,0,0,0,3,0.375
频分复用技术,0,0,0,2,0,0,0,2,0.25
信号畸变,0,0,0,1,0,0,0,1,0.125
papr,0,0,0,1,0,0,0,1,0.125
平均功率比,0,0,0,1,0,0,0,1,0.125
峰值,0,0,1,1,0,0,0,2,0.25
发送信道,0,0,0,1,0,0,0,1,0.125
平均功率,0,0,0,1,0,0,0,1,0.125
瞬时功率,0,0,0,1,0,0,0,1,0.125
子信道数据符号,0,0,0,1,0,0,0,1,0.125
解调后数据,0,0,0,1,0,0,0,1,0.125
oici,0,0,0,1,0,0,0,1,0.125
载波干扰,0,0,0,1,0,0,0,1,0.125
本地振荡,0,0,0,1,0,0,0,1,0.125
传输,0,0,1,1,0,0,0,2,0.25
正交,0,0,0,1,0,0,0,1,0.125
频率偏移,2,0,1,2,3,1,0,9,3.341666666666667
ifft模块,0,0,0,1,1,0,0,2,0.3666666666666667
数字处理器,0,0,0,1,0,0,0,1,0.125
fpga,0,0,1,1,0,4,0,6,1.2166666666666668
dsp,0,0,0,1,0,0,0,1,0.125
大规模集成电路,0,0,0,1,0,0,0,1,0.125
处理速度,0,0,0,1,0,0,0,1,0.125
频谱利用率,1,0,3,2,0,0,0,6,1.625
信道时延,0,0,0,1,0,0,0,1,0.125
串并变换,0,0,0,1,0,0,0,1,0.125
传统通信技术,0,0,0,1,0,0,0,1,0.125
比特流,0,0,0,1,0,0,0,1,0.125
原始,0,0,0,1,0,0,0,1,0.125
译码,0,0,0,1,0,0,0,1,0.125
解交织,0,0,0,1,0,1,0,2,0.3666666666666667
解星座映射,0,0,0,1,0,0,0,1,0.125
处理协议,0,0,0,1,0,0,0,1,0.125
有用信号,0,0,0,1,0,0,0,1,0.125
信道校正,0,0,0,1,0,0,0,1,0.125
导频符号,0,0,3,1,1,0,0,5,0.7416666666666667
误差,0,0,0,1,0,0,0,1,0.125
多载波解调,0,0,0,1,0,0,0,1,0.125
数据点,0,0,0,1,0,0,0,1,0.125
点数串,0,0,0,1,0,0,0,1,0.125
起始点,0,0,0,1,0,0,0,1,0.125
同步处理,0,0,0,1,0,0,0,1,0.125
符号同步,0,0,0,1,1,1,0,3,0.6083333333333334
时钟同步,0,0,0,1,0,0,0,1,0.125
数字信号,0,0,0,1,0,0,0,1,0.125
a/d,0,0,0,1,0,0,0,1,0.125
空中信号,0,0,0,1,0,0,0,1,0.125
无线空中信道,0,0,0,1,0,0,0,1,0.125
射频电路,0,0,0,1,0,0,0,1,0.125
d/a转换,0,0,0,1,0,0,0,1,0.125
成形滤波,0,0,0,1,0,1,0,2,0.3666666666666667
序列,0,0,1,1,0,0,0,2,0.25
样值序列,0,0,0,1,0,0,0,1,0.125
接收性能,0,0,0,1,0,0,0,1,0.125
信道质量检测,0,0,0,1,0,0,0,1,0.125
接收符号,0,0,0,1,0,0,0,1,0.125
导频,0,0,4,3,12,12,3,34,7.4
空白子载波,0,0,0,1,0,0,0,1,0.125
滤波器,0,0,0,1,0,0,0,1,0.125
保护带宽,0,0,0,1,0,0,0,1,0.125
宽度,0,0,0,1,0,0,0,1,0.125
虚载波,0,0,1,1,0,0,0,2,0.25
dft变换器,0,0,0,1,0,0,0,1,0.125
低速符号,0,0,0,1,0,0,0,1,0.125
mqam调制,0,0,0,1,0,0,0,1,0.125
bpsk,0,0,0,3,0,0,0,3,0.375
基带调制,0,0,0,1,0,0,0,1,0.125
编码,0,0,0,1,0,0,0,1,0.125
turbo码,0,0,0,1,0,0,0,1,0.125
卷积编码,0,0,0,1,0,0,0,1,0.125
信道编码,0,0,0,1,0,1,0,2,0.3666666666666667
比特,0,0,0,1,0,0,0,1,0.125
ofdm基带收发系统,0,0,0,1,0,0,0,1,0.125
损耗,0,0,0,1,0,0,0,1,0.125
信噪比,0,0,0,1,1,0,0,2,0.3666666666666667
系统开销,0,0,0,1,0,0,0,1,0.125
区间,0,0,0,1,0,0,0,1,0.125
fft运算区间,0,0,0,1,0,0,0,1,0.125
离散时域样值,0,0,0,1,0,0,0,1,0.125
icie,0,0,0,1,0,0,0,1,0.125
fft运算长度,0,0,0,1,0,0,0,1,0.125
空白间隔,0,0,0,1,0,0,0,1,0.125
时延扩展时间,0,0,0,1,0,0,0,1,0.125
数据流,0,0,1,1,0,0,0,2,0.25
fft算法,0,0,0,1,0,0,0,1,0.125
高点数,0,0,0,1,0,0,0,1,0.125
线性增长,0,0,0,1,0,0,0,1,0.125
运算量,0,0,0,1,0,0,0,1,0.125
点数,0,0,1,1,0,0,0,2,0.25
时间复杂度,0,0,0,1,0,0,0,1,0.125
复数乘法,0,0,0,1,0,0,0,1,0.125
次复数乘法,0,0,0,1,0,0,0,1,0.125
快速算法,0,0,0,1,0,0,0,1,0.125
频域数据,0,0,0,1,0,0,0,1,0.125
ofdm基带符号,0,0,0,1,0,0,0,1,0.125
数模转换,0,0,0,1,0,1,0,2,0.3666666666666667
调制解调过程,0,0,0,1,0,0,0,1,0.125
dft数学变换,0,0,0,1,0,0,0,1,0.125
频域样值,0,0,0,1,0,0,0,1,0.125
复数符号,0,0,0,1,0,0,0,1,0.125
离散傅里叶逆变换,0,0,0,1,0,0,0,1,0.125
吋刻,0,0,0,1,0,0,0,1,0.125
抽样速率,0,0,0,1,0,0,0,1,0.125
信道间干扰,0,0,0,2,0,0,0,2,0.25
pj27,0,0,0,1,0,0,0,1,0.125
调制函数,0,0,0,1,0,0,0,1,0.125
时间长度,0,0,0,1,0,0,0,1,0.125
子信道数据解调,0,0,0,1,0,0,0,1,0.125
子载波解调,0,0,0,1,0,0,0,1,0.125
射回数据信息,0,0,0,1,0,0,0,1,0.125
还原发送数据,0,0,0,1,0,0,0,1,0.125
同相,0,0,0,1,0,0,0,1,0.125
三角函数,0,0,0,1,0,0,0,1,0.125
sin分量,0,0,0,1,0,0,0,1,0.125
cos分量,0,0,0,1,0,0,0,1,0.125
中心频率,0,0,0,1,0,0,0,1,0.125
调制符号,0,0,0,1,0,0,0,1,0.125
子载波编号,0,0,0,1,0,0,0,1,0.125
子载波数量,0,0,0,1,0,0,0,1,0.125
持续时间,0,0,0,2,0,0,0,2,0.25
re像却冲,0,0,0,1,0,0,0,1,0.125
qam调制,0,0,0,1,0,0,0,1,0.125
psk,0,0,0,1,0,0,0,1,0.125
效率,0,0,0,1,0,1,0,2,0.3666666666666667
频谱资源,1,0,0,2,0,0,0,3,1.25
选择性衰落,0,0,0,1,0,0,0,1,0.125
数据传输速率,1,0,1,1,0,0,0,3,1.25
高速数据流,0,0,0,1,0,0,0,1,0.125
物理层子载波映射,0,0,0,1,0,0,0,1,0.125
lip,0,0,0,1,0,2,0,3,0.6083333333333334
空子载波,0,0,0,1,0,0,0,1,0.125
空白符号,0,0,0,1,0,0,0,1,0.125
低端,0,0,0,1,0,0,0,1,0.125
端编号,0,0,0,1,0,0,0,1,0.125
子载波标号,0,0,0,1,0,0,0,1,0.125
占用带宽,0,0,0,1,0,0,0,1,0.125
承载导频信号,0,0,0,1,0,0,0,1,0.125
承我数据信号,0,0,0,1,0,0,0,1,0.125
子载波数,0,0,0,1,4,0,0,5,1.0916666666666668
子载波分配,0,0,0,2,0,0,1,3,0.4916666666666667
车辆通信系统,0,0,1,0,0,2,0,3,0.6083333333333334
业务,0,0,0,0,0,1,0,1,0.24166666666666667
实时视频传输系统,0,0,0,0,0,2,0,2,0.48333333333333334
射频通信,0,0,0,0,0,1,0,1,0.24166666666666667
收发板,0,0,1,0,0,2,0,3,0.6083333333333334
物理层车辆通信系统,0,0,0,0,0,1,0,1,0.24166666666666667
ieee802.11,1,0,2,0,0,2,0,5,1.7333333333333334
同步算法,2,0,23,0,20,0,7,52,11.4
s&c算法,0,0,6,0,0,0,0,6,0.75
定时测度,0,0,4,0,0,0,0,4,0.5
频偏估计,0,0,4,1,7,0,1,13,2.5583333333333336
时变信道,0,0,3,0,1,0,0,4,0.6166666666666667
多径干扰,0,0,3,0,0,0,0,3,0.375
估计精度,0,0,3,0,0,0,0,3,0.375
复杂度,0,0,4,0,0,0,0,4,0.5
数据辅助,0,0,5,0,7,0,0,12,2.3166666666666664
lcr算法,0,0,2,0,0,0,0,2,0.25
相位偏差,0,0,2,0,1,1,0,4,0.7333333333333334
频偏,0,0,3,0,1,0,0,4,0.6166666666666667
cp同步算法,0,0,2,0,0,0,0,2,0.25
同步性能,0,0,2,0,3,0,1,6,1.2166666666666668
chirp序列,0,0,2,0,0,0,0,2,0.25
cazac序列,0,0,3,0,0,0,0,3,0.375
bo-seok算法,0,0,2,0,0,0,0,2,0.25
bo-seok,0,0,2,0,0,0,0,2,0.25
精度,0,0,2,0,1,0,0,3,0.4916666666666667
训练符号,0,0,2,0,3,1,0,6,1.2166666666666668
同步估计,0,0,2,0,0,0,0,2,0.25
cps,0,0,1,0,0,0,0,1,0.125
信道功率谱,0,0,1,0,0,0,0,1,0.125
衰落信号,0,0,1,0,0,0,0,1,0.125
频域导频信号,0,0,1,0,0,0,0,1,0.125
unpark,0,0,1,0,0,0,0,1,0.125
电平交叉率,0,0,1,0,0,0,0,1,0.125
平方偏差,0,0,1,0,0,0,0,1,0.125
包络,0,0,1,0,0,0,0,1,0.125
频域值,0,0,1,0,0,0,0,1,0.125
acf算法,0,0,1,0,0,0,0,1,0.125
信道估计,0,0,1,2,1,1,0,5,0.8583333333333334
acf,0,0,1,0,0,0,0,1,0.125
自相关,0,0,1,0,0,0,0,1,0.125
tha,0,0,1,0,0,0,0,1,0.125
多普勒频偏估计,0,0,1,0,0,0,0,1,0.125
多频偏估计算法,0,0,1,0,0,0,0,1,0.125
载波聚合,0,0,1,0,0,0,0,1,0.125
算法,0,0,1,0,2,1,0,4,0.85
迭代速度,0,0,1,0,0,0,0,1,0.125
迭代,0,0,1,0,0,0,0,1,0.125
自回归,0,0,1,0,0,0,0,1,0.125
信道状态,0,0,1,0,0,0,0,1,0.125
基扩展模型,0,0,1,0,0,0,0,1,0.125
mimo-ofdm系统,0,0,1,0,0,0,0,1,0.125
频率偏差,1,0,3,1,5,8,2,20,5.125
kalman滤波,0,0,1,0,0,0,0,1,0.125
观测方程,0,0,1,0,0,0,0,1,0.125
状态方程,0,0,1,0,0,0,0,1,0.125
后验概率,0,0,1,0,0,0,0,1,0.125
似然ml,0,0,1,0,0,0,0,1,0.125
二乘r,0,0,1,0,0,0,0,1,0.125
阶数,0,0,1,0,0,0,0,1,0.125
复指数基扩展模型,0,0,1,0,0,0,0,1,0.125
约束条件,0,0,1,0,0,0,0,1,0.125
频偏估计算,0,0,1,0,1,0,0,2,0.3666666666666667
ce-bem模型,0,0,1,0,0,0,0,1,0.125
复指数基,0,0,1,0,0,0,0,1,0.125
似然估计算法,0,0,1,0,0,0,0,1,0.125
后验概率估计算法,0,0,1,0,0,0,0,1,0.125
信道统计特性,0,0,1,0,0,0,0,1,0.125
载波频偏,0,0,1,0,0,1,0,2,0.3666666666666667
高速环境时变信道,0,0,1,0,0,0,0,1,0.125
无线通信技术,1,0,4,0,0,0,0,5,1.5
盲同步算法,0,0,2,0,1,0,1,4,0.7333333333333334
抽样误差,0,0,1,0,0,0,0,1,0.125
qam系统,0,0,1,0,0,0,0,1,0.125
杂度,0,0,1,0,0,0,0,1,0.125
ureli,0,0,1,0,0,0,0,1,0.125
载波偏移,0,0,1,0,0,0,0,1,0.125
时频转换,0,0,1,0,0,0,0,1,0.125
偶数序列,0,0,1,0,0,0,0,1,0.125
奇数序列,0,0,1,0,0,0,0,1,0.125
采样,0,0,1,0,1,0,0,2,0.3666666666666667
时域接收信号,0,0,1,0,0,0,0,1,0.125
高阶统计特性,0,0,1,0,0,0,0,1,0.125
同步,1,0,2,0,8,1,3,15,4.15
cp集,0,0,1,0,0,0,0,1,0.125
asubramanian,0,0,1,0,0,0,0,1,0.125
离散导频同步算法,0,0,1,0,0,0,0,1,0.125
vandebeek,0,0,1,0,0,0,0,1,0.125
landstorm,0,0,1,0,0,0,0,1,0.125
多径,0,0,1,0,1,0,0,2,0.3666666666666667
awgn信道,0,0,1,0,0,0,0,1,0.125
bee,0,0,1,0,0,0,0,1,0.125
定时,0,0,1,1,1,0,0,3,0.4916666666666667
非数据辅助算法,0,0,1,0,1,0,0,2,0.3666666666666667
循环前缀估计算法,0,0,1,0,0,0,0,1,0.125
盲估计,0,0,1,0,0,0,0,1,0.125
传输效率,0,0,1,0,0,0,0,1,0.125
非数据辅助同步算法,0,0,1,0,0,0,0,1,0.125
pn序列,0,0,1,0,0,0,0,1,0.125
导频序列,0,0,1,0,0,0,0,1,0.125
加权因子,0,0,1,0,0,0,0,1,0.125
wi,0,0,1,0,0,0,0,1,0.125
时频估计,0,0,1,0,0,0,0,1,0.125
连续间隔数据符号,0,0,1,0,0,0,0,1,0.125
rette,0,0,1,0,0,0,0,1,0.125
la,0,0,1,0,1,0,0,2,0.3666666666666667
训练序列符号,0,0,1,0,1,1,0,3,0.6083333333333334
零相关性,0,0,1,0,0,0,0,1,0.125
恒包络,0,0,1,0,1,0,0,2,0.3666666666666667
blue频率同步算法,0,0,1,0,0,0,0,1,0.125
最优线性无偏估计算法,0,0,1,0,0,0,0,1,0.125
linearunbiase,0,0,1,0,0,0,0,1,0.125
定时细同步,0,0,1,0,1,0,0,2,0.3666666666666667
相位旋转差异,0,0,1,0,0,0,0,1,0.125
定时同步偏差,0,0,1,0,0,0,0,1,0.125
频率响应,0,0,1,0,1,0,0,2,0.3666666666666667
频偏估计算法,0,0,1,0,1,0,0,2,0.3666666666666667
相对相位差,0,0,1,0,0,0,0,1,0.125
信道信息,0,0,1,0,0,0,0,1,0.125
绝对相位,0,0,1,0,0,0,0,1,0.125
差分相位调制,0,0,1,0,0,0,0,1,0.125
s&c,0,0,1,0,0,0,0,1,0.125
脉冲,0,0,1,0,0,0,0,1,0.125
共轴对称性,0,0,1,0,0,0,0,1,0.125
h.minn算法,0,0,1,0,0,0,0,1,0.125
定时估计,0,0,1,0,1,0,0,2,0.3666666666666667
小数频偏,0,0,1,0,0,0,0,1,0.125
整数频偏估计,0,0,1,0,1,0,0,2,0.3666666666666667
数据辅助算法,0,0,1,0,2,0,0,3,0.6083333333333334
数据传输效率,0,0,1,0,1,0,0,2,0.3666666666666667
同步技,0,0,1,0,0,0,0,1,0.125
高速,0,0,5,2,0,0,0,7,0.875
ofdm技,2,0,4,1,0,0,1,8,2.8666666666666667
802.1,0,0,2,0,0,0,1,3,0.4916666666666667
1ip,0,0,2,0,0,1,0,3,0.4916666666666667
无线通信环,0,0,2,0,1,0,0,3,0.4916666666666667
射频调试,0,0,1,0,0,0,0,1,0.125
仿真联调,0,0,1,0,0,0,0,1,0.125
联合频偏同步算法,0,0,1,0,0,0,0,1,0.125
经典算法,0,0,1,0,0,0,0,1,0.125
物理层结构,0,0,1,0,0,0,0,1,0.125
车辆无线通信系统,0,0,1,0,0,0,0,1,0.125
视频传输调试,0,0,1,0,0,0,0,1,0.125
车载通信,0,0,2,0,0,0,1,3,0.4916666666666667
era,0,0,1,0,0,2,0,3,0.6083333333333334
相位补偿,0,0,1,0,0,0,0,1,0.125
插入,0,0,1,0,0,0,0,1,0.125
idl,0,0,1,0,0,0,0,1,0.125
sc,0,0,1,0,0,0,0,1,0.125
非数据辅助,0,0,1,0,1,0,0,2,0.3666666666666667
训练序列,0,0,1,1,5,1,2,10,2.1833333333333336
联合频偏估计算,0,0,1,0,0,0,0,1,0.125
长训练序列,0,0,1,7,0,3,0,11,1.725
短训练序列,0,0,1,7,0,9,0,17,3.175
rb数,0,0,1,1,0,0,0,2,0.25
物理层帧结构,0,0,1,0,0,0,0,1,0.125
ieee802.lip协议,0,0,1,0,0,0,0,1,0.125
lte协议,0,0,1,0,0,0,0,1,0.125
仿真,0,0,1,0,3,0,2,6,1.3333333333333333
802.lip,1,0,1,1,0,0,0,3,1.25
联合频偏估计,0,0,0,0,1,0,0,1,0.24166666666666667
系统传输,0,0,0,0,1,0,0,1,0.24166666666666667
同步误差,0,0,0,0,1,0,0,1,0.24166666666666667
ofdm通信系统,0,0,0,0,1,0,0,1,0.24166666666666667
无线通信,2,0,0,1,1,0,1,5,2.6083333333333334
可靠通信,0,0,1,0,1,0,0,2,0.3666666666666667
lte通信系统,0,0,0,0,1,0,0,1,0.24166666666666667
偏差,0,0,0,0,2,2,0,4,0.9666666666666667
收发信机,0,0,0,0,2,0,0,2,0.48333333333333334
样频率同步,0,0,0,0,2,0,0,2,0.48333333333333334
统计特性,0,0,0,0,1,0,0,1,0.24166666666666667
解调错误,0,0,0,0,1,0,0,1,0.24166666666666667
序号,0,0,0,0,1,0,0,1,0.24166666666666667
相位变,0,0,0,0,1,0,0,1,0.24166666666666667
时变定时偏差,0,0,0,0,1,0,0,1,0.24166666666666667
样频偏,0,0,0,0,1,0,0,1,0.24166666666666667
fft周期,0,0,0,0,1,0,0,1,0.24166666666666667
采样时钟,0,0,0,0,1,0,0,1,0.24166666666666667
采样频率偏差,0,0,0,0,1,1,0,2,0.48333333333333334
样间隔偏差,0,0,0,0,1,0,0,1,0.24166666666666667
样时钟,0,0,0,0,1,0,0,1,0.24166666666666667
晶振,0,0,0,0,1,0,0,1,0.24166666666666667
ad/da,0,0,0,0,1,0,0,1,0.24166666666666667
ofdm频谱,0,0,0,0,1,0,0,1,0.24166666666666667
频移,0,0,0,0,1,0,0,1,0.24166666666666667
频率采样值,0,0,0,0,1,0,0,1,0.24166666666666667
倍频率偏移,0,0,0,0,1,0,0,1,0.24166666666666667
icl,0,0,0,0,1,0,0,1,0.24166666666666667
能量,0,0,0,0,1,0,0,1,0.24166666666666667
数倍,0,0,0,0,1,0,0,1,0.24166666666666667
系统性能,0,0,0,0,1,0,0,1,0.24166666666666667
子载波间干扰,0,0,1,0,1,0,0,2,0.3666666666666667
载波频率偏移,0,0,0,0,1,0,0,1,0.24166666666666667
本地载波,0,0,0,0,1,0,0,1,0.24166666666666667
接收载波,0,0,0,0,1,0,0,1,0.24166666666666667
振荡器,0,0,0,0,1,1,0,2,0.48333333333333334
定时同步误差,0,0,0,0,1,0,0,1,0.24166666666666667
傅立叶变换,0,0,0,0,1,0,0,1,0.24166666666666667
快速,0,0,0,0,1,0,0,1,0.24166666666666667
定时粗同步,0,0,0,0,1,0,0,1,0.24166666666666667
高速铁路,0,0,4,0,0,0,0,4,0.5
移动互联网,2,0,5,0,0,0,0,7,2.625
智能交通,0,0,3,0,0,0,0,3,0.375
802.1lp,0,0,2,0,0,1,0,3,0.4916666666666667
lte技术,0,0,2,1,0,0,1,4,0.6166666666666667
协同信息交互技术,0,0,2,0,0,0,0,2,0.25
车车,0,0,2,0,0,0,0,2,0.25
车路,0,0,2,0,0,0,0,2,0.25
蜂窝通信技术,0,0,2,0,0,0,0,2,0.25
车辆通信技术,0,0,3,0,0,0,0,3,0.375
isl,0,0,1,0,0,0,0,1,0.125
时变快,0,0,1,0,0,0,0,1,0.125
速运动,0,0,1,0,0,0,0,1,0.125
无线通信环境,0,0,1,0,0,0,1,2,0.3666666666666667
解调性能,1,0,1,0,0,0,0,2,1.125
ofdm子载波,1,0,1,0,0,0,0,2,1.125
低速数据流,0,0,1,0,0,0,0,1,0.125
择性衰落,0,0,1,0,0,0,0,1,0.125
抗频率,0,0,1,0,0,0,0,1,0.125
频率复用技术,1,0,1,0,0,0,0,2,1.125
ieee802.1,0,0,1,0,0,1,1,3,0.6083333333333334
信息传输速率,0,0,1,0,0,0,0,1,0.125
车载环境,1,0,1,0,0,0,0,2,1.125
802.ha,0,0,1,0,0,0,0,1,0.125
工作频率,0,0,1,0,0,0,0,1,0.125
节点,0,0,1,0,0,0,0,1,0.125
网络,0,0,1,0,0,0,0,1,0.125
扁平化,0,0,1,0,0,0,0,1,0.125
系统网络架构,0,0,1,0,0,0,0,1,0.125
低时延,1,0,1,1,0,0,0,3,1.25
高移动性,1,0,1,0,0,0,0,2,1.125
频谱配置,1,0,1,0,0,0,0,2,1.125
带宽分配,1,0,1,0,0,0,0,2,1.125
mimo,1,0,1,0,0,0,0,2,1.125
准4g无线通信,1,0,1,0,0,0,0,2,1.125
无线通信网络,0,0,1,0,0,0,0,1,0.125
短程通信技术,0,0,1,0,0,0,0,1,0.125
车路协同,0,0,1,0,0,0,0,1,0.125
路边单元,0,0,1,0,0,0,1,2,0.3666666666666667
运行状态信息,0,0,1,0,0,0,0,1,0.125
车辆,0,0,1,0,0,0,1,2,0.3666666666666667
短程通信,0,0,1,0,0,0,0,1,0.125
安全,1,0,1,0,0,0,0,2,1.125
td-lte,0,0,1,0,0,0,0,1,0.125
电信研,0,0,1,0,0,0,0,1,0.125
工信部,0,0,1,0,0,0,0,1,0.125
通信,0,0,1,1,0,0,3,5,0.975
主干网络,0,0,1,0,0,0,0,1,0.125
基础网络,0,0,1,0,0,0,0,1,0.125
信息传送,0,0,1,0,0,0,0,1,0.125
卫星定位技术,0,0,1,0,0,0,0,1,0.125
服务,0,0,1,0,0,0,0,1,0.125
车载,0,0,1,0,0,0,0,1,0.125
车载信息服务产业,0,0,1,0,0,0,0,1,0.125
物联网,0,0,1,0,0,0,1,2,0.3666666666666667
4g网络,0,0,1,0,0,0,1,2,0.3666666666666667
汽车,0,0,1,0,0,0,0,1,0.125
自动驾驶,0,0,1,0,0,0,0,1,0.125
智能驾驶,0,0,1,0,0,0,0,1,0.125
交通环境,0,0,1,0,0,0,0,1,0.125
车辆互联网,0,0,1,0,0,0,0,1,0.125
汽车时代,0,0,1,0,0,0,0,1,0.125
车载娱乐,0,0,1,0,0,0,0,1,0.125
实时定位,0,0,1,0,0,0,0,1,0.125
道路导航,0,0,1,0,0,0,0,1,0.125
公共交通,0,0,1,0,0,0,0,1,0.125
私家车,0,0,1,0,0,0,0,1,0.125
个人移动通信,0,0,1,0,0,0,0,1,0.125
多媒体通信,1,0,1,0,0,0,0,2,1.125
语音,0,0,1,0,0,0,0,1,0.125
高铁,0,0,1,0,0,0,0,1,0.125
高速移动环境,0,0,1,0,0,0,0,1,0.125
沪杭高铁,0,0,1,0,0,0,0,1,0.125
京沪高铁,0,0,1,0,0,0,0,1,0.125
城际客运系统,0,0,1,0,0,0,0,1,0.125
客运专线,0,0,1,0,0,0,0,1,0.125
四纵四横,0,0,1,0,0,0,0,1,0.125
车联网,1,0,1,1,0,0,1,4,1.4916666666666667
移动通信过程,0,0,1,0,0,0,0,1,0.125
移动电子商务,0,0,1,0,0,0,0,1,0.125
手机搜索,0,0,1,0,0,0,0,1,0.125
移动定位,0,0,1,0,0,0,0,1,0.125
移动电子阅读,0,0,1,0,0,0,0,1,0.125
手机电视,0,0,1,0,0,0,0,1,0.125
手机游戏,0,0,1,0,0,0,0,1,0.125
移动广告,0,0,1,0,0,0,0,1,0.125
移动社交,0,0,1,0,0,0,0,1,0.125
通信技术,0,0,1,1,0,0,0,2,0.25
wifi,0,0,1,0,0,0,0,1,0.125
4g,0,0,1,0,0,0,0,1,0.125
智能终端,0,0,1,0,0,0,0,1,0.125
移动通信技术,1,0,1,0,0,0,0,2,1.125
业模式,0,0,1,0,0,0,0,1,0.125
平台,0,0,1,0,0,0,0,1,0.125
互联网,0,0,1,0,0,0,0,1,0.125
当今时代,0,0,1,0,0,0,0,1,0.125
互相关函数,0,0,0,0,3,0,0,3,0.725
定时偏移,0,0,0,0,2,0,0,2,0.48333333333333334
功率因子,0,0,0,0,2,0,0,2,0.48333333333333334
schmidl算法,0,0,0,0,3,0,0,3,0.725
频率频移,0,0,0,0,1,0,0,1,0.24166666666666667
角度,0,0,0,0,1,5,0,6,1.45
载波频率偏移估计,0,0,0,0,1,0,0,1,0.24166666666666667
argmax,0,0,0,0,1,0,0,1,0.24166666666666667
定时同步位置,0,0,0,0,1,0,0,1,0.24166666666666667
采样位置,0,0,0,0,1,0,0,1,0.24166666666666667
接收时,0,0,0,0,1,0,0,1,0.24166666666666667
同步检测概率,0,0,0,0,1,0,0,1,0.24166666666666667
传播距离,0,0,0,0,1,0,0,1,0.24166666666666667
功率,0,0,0,0,1,0,0,1,0.24166666666666667
频移估计函数,0,0,0,0,1,0,0,1,0.24166666666666667
训练符号结构,0,0,0,0,1,0,0,1,0.24166666666666667
重复间隔,0,0,0,0,1,0,0,1,0.24166666666666667
差分运算,0,0,0,0,1,0,0,1,0.24166666666666667
相位信息,0,0,0,0,1,1,0,2,0.48333333333333334
相关,0,0,0,0,1,0,0,1,0.24166666666666667
时频同步,0,0,0,0,1,0,0,1,0.24166666666666667
schmidl,0,0,0,0,1,0,0,1,0.24166666666666667
moose算法,0,0,0,0,3,0,0,3,0.725
频率选择性信道,0,0,0,0,1,0,0,1,0.24166666666666667
频域估计,0,0,0,0,1,0,0,1,0.24166666666666667
支re国,0,0,0,0,1,0,0,1,0.24166666666666667
似然准则,0,0,0,0,1,0,0,1,0.24166666666666667
噪声,0,0,0,0,1,1,0,2,0.48333333333333334
aacpofdm符号,0,0,0,0,1,0,0,1,0.24166666666666667
发射机,0,0,0,0,1,1,0,2,0.48333333333333334
似然估计,0,0,0,0,1,0,0,1,0.24166666666666667
moose,0,0,0,0,1,0,0,1,0.24166666666666667
相位跟踪补偿因子,0,0,0,0,0,4,0,4,0.9666666666666667
导频极性,0,0,0,0,0,3,0,3,0.725
平均值,0,0,0,0,0,1,0,1,0.24166666666666667
累加,0,0,0,0,0,7,0,7,1.6916666666666667
累加器,0,0,0,0,0,3,0,3,0.725
补码器,0,0,0,0,0,2,0,2,0.48333333333333334
虚部分量,0,0,0,0,0,1,0,1,0.24166666666666667
实部分量,0,0,0,0,0,1,0,1,0.24166666666666667
导频极性信号,0,0,0,0,0,1,0,1,0.24166666666666667
取反,0,0,0,0,0,1,0,1,0.24166666666666667
分量,0,0,0,0,0,1,0,1,0.24166666666666667
导频值,0,0,0,0,0,1,0,1,0.24166666666666667
循环序列控制,0,0,0,0,0,1,0,1,0.24166666666666667
扰码器,0,0,0,0,0,1,0,1,0.24166666666666667
802.11p系统,0,0,0,0,0,2,0,2,0.48333333333333334
相位跟踪补偿因子计算模块,0,0,0,0,0,1,0,1,0.24166666666666667
复数乘法器,0,0,0,0,0,3,0,3,0.725
标准导频信号,0,0,0,0,0,1,0,1,0.24166666666666667
计算模块,0,0,0,0,0,1,0,1,0.24166666666666667
地址信号,0,0,0,0,0,1,0,1,0.24166666666666667
导频提取单元,0,0,0,0,0,1,0,1,0.24166666666666667
缓存空间,0,0,0,0,0,1,0,1,0.24166666666666667
数据缓存模块,0,0,0,0,0,1,0,1,0.24166666666666667
串行,0,0,0,0,0,1,0,1,0.24166666666666667
数据缓存,0,0,0,0,0,3,0,3,0.725
导频提取,0,0,0,0,0,1,0,1,0.24166666666666667
车联网技术,0,0,1,1,0,0,0,2,0.25
编码效率,0,0,0,2,0,0,0,2,0.25
16qam,0,0,0,2,0,0,0,2,0.25
导频子载波,0,0,0,2,0,1,0,3,0.4916666666666667
保护间隔长度,0,0,0,2,0,0,0,2,0.25
参数,0,0,0,2,3,0,0,5,0.975
信道间隔,0,0,0,1,0,0,0,1,0.125
信道总带宽,0,0,0,1,0,0,0,1,0.125
有效符号,0,0,0,1,0,0,0,1,0.125
空载波数量,0,0,0,1,0,0,0,1,0.125
数据子载波数量,0,0,0,1,0,0,0,1,0.125
总子载波数,0,0,0,1,0,0,0,1,0.125
64qam,0,0,0,1,0,0,0,1,0.125
mb/s,0,0,0,1,0,0,0,1,0.125
参数数,0,0,0,1,0,0,0,1,0.125
频率校正,0,0,0,1,0,0,0,1,0.125
有效子载波承载数据,0,0,0,1,0,0,0,1,0.125
fft数据,0,0,0,1,0,0,0,1,0.125
数据长度,0,0,0,2,0,0,0,2,0.25
cp长度,0,0,0,2,0,0,0,2,0.25
移动速度,0,0,0,1,1,0,0,2,0.3666666666666667
物理层协议,0,0,0,1,0,0,0,1,0.125
统参数,0,0,0,1,0,0,0,1,0.125
物理层标准,0,0,0,2,0,0,1,3,0.4916666666666667
物理层接收机,0,0,0,0,0,3,0,3,0.725
发送机,0,0,0,0,0,3,0,3,0.725
计算机,0,0,0,0,0,3,0,3,0.725
摄像头,0,0,0,0,0,3,0,3,0.725
图像,0,0,0,0,0,2,0,2,0.48333333333333334
数据帧,0,0,0,0,1,4,0,5,1.2083333333333333
视频数据收发模块,0,0,0,0,0,2,0,2,0.48333333333333334
业务层,0,0,0,0,0,2,0,2,0.48333333333333334
模数转换模块,0,0,0,0,0,2,0,2,0.48333333333333334
原型机系统,0,0,0,0,0,3,0,3,0.725
还原,0,0,0,0,0,1,0,1,0.24166666666666667
接收,0,0,0,0,0,2,0,2,0.48333333333333334
bpsk解调模块,0,0,0,0,0,1,0,1,0.24166666666666667
信道估计模块,0,0,0,0,0,1,0,1,0.24166666666666667
粗同步,0,0,0,0,3,1,0,4,0.9666666666666667
上层读取,0,0,0,0,0,1,0,1,0.24166666666666667
数据缓存接口,0,0,0,0,0,1,0,1,0.24166666666666667
已解调数据,0,0,0,0,0,1,0,1,0.24166666666666667
解扰,0,0,0,0,0,1,0,1,0.24166666666666667
信道解码,0,0,0,0,0,1,0,1,0.24166666666666667
星座逆映射,0,0,0,0,0,1,0,1,0.24166666666666667
采样定时偏差,0,0,0,0,0,1,0,1,0.24166666666666667
信道衰减,0,0,0,0,0,1,0,1,0.24166666666666667
时域训练序列,0,0,0,0,0,1,0,1,0.24166666666666667
转换窗口,0,0,0,0,0,1,0,1,0.24166666666666667
同步定位,0,0,0,0,0,1,0,1,0.24166666666666667
载波偏差,0,0,0,0,0,1,0,1,0.24166666666666667
数字基带数据,0,0,0,0,0,1,0,1,0.24166666666666667
数模转换模块,0,0,0,0,0,1,0,1,0.24166666666666667
帧头,0,0,0,2,0,1,0,3,0.4916666666666667
星座映射,0,0,0,0,0,1,0,1,0.24166666666666667
交织,0,0,0,0,0,1,0,1,0.24166666666666667
物理层处理,0,0,0,0,0,1,0,1,0.24166666666666667
上层数据,0,0,0,0,0,1,0,1,0.24166666666666667
avalon总线,0,0,0,0,0,1,0,1,0.24166666666666667
niosii软核,0,0,0,0,0,1,0,1,0.24166666666666667
物理层发送机,0,0,0,0,0,1,0,1,0.24166666666666667
视频回显,0,0,0,0,0,1,0,1,0.24166666666666667
视频解压缩,0,0,0,0,0,1,0,1,0.24166666666666667
ee802,0,0,0,0,0,1,0,1,0.24166666666666667
模数转换,0,0,0,0,0,1,0,1,0.24166666666666667
射频接收,0,0,0,0,0,1,0,1,0.24166666666666667
射频调制,0,0,0,0,0,1,0,1,0.24166666666666667
压缩视频数据,0,0,0,0,0,1,0,1,0.24166666666666667
视频压缩编码,0,0,0,0,0,1,0,1,0.24166666666666667
视频信息,0,0,0,0,0,1,0,1,0.24166666666666667
收发流,0,0,0,0,0,1,0,1,0.24166666666666667
射频板,0,0,0,0,0,2,0,2,0.48333333333333334
ad/da板,0,0,0,0,0,2,0,2,0.48333333333333334
连接,0,0,0,0,0,1,0,1,0.24166666666666667
视频传输系统,0,0,0,0,0,1,0,1,0.24166666666666667
接口模块,0,0,0,0,0,1,0,1,0.24166666666666667
中间层控制,0,0,0,0,0,1,0,1,0.24166666666666667
中间层,0,0,0,0,0,1,0,1,0.24166666666666667
回显模块,0,0,0,0,0,1,0,1,0.24166666666666667
视频集,0,0,0,0,0,1,0,1,0.24166666666666667
等待时延,0,0,0,0,0,1,0,1,0.24166666666666667
吞吐量,0,0,0,0,0,1,0,1,0.24166666666666667
平行处理能力,0,0,0,0,0,1,0,1,0.24166666666666667
流水线,0,0,0,0,0,3,0,3,0.725
接收模块,0,0,0,0,0,1,0,1,0.24166666666666667
射频发射,0,0,0,0,0,1,0,1,0.24166666666666667
数模,0,0,0,0,0,1,0,1,0.24166666666666667
物理层数字基带模块,0,0,0,0,0,1,0,1,0.24166666666666667
数据接口模块,0,0,0,0,0,1,0,1,0.24166666666666667
控制,0,0,0,0,0,1,0,1,0.24166666666666667
硬件模块,0,0,0,0,0,2,0,2,0.48333333333333334
物理层传输功能,0,0,0,0,0,1,0,1,0.24166666666666667
wave车载网络,0,0,0,0,0,1,0,1,0.24166666666666667
原型机系,0,0,0,0,0,1,0,1,0.24166666666666667
29步模块,0,0,0,0,0,1,0,1,0.24166666666666667
软硬件平台,0,0,0,0,0,1,0,1,0.24166666666666667
视频传输,1,0,0,0,0,1,0,2,1.2416666666666667
802.lip协议,0,0,0,1,0,1,0,2,0.3666666666666667
协议,1,0,0,2,0,0,0,3,1.25
抗码间干扰,0,0,0,1,0,0,0,1,0.125
下行链路,0,0,0,2,0,0,0,2,0.25
高速率数据传输,0,0,0,1,0,0,0,1,0.125
正交频分复用,0,0,0,1,0,0,0,1,0.125
802.11a,1,0,0,1,0,0,0,2,1.125
高速移动车辆,0,0,0,1,0,0,0,1,0.125
11,0,0,0,1,0,0,0,1,0.125
基站,0,0,0,1,0,0,1,2,0.3666666666666667
蜂窝网络,0,0,0,1,0,0,1,2,0.3666666666666667
车联网协议,0,0,0,1,0,0,0,1,0.125
硬件实,0,0,0,0,0,1,0,1,0.24166666666666667
verilog,0,0,0,0,0,1,0,1,0.24166666666666667
硬件描述语言,0,0,0,0,0,1,0,1,0.24166666666666667
算法效率,0,0,0,0,0,1,0,1,0.24166666666666667
硬件资源,0,0,0,0,0,2,0,2,0.48333333333333334
fpga硬件,0,0,0,0,0,1,0,1,0.24166666666666667
signal域,0,0,0,2,0,0,0,2,0.25
ppdu帧结构,0,0,0,2,0,0,0,2,0.25
训练数据,0,0,0,1,0,0,0,1,0.125
自动增益控制,0,0,0,1,0,0,0,1,0.125
信号检测,0,0,0,1,0,0,0,1,0.125
粗频偏估计,0,0,0,1,0,0,0,1,0.125
充比特,0,0,0,1,0,0,0,1,0.125
尾比特域,0,0,0,1,0,0,0,1,0.125
服务域,0,0,0,1,0,0,0,1,0.125
服务数据单元,0,0,0,1,0,0,0,1,0.125
数据符号域,0,0,0,1,0,0,0,1,0.125
数据符号译码,0,0,0,1,0,0,0,1,0.125
物理帧,0,0,0,1,0,0,0,1,0.125
lts,0,0,0,1,0,0,0,1,0.125
sts,0,0,0,1,0,0,0,1,0.125
编码速率,0,0,0,1,0,0,0,1,0.125
数据调制,0,0,0,1,0,0,0,1,0.125
载波估计,0,0,0,1,0,0,0,1,0.125
longtrainingsymb,0,0,0,1,0,0,0,1,0.125
shorttrainingsymb,0,0,0,1,0,0,0,1,0.125
数据结构,0,0,0,1,0,0,0,1,0.125
基带发射处理器,0,0,0,1,0,0,0,1,0.125
ppdu,0,0,0,1,0,0,0,1,0.125
物理层协议数据单元,0,0,0,1,0,0,0,1,0.125
quartusii,0,0,0,0,0,2,0,2,0.48333333333333334
altera,0,0,0,0,0,2,0,2,0.48333333333333334
tion,0,0,0,0,0,1,0,1,0.24166666666666667
startere,0,0,0,0,0,1,0,1,0.24166666666666667
硬件仿真环境,0,0,0,0,0,1,0,1,0.24166666666666667
fpga开发,0,0,0,0,0,1,0,1,0.24166666666666667
veriloghdl,0,0,0,0,0,1,0,1,0.24166666666666667
硬件编程语言,0,0,0,0,0,1,0,1,0.24166666666666667
全局时钟,0,0,0,0,0,1,0,1,0.24166666666666667
pll,0,0,0,0,0,1,0,1,0.24166666666666667
锁相环,0,0,0,0,0,1,0,1,0.24166666666666667
内嵌乘法器,0,0,0,0,0,1,0,1,0.24166666666666667
片上存储单元,0,0,0,0,0,1,0,1,0.24166666666666667
i/o引脚,0,0,0,0,0,1,0,1,0.24166666666666667
逻辑单元,0,0,0,0,0,1,0,1,0.24166666666666667
供电电压,0,0,0,0,0,1,0,1,0.24166666666666667
核心,0,0,0,0,0,1,0,1,0.24166666666666667
3c,0,0,0,0,0,1,0,1,0.24166666666666667
fpga芯片,0,0,0,0,0,1,0,1,0.24166666666666667
dk-dev,0,0,0,0,0,1,0,1,0.24166666666666667
cycloneiii系,0,0,0,0,0,1,0,1,0.24166666666666667
编程,0,0,0,0,0,1,0,1,0.24166666666666667
数字逻辑电路,0,0,0,0,0,1,0,1,0.24166666666666667
组合逻辑电路,0,0,0,0,0,1,0,1,0.24166666666666667
集成度,0,0,0,0,0,1,0,1,0.24166666666666667
sram工艺,0,0,0,0,0,1,0,1,0.24166666666666667
高性能可编程逻辑器件,0,0,0,0,0,1,0,1,0.24166666666666667
cpld,0,0,0,0,0,1,0,1,0.24166666666666667
现场可编程门阵列,0,0,0,0,0,1,0,1,0.24166666666666667
fieldprogrammablegatearray,0,0,0,0,0,1,0,1,0.24166666666666667
时变快衰落,0,0,0,0,0,2,0,2,0.48333333333333334
频域相位跟踪算法,0,0,0,0,0,2,0,2,0.48333333333333334
时域载波同步,0,0,0,0,0,1,0,1,0.24166666666666667
频偏变化,0,0,0,0,0,1,0,1,0.24166666666666667
时域载波同步算法,0,0,0,0,0,2,0,2,0.48333333333333334
收发,0,0,0,0,0,1,0,1,0.24166666666666667
高速信道,0,0,0,0,0,1,0,1,0.24166666666666667
似然算法,0,0,0,0,0,1,0,1,0.24166666666666667
lip频率同步算法,0,0,0,0,0,1,0,1,0.24166666666666667
频域响应,0,0,0,0,0,2,0,2,0.48333333333333334
相位偏移,0,0,0,0,0,2,0,2,0.48333333333333334
补偿,0,0,0,0,1,1,0,2,0.48333333333333334
剩余相位偏差,0,0,0,0,0,1,0,1,0.24166666666666667
znm,0,0,0,0,0,1,0,1,0.24166666666666667
导频数,0,0,0,0,0,1,0,1,0.24166666666666667
本地导频,0,0,0,0,1,1,0,2,0.48333333333333334
相位估计,0,0,0,0,0,1,0,1,0.24166666666666667
剩余频率,0,0,0,0,0,1,0,1,0.24166666666666667
剩余,0,0,0,0,0,1,0,1,0.24166666666666667
本地导频符号片,0,0,0,0,0,1,0,1,0.24166666666666667
发送导频,0,0,0,0,0,1,0,1,0.24166666666666667
相位偏差补偿,0,0,0,0,0,1,0,1,0.24166666666666667
802.lip系统,0,0,0,0,0,1,0,1,0.24166666666666667
载波相位,0,0,0,0,0,1,0,1,0.24166666666666667
随机错误,0,0,0,0,0,1,0,1,0.24166666666666667
解调数据,0,0,0,0,0,1,0,1,0.24166666666666667
相位旋转,0,0,0,0,0,1,0,1,0.24166666666666667
残余偏差,0,0,0,0,0,1,0,1,0.24166666666666667
时域载波频率偏差,0,0,0,0,0,1,0,1,0.24166666666666667
下行仿真链路,0,0,0,0,1,0,0,1,0.24166666666666667
细同步,0,0,0,0,2,0,0,2,0.48333333333333334
采样频率同步,0,0,0,0,1,0,1,2,0.48333333333333334
802.11p帧结构,0,0,0,0,0,1,0,1,0.24166666666666667
运动速度,0,0,0,0,2,0,0,2,0.48333333333333334
仿真平台,0,0,0,0,2,0,0,2,0.48333333333333334
频偏联合估计算法,0,0,0,0,1,0,0,1,0.24166666666666667
估计,0,0,0,0,1,0,0,1,0.24166666666666667
仿真车速,0,0,0,0,1,0,0,1,0.24166666666666667
rayleighchan函数,0,0,0,0,1,0,0,1,0.24166666666666667
莱斯信道,0,0,0,0,1,0,0,1,0.24166666666666667
仿真时,0,0,0,0,1,0,0,1,0.24166666666666667
仿真数据,0,0,0,0,1,0,0,1,0.24166666666666667
天线模型,0,0,0,0,1,0,0,1,0.24166666666666667
有效子载波数,0,0,0,0,1,0,0,1,0.24166666666666667
normalcp,0,0,0,0,1,0,0,1,0.24166666666666667
名称,0,0,0,0,1,0,0,1,0.24166666666666667
下行链路仿真参数,0,0,0,0,1,0,0,1,0.24166666666666667
仿真参数,0,0,0,0,1,0,0,1,0.24166666666666667
数据链路,0,0,0,0,1,0,0,1,0.24166666666666667
matlab,0,0,0,0,1,0,0,1,0.24166666666666667
解星座映射模块,0,0,0,0,1,0,0,1,0.24166666666666667
信道均衡模块,0,0,0,0,1,0,0,1,0.24166666666666667
fft模块,0,0,0,0,1,0,0,1,0.24166666666666667
去循环前缀模块,0,0,0,0,1,0,0,1,0.24166666666666667
循环前缀模块,0,0,0,0,1,0,0,1,0.24166666666666667
导频插入,0,0,0,1,1,0,1,3,0.6083333333333334
资源映射模块,0,0,0,0,1,0,0,1,0.24166666666666667
预编码模块,0,0,0,0,1,0,0,1,0.24166666666666667
层映射,0,0,0,0,1,0,0,1,0.24166666666666667
星座映射模块,0,0,0,0,1,0,0,1,0.24166666666666667
发送端模块,0,0,0,0,1,0,0,1,0.24166666666666667
lte下行链路基带系统,0,0,0,0,1,0,0,1,0.24166666666666667
3gppts,0,0,0,0,1,0,0,1,0.24166666666666667
频偏结,0,0,0,0,1,0,0,1,0.24166666666666667
索统,0,0,0,0,1,0,0,1,0.24166666666666667
间隔,0,0,0,0,1,0,0,1,0.24166666666666667
lte无线帧,0,0,0,0,1,0,0,1,0.24166666666666667
pss序列,0,0,0,0,1,0,0,1,0.24166666666666667
性质,0,0,0,0,1,0,0,1,0.24166666666666667
傅里叶变换,0,0,0,0,1,0,0,1,0.24166666666666667
低峰均比,0,0,0,0,1,0,0,1,0.24166666666666667
互相关性,0,0,0,0,1,0,0,1,0.24166666666666667
循环移位特性,0,0,0,0,1,0,0,1,0.24166666666666667
自相关性,0,0,0,0,1,0,0,1,0.24166666666666667
zadofif-chu序列,0,0,0,0,1,0,0,1,0.24166666666666667
频谱细估,0,0,0,0,1,0,0,1,0.24166666666666667
离散分布,0,0,0,0,1,0,0,1,0.24166666666666667
lte同步性能,0,0,0,0,1,0,0,1,0.24166666666666667
频率误差,0,0,0,0,0,3,0,3,0.725
时域估计,0,0,0,0,0,1,0,1,0.24166666666666667
同步功能,0,0,0,0,0,1,0,1,0.24166666666666667
前导时间,0,0,0,0,0,1,0,1,0.24166666666666667
计算量,0,0,0,0,0,1,0,1,0.24166666666666667
ft,0,0,0,0,0,1,0,1,0.24166666666666667
重复符号,0,0,0,0,0,1,0,1,0.24166666666666667
频域算法,0,0,0,0,0,1,0,1,0.24166666666666667
时域算法,0,0,0,0,0,1,0,1,0.24166666666666667
频率偏差估算,0,0,0,0,0,1,0,1,0.24166666666666667
amax2dts,0,0,0,0,0,1,0,1,0.24166666666666667
取样时间,0,0,0,0,0,1,0,1,0.24166666666666667
短训练符号,0,0,0,0,0,17,0,17,4.108333333333333
载波间隔,0,0,0,0,0,1,0,1,0.24166666666666667
周期重复符号,0,0,0,0,0,1,0,1,0.24166666666666667
样时间,0,0,0,0,0,1,0,1,0.24166666666666667
时域频率同步算法,0,0,0,0,0,1,0,1,0.24166666666666667
f2ndts2dts,0,0,0,0,0,1,0,1,0.24166666666666667
幅角,0,0,0,0,0,1,0,1,0.24166666666666667
arctanp5,0,0,0,0,0,1,0,1,0.24166666666666667
周期重复信号,0,0,0,0,0,1,0,1,0.24166666666666667
采样点,0,0,0,0,0,1,0,1,0.24166666666666667
连续重复符号,0,0,0,0,0,1,0,1,0.24166666666666667
接收端信号,0,0,0,0,0,1,0,1,0.24166666666666667
发送端信号,0,0,0,0,0,1,0,1,0.24166666666666667
发送信号,0,0,0,0,0,1,0,1,0.24166666666666667
数据分流模块,0,0,0,0,0,6,0,6,1.45
长训练序列符号,0,0,0,0,0,5,0,5,1.2083333333333333
data,0,0,0,0,0,4,0,4,0.9666666666666667
bufferdata,0,0,0,0,0,4,0,4,0.9666666666666667
移位寄存器,0,0,0,0,0,4,0,4,0.9666666666666667
延迟,0,0,0,0,0,4,0,4,0.9666666666666667
载波频偏补偿子模块,0,0,0,0,0,3,0,3,0.725
sum,0,0,0,0,0,3,0,3,0.725
计数值,0,0,0,0,0,3,0,3,0.725
载波频偏估计模块,0,0,0,0,0,3,0,3,0.725
频偏补偿,0,0,0,0,0,4,0,4,0.9666666666666667
平均,0,0,0,0,0,3,0,3,0.725
累加结,0,0,0,0,0,3,0,3,0.725
频率偏差补偿,0,0,0,0,0,2,0,2,0.48333333333333334
数据联合输出子模块,0,0,0,0,0,2,0,2,0.48333333333333334
数据补偿,0,0,0,0,0,2,0,2,0.48333333333333334
cordic核,0,0,0,0,0,3,0,3,0.725
偏差估计子模块,0,0,0,0,0,2,0,2,0.48333333333333334
滑动窗口,0,0,0,0,0,2,0,2,0.48333333333333334
子模块,0,0,0,0,0,2,0,2,0.48333333333333334
计数,0,0,0,0,0,2,0,2,0.48333333333333334
计数器,0,0,0,0,0,2,0,2,0.48333333333333334
输出模块,0,0,0,0,0,1,0,1,0.24166666666666667
补偿模块,0,0,0,0,0,1,0,1,0.24166666666666667
频率偏差补偿模块,0,0,0,0,0,1,0,1,0.24166666666666667
载波频偏补偿,0,0,0,0,0,1,0,1,0.24166666666666667
-丿戒,0,0,0,0,0,1,0,1,0.24166666666666667
相角,0,0,0,0,0,1,0,1,0.24166666666666667
九取反,0,0,0,0,0,1,0,1,0.24166666666666667
补偿因子计算,0,0,0,0,0,1,0,1,0.24166666666666667
流程,0,0,0,0,0,1,0,1,0.24166666666666667
载波频偏补偿模块,0,0,0,0,0,1,0,1,0.24166666666666667
移位,0,0,0,0,0,2,0,2,0.48333333333333334
相位值,0,0,0,0,0,1,0,1,0.24166666666666667
arctan运算,0,0,0,0,0,1,0,1,0.24166666666666667
累加值,0,0,0,0,0,1,0,1,0.24166666666666667
累加子模块,0,0,0,0,0,1,0,1,0.24166666666666667
sum值,0,0,0,0,0,1,0,1,0.24166666666666667
移位寄存,0,0,0,0,0,1,0,1,0.24166666666666667
累加和,0,0,0,0,0,1,0,1,0.24166666666666667
关值,0,0,0,0,0,1,0,1,0.24166666666666667
输入数据,0,0,0,0,0,1,0,1,0.24166666666666667
相关值,0,0,0,0,0,1,0,1,0.24166666666666667
取样值,0,0,0,0,0,1,0,1,0.24166666666666667
求和,0,0,0,0,0,1,0,1,0.24166666666666667
累加计算子模块,0,0,0,0,0,1,0,1,0.24166666666666667
短训练符号延迟,0,0,0,0,0,1,0,1,0.24166666666666667
延迟相关子模块,0,0,0,0,0,1,0,1,0.24166666666666667
载波頻偏估计子模块,0,0,0,0,0,1,0,1,0.24166666666666667
补偿估计,0,0,0,0,0,1,0,1,0.24166666666666667
载波频偏估计子模块,0,0,0,0,0,1,0,1,0.24166666666666667
频偏补偿子模块,0,0,0,0,0,1,0,1,0.24166666666666667
频率偏差估计,0,0,0,0,0,1,0,1,0.24166666666666667
载波估计子模块,0,0,0,0,0,1,0,1,0.24166666666666667
数据缓存子模块,0,0,0,0,0,1,0,1,0.24166666666666667
分流,0,0,0,0,0,1,0,1,0.24166666666666667
频偏估计值,0,0,0,0,0,1,0,1,0.24166666666666667
频率偏移估计,0,0,0,0,0,1,0,1,0.24166666666666667
载波频偏估计,0,0,0,0,0,1,0,1,0.24166666666666667
数据分流,0,0,0,0,0,1,0,1,0.24166666666666667
角度偏差,0,0,0,0,0,1,0,1,0.24166666666666667
角度频率偏差,0,0,0,0,0,1,0,1,0.24166666666666667
cordic算法,0,0,0,0,0,3,0,3,0.725
地址,0,0,0,0,0,2,0,2,0.48333333333333334
sin值,0,0,0,0,0,2,0,2,0.48333333333333334
调试,0,0,0,0,0,2,0,2,0.48333333333333334
内部信号,0,0,0,0,0,1,0,1,0.24166666666666667
程序,0,0,0,0,0,1,0,1,0.24166666666666667
q路,0,0,0,0,0,1,0,1,0.24166666666666667
发送功率,0,0,0,0,0,1,0,1,0.24166666666666667
错误接收,0,0,0,0,0,1,0,1,0.24166666666666667
频谱仪,0,0,0,0,0,1,0,1,0.24166666666666667
信号流图,0,0,0,0,0,1,0,1,0.24166666666666667
数字基带发射机,0,0,0,0,0,1,0,1,0.24166666666666667
抓包工具,0,0,0,0,0,1,0,1,0.24166666666666667
signaltapii,0,0,0,0,0,1,0,1,0.24166666666666667
视频传输失败,0,0,0,0,0,1,0,1,0.24166666666666667
频率同步算法模块,0,0,0,0,0,1,0,1,0.24166666666666667
处理效率,0,0,0,0,0,1,0,1,0.24166666666666667
资源,0,0,0,0,0,1,0,1,0.24166666666666667
角度值,0,0,0,0,0,1,0,1,0.24166666666666667
up-table,0,0,0,0,0,1,0,1,0.24166666666666667
lut,0,0,0,0,0,1,0,1,0.24166666666666667
处理时延,0,0,0,1,0,1,0,2,0.3666666666666667
cos模,0,0,0,0,0,1,0,1,0.24166666666666667
sin,0,0,0,0,0,1,0,1,0.24166666666666667
欧拉,0,0,0,0,0,1,0,1,0.24166666666666667
e-威,0,0,0,0,0,1,0,1,0.24166666666666667
加减,0,0,0,0,0,1,0,1,0.24166666666666667
cordic,0,0,0,0,0,1,0,1,0.24166666666666667
算法工程,0,0,0,0,0,1,0,1,0.24166666666666667
开源,0,0,0,0,0,1,0,1,0.24166666666666667
vhdl语言,0,0,0,0,0,1,0,1,0.24166666666666667
cordicip核,0,0,0,0,0,1,0,1,0.24166666666666667
quartus,0,0,0,0,0,1,0,1,0.24166666666666667
ip核,0,0,0,0,0,1,0,1,0.24166666666666667
arctan,0,0,0,0,0,1,0,1,0.24166666666666667
子载波序号,0,0,0,0,1,0,0,1,0.24166666666666667
频率估计值,0,0,0,0,1,0,0,1,0.24166666666666667
成对,0,0,0,2,0,0,0,2,0.25
频带整合,0,0,0,1,0,0,0,1,0.125
带宽配置,0,0,0,1,0,0,0,1,0.125
移动网络接入,0,0,0,1,0,0,0,1,0.125
高移动性支持,0,0,0,1,0,0,0,1,0.125
3g网络,0,0,0,1,0,0,0,1,0.125
用户吞吐量,0,0,0,1,0,0,0,1,0.125
上下行峰值速率,0,0,0,1,0,0,0,1,0.125
传输能力,0,0,0,1,0,0,0,1,0.125
核心调制技术,0,0,0,1,0,0,0,1,0.125
4g技术,0,0,0,1,0,0,0,1,0.125
longtermevolution,0,0,0,1,0,0,0,1,0.125
下行物理层协议,0,0,0,1,0,0,0,1,0.125
信道模型,0,0,0,1,0,0,0,1,0.125
时频二维时隙结构,0,0,0,1,0,0,0,1,0.125
ieee802.,0,0,0,1,0,0,0,1,0.125
高速环,0,0,0,0,0,0,2,2,0.48333333333333334
射频发送接收,0,0,0,0,0,0,1,1,0.24166666666666667
频率细同步,0,0,0,0,0,0,1,1,0.24166666666666667
频率粗同步,0,0,0,0,0,0,1,1,0.24166666666666667
lte帧,0,0,0,0,0,0,1,1,0.24166666666666667
高速无线通信,0,0,0,0,0,0,1,1,0.24166666666666667
信道特性,0,0,0,0,0,0,1,1,0.24166666666666667
系统流程,0,0,0,0,0,0,1,1,0.24166666666666667
dft生成,0,0,0,0,0,0,1,1,0.24166666666666667
物理资源,0,0,0,1,0,0,1,2,0.3666666666666667
时频二维帧结构,0,0,0,0,0,0,1,1,0.24166666666666667
ete,0,0,0,0,0,0,1,1,0.24166666666666667
技术,0,0,0,0,0,0,1,1,0.24166666666666667
载波间干扰,0,0,0,0,0,0,1,1,0.24166666666666667
带宽利用率,0,0,0,0,0,0,1,1,0.24166666666666667
频谱效率,0,0,0,0,0,0,1,1,0.24166666666666667
vanet,0,0,0,0,0,0,1,1,0.24166666666666667
自组织网络,0,0,0,0,0,0,1,1,0.24166666666666667
wrelessaccessfbrvehicularenvironment,0,0,0,0,0,0,1,1,0.24166666666666667
车载环境无线接入,0,0,0,0,0,0,1,1,0.24166666666666667
车载通信协议,0,0,0,0,0,0,1,1,0.24166666666666667
通信手段,0,0,0,0,0,0,1,1,0.24166666666666667
资源单元,0,0,0,3,0,0,0,3,0.375
时隙结构,0,0,0,2,0,0,0,2,0.25
rbo,0,0,0,1,0,0,0,1,0.125
调度,0,0,0,1,0,0,0,1,0.125
180khz,0,0,0,1,0,0,0,1,0.125
资源粒,0,0,0,1,0,0,0,1,0.125
物理信道,0,0,0,1,0,0,0,1,0.125
下行链路资源,0,0,0,1,0,0,0,1,0.125
ott,0,0,0,1,0,0,0,1,0.125
onedownlink,0,0,0,1,0,0,0,1,0.125
下行传输带宽,0,0,0,1,0,0,0,1,0.125
资源格,0,0,0,1,0,0,0,1,0.125
传输信号,0,0,0,1,0,0,0,1,0.125
时频单位,0,0,0,1,0,0,0,1,0.125
lte下行链路传输,0,0,0,1,0,0,0,1,0.125
LTE 802.1,0,1,0,0,0,0,0,1,2.0
 Ip频率同步,0,1,0,0,0,0,0,1,2.0
FPGA,0,1,0,0,0,0,0,1,2.0
仿真验证,1,0,0,0,0,0,0,1,1.0
载波频率同步算法,1,0,0,0,0,0,0,1,1.0
抗衰落,1,0,0,0,0,0,0,1,1.0
抗干扰能力,1,0,0,0,0,0,0,1,1.0
高速数据传输系统,1,0,0,0,0,0,0,1,1.0
子载波间干扰icl,1,0,0,0,0,0,0,1,1.0
ieee802.11p,1,0,0,0,0,0,0,1,1.0
