,摘要,关键词,第一章,第二章,第三章,第四章,第五章,总词频,加权得分
虚拟节点,1,0,2,3,17,33,0,56,13.708333333333334
节点,2,0,18,15,32,37,5,109,24.008333333333333
虚拟链路,0,0,3,1,16,16,2,38,8.716666666666667
虚拟网络,6,0,28,42,60,41,12,189,42.05833333333334
映射,2,0,19,12,26,37,1,97,21.34166666666667
物理节点,1,0,1,7,25,24,0,58,13.841666666666667
虚拟悬挂链路,0,0,0,0,0,5,0,5,1.2083333333333333
链路,3,0,10,10,37,23,1,84,20.241666666666667
虚拟网络请求,0,0,5,9,19,10,2,45,9.241666666666667
物理链路,0,0,1,4,16,8,4,33,7.391666666666667
映射虚拟链路,0,0,0,0,0,1,0,1,0.24166666666666667
a节点,0,0,0,0,0,1,0,1,0.24166666666666667
映射a节点,0,0,0,0,0,1,0,1,0.24166666666666667
请求拓扑,0,0,0,0,0,1,0,1,0.24166666666666667
子问题序列,0,0,0,0,0,2,0,2,0.48333333333333334
蚂蚁,0,0,1,0,0,33,2,36,8.583333333333334
序列,0,0,0,0,0,1,0,1,0.24166666666666667
sq,0,0,0,0,0,3,0,3,0.725
悬挂链路,0,0,0,0,0,4,0,4,0.9666666666666667
剩余虚拟网络,0,0,0,0,0,1,0,1,0.24166666666666667
cpu映射,0,0,0,0,0,1,0,1,0.24166666666666667
问题,0,0,0,0,0,1,0,1,0.24166666666666667
请求,3,0,6,6,27,15,5,62,15.858333333333334
子请求,0,0,0,0,0,2,0,2,0.48333333333333334
带宽,0,0,2,1,7,12,5,27,6.175
链路映射,3,0,4,2,20,5,3,37,10.516666666666666
信息素模型,1,0,1,0,0,5,2,9,2.8166666666666664
时延,1,0,2,4,0,9,2,18,4.408333333333333
仿真,2,0,2,0,4,4,2,14,4.666666666666666
物理网络,3,0,5,9,22,20,2,61,15.383333333333333
转发层,0,0,0,2,0,0,2,4,0.7333333333333334
控制层,0,0,0,7,0,0,2,9,1.3583333333333334
链路带宽资源,0,0,0,0,6,1,2,9,2.175
资源,3,0,13,8,13,3,2,42,9.975
虚拟网络映射,0,1,7,9,5,5,2,29,6.9
异构sdn网络,1,0,5,6,7,3,2,24,5.275
通信,1,0,3,1,5,1,2,13,3.4333333333333336
底层网络,0,0,1,5,2,2,2,12,2.2
底层物理资源,0,0,1,0,0,0,1,2,0.3666666666666667
网络资源利用率,2,0,2,0,2,2,1,9,3.458333333333333
功率,0,0,0,0,6,2,1,9,2.175
搜索,0,0,0,0,0,1,1,2,0.48333333333333334
vne-ac算法,1,0,0,0,0,5,1,7,2.45
时延约束,0,0,0,0,0,4,1,5,1.2083333333333333
流程,0,0,0,0,0,1,1,2,0.48333333333333334
在线映射算法,1,0,3,0,3,2,1,10,2.825
时延感知,0,0,1,0,0,2,1,4,0.85
蚁群算法,1,0,3,0,0,13,1,18,4.758333333333333
蚁群优化算法,0,1,1,0,0,8,1,11,4.3
成功率,0,0,0,3,10,3,1,17,3.7583333333333333
信息,1,0,2,0,0,4,1,8,2.458333333333333
增广图,1,0,0,0,0,2,1,4,1.725
阶段映射,1,0,0,0,0,1,1,3,1.4833333333333334
多重链路,0,0,0,0,2,1,1,4,0.9666666666666667
同构链路,1,0,1,0,0,2,1,5,1.85
剩余资源,1,0,0,0,1,3,1,6,2.208333333333333
启发函数,1,0,0,0,0,7,1,9,2.9333333333333336
异构切换,1,1,2,0,1,3,1,9,4.458333333333333
剩余带宽资源,1,0,1,0,1,3,1,7,2.333333333333333
异构链路,0,0,0,0,1,1,1,3,0.725
蚁群搜索,1,0,1,0,0,2,1,5,1.85
蚁群优化映射算法,1,0,0,0,0,2,1,4,1.725
多qos模型,0,0,0,0,0,2,1,3,0.725
资源利用率,0,0,0,2,5,1,1,9,1.9416666666666667
映射收益,0,0,0,0,3,2,1,6,1.45
映射成功率,0,0,0,5,9,2,1,17,3.525
最优对比算法,0,0,0,0,0,0,1,1,0.24166666666666667
请求数,0,0,0,1,1,0,1,3,0.6083333333333334
异构切换代价,0,0,0,0,0,1,1,2,0.48333333333333334
底层物理链路,0,0,0,0,1,1,1,3,0.725
节点映射,0,0,3,2,19,3,1,28,6.183333333333334
贪婪算法,0,0,0,0,0,0,1,1,0.24166666666666667
映射模型,1,0,2,0,2,1,1,7,2.216666666666667
底层物理网络,0,0,4,6,4,4,1,19,3.425
链路带宽资源约束,0,0,0,0,0,0,1,1,0.24166666666666667
资源约束,0,0,0,3,3,1,1,8,1.5833333333333333
正态分布,0,0,0,0,0,0,1,1,0.24166666666666667
泊松分布,0,0,0,0,0,0,1,1,0.24166666666666667
达速率,0,0,0,0,0,0,1,1,0.24166666666666667
在线映射,0,0,2,0,1,0,1,4,0.7333333333333334
请求约束条,0,0,0,0,0,0,1,1,0.24166666666666667
物理带宽资源,0,0,0,0,0,1,1,2,0.48333333333333334
计算资源,0,0,1,0,2,0,1,4,0.85
虚拟层,0,0,0,0,0,0,1,1,0.24166666666666667
异构sdn虚拟化架构,0,0,0,0,0,0,1,1,0.24166666666666667
在线虚拟网络映射算法,0,0,0,0,0,0,1,1,0.24166666666666667
虚拟化,3,0,3,10,3,0,1,20,5.591666666666667
异构网络,9,0,23,7,21,3,1,64,18.791666666666668
底层异构网络,0,0,0,0,0,0,1,1,0.24166666666666667
平行链路,0,0,0,0,0,0,1,1,0.24166666666666667
带权无向多重图,0,0,0,0,0,0,1,1,0.24166666666666667
物理链路资源,0,0,0,0,0,0,1,1,0.24166666666666667
直连链路,0,0,0,0,0,0,1,1,0.24166666666666667
带权无向图,0,0,0,0,0,0,1,1,0.24166666666666667
网络,3,0,19,25,5,4,1,57,10.916666666666666
路径,0,0,0,0,16,6,0,22,5.316666666666666
最短路径,0,0,1,0,9,1,0,11,2.5416666666666665
权重,0,0,0,0,5,0,0,5,1.2083333333333333
跳数,0,0,0,0,7,3,0,10,2.4166666666666665
dijkstra算法,0,0,0,0,4,0,0,4,0.9666666666666667
备选路径,0,0,0,0,3,2,0,5,1.2083333333333333
约束,0,0,2,1,4,0,0,7,1.3416666666666668
k最短路径算法,0,0,0,0,2,0,0,2,0.48333333333333334
松弛算法,0,0,0,0,2,0,0,2,0.48333333333333334
算法,0,0,6,2,4,10,0,22,4.383333333333333
多重图约束,0,0,0,0,2,0,0,2,0.48333333333333334
短路径,0,0,0,0,3,1,0,4,0.9666666666666667
多重图,0,0,1,0,2,1,0,4,0.85
cspf,0,0,0,0,2,0,0,2,0.48333333333333334
已分配资源,0,0,0,0,2,0,0,2,0.48333333333333334
终止服务,0,0,0,0,2,0,0,2,0.48333333333333334
虚拟链路厂,0,0,0,0,3,0,0,3,0.725
网络资源,0,0,4,1,5,0,0,10,1.8333333333333333
约束条件,0,0,5,0,5,4,0,14,2.8
带宽约束条件,0,0,0,0,1,0,0,1,0.24166666666666667
forrinp,0,0,0,0,1,0,0,1,0.24166666666666667
nu和,0,0,0,0,1,0,0,1,0.24166666666666667
映射物理节点,0,0,0,0,1,0,0,1,0.24166666666666667
mn,0,0,0,0,1,0,0,1,0.24166666666666667
虚拟链路厂源节点,0,0,0,0,1,0,0,1,0.24166666666666667
链路映射结果集,0,0,0,0,1,0,0,1,0.24166666666666667
节点映射结果集,0,0,0,0,2,0,0,2,0.48333333333333334
kcspa,0,0,0,0,1,0,0,1,0.24166666666666667
最短路径映射,0,0,0,0,2,0,0,2,0.48333333333333334
物理网络链路,0,0,0,0,3,0,0,3,0.725
算效率,0,0,0,0,1,0,0,1,0.24166666666666667
链路代价,0,0,0,0,1,0,0,1,0.24166666666666667
集合选优机制,0,0,0,0,1,0,0,1,0.24166666666666667
链路切换次数,0,0,0,0,1,0,0,1,0.24166666666666667
冗余选路,0,0,0,0,1,0,0,1,0.24166666666666667
可用路径,0,0,0,0,2,0,0,2,0.48333333333333334
搜索规模,0,0,0,0,1,0,0,1,0.24166666666666667
近似算法,0,0,0,0,1,0,0,1,0.24166666666666667
链路异构切换代价,0,0,0,0,1,0,0,1,0.24166666666666667
网络环境,0,0,2,1,1,0,0,4,0.6166666666666667
endfor,0,0,0,0,1,1,0,2,0.48333333333333334
邻接矩阵节点,0,0,0,0,1,0,0,1,0.24166666666666667
处理节点,0,0,0,0,1,0,0,1,0.24166666666666667
前驱矩阵,0,0,0,0,1,0,0,1,0.24166666666666667
距离矩阵,0,0,0,0,1,0,0,1,0.24166666666666667
relaxation,0,0,0,0,1,0,0,1,0.24166666666666667
多重图松弛算法,0,0,0,0,1,0,0,1,0.24166666666666667
负载,0,0,1,1,1,0,0,3,0.4916666666666667
切换代价,1,0,2,0,6,1,0,10,2.9416666666666664
链路负载因子,0,0,0,0,1,0,0,1,0.24166666666666667
監严,0,0,0,0,1,0,0,1,0.24166666666666667
负载系数,0,0,0,0,1,0,0,1,0.24166666666666667
带宽使用率,0,0,0,0,1,0,0,1,0.24166666666666667
切换权重,0,0,0,0,1,0,0,1,0.24166666666666667
先驱字典,0,0,0,0,1,0,0,1,0.24166666666666667
路径权重,0,0,0,0,1,0,0,1,0.24166666666666667
更新距离矩阵,0,0,0,0,1,0,0,1,0.24166666666666667
带宽约束,1,0,1,0,1,1,0,4,1.6083333333333334
路径松弛,0,0,0,0,1,0,0,1,0.24166666666666667
最短路,0,0,0,0,1,0,0,1,0.24166666666666667
松弛环节,0,0,0,0,1,0,0,1,0.24166666666666667
shortestpathfirst,0,0,0,0,1,0,0,1,0.24166666666666667
可拆分流,0,0,0,0,1,0,0,1,0.24166666666666667
链路映射问题,0,0,0,0,1,0,0,1,0.24166666666666667
网络切换,0,0,4,2,1,0,0,7,0.9916666666666667
网络虚拟化,0,1,4,3,1,0,0,9,3.1166666666666667
通信子网,0,0,2,0,0,0,0,2,0.25
虚拟网络资源,0,0,2,0,0,0,0,2,0.25
网络服务供应商,0,0,2,1,0,0,0,3,0.375
计算虚拟化,0,0,2,0,0,0,0,2,0.25
网络虚拟化技术,0,0,3,9,0,0,0,12,1.5
网络服务,0,0,2,1,0,0,0,3,0.375
组网控制,0,0,2,0,0,0,0,2,0.25
网络链路,0,0,2,0,0,0,0,2,0.25
协议,0,0,2,4,1,0,0,7,0.9916666666666667
映射算法,0,0,7,5,7,0,0,19,3.1916666666666664
资源映射技术,0,0,1,0,0,0,0,1,0.125
资源虚拟化技术,0,0,1,0,0,0,0,1,0.125
异构网络环境,0,0,1,0,0,0,0,1,0.125
性能,1,0,2,4,10,1,0,18,4.408333333333333
运算负荷,0,0,1,0,0,0,0,1,0.125
通信节点,0,0,1,0,0,0,0,1,0.125
数据,0,0,1,2,0,0,0,3,0.375
虚拟化资源分配算法,0,0,1,0,0,0,0,1,0.125
vne,0,0,4,0,1,0,0,5,0.7416666666666667
vnm,0,0,1,0,0,0,0,1,0.125
embedding,0,0,1,0,0,0,0,1,0.125
virtualnetworkmapping,0,0,1,0,0,0,0,1,0.125
嵌入算法,0,0,1,0,0,0,0,1,0.125
物理网络资源,1,0,3,1,1,2,0,8,2.225
最大容忍时延,0,0,1,0,0,0,0,1,0.125
存储资源,0,0,1,0,0,0,0,1,0.125
共享物理网络,0,0,1,0,0,0,0,1,0.125
虚拟,0,0,1,0,0,0,0,1,0.125
底层设施,0,0,1,0,0,0,0,1,0.125
抖音短视频平台,0,0,1,0,0,0,0,1,0.125
服务提,0,0,1,0,0,0,0,1,0.125
阿里云数据中心,0,0,1,0,0,0,0,1,0.125
数据中心,0,0,1,0,0,0,0,1,0.125
阿里云,0,0,1,0,0,0,0,1,0.125
虚拟化技术,0,0,1,3,0,0,0,4,0.5
中国电信,0,0,1,0,0,0,0,1,0.125
中国移动,0,0,1,0,0,0,0,1,0.125
基础网络设施供应商,0,0,1,0,0,0,0,1,0.125
互联网云计算服务,0,0,1,0,0,0,0,1,0.125
虚拟服务器,0,0,1,0,0,0,0,1,0.125
物理服务器,0,0,1,0,0,0,0,1,0.125
软硬件解耦能力,0,0,1,0,0,0,0,1,0.125
sdn,1,0,1,12,0,0,0,14,2.625
网络功能虚拟化技术,0,0,1,0,0,0,0,1,0.125
资源协作,0,0,1,0,0,0,0,1,0.125
分布式转发平面网络,0,0,1,0,0,0,0,1,0.125
网络态势,0,0,1,0,0,0,0,1,0.125
转发平面,0,0,2,2,2,0,0,6,0.9833333333333334
控制器,1,0,1,18,0,0,0,20,3.375
编程接口,0,0,1,1,0,0,0,2,0.25
控制平面,0,0,1,2,0,0,0,3,0.375
可编程接口,0,0,1,0,0,0,0,1,0.125
转发分离,1,0,1,0,0,0,0,2,1.125
定义网络,0,0,1,0,0,0,0,1,0.125
软件化,0,0,2,1,0,0,0,3,0.375
调度,0,0,1,0,0,0,0,1,0.125
业务流量处理,0,0,1,0,0,0,0,1,0.125
硬件,0,0,1,0,0,0,0,1,0.125
传输设备,0,0,1,0,0,0,0,1,0.125
组网,0,0,1,0,0,0,0,1,0.125
服务质量,0,0,2,0,0,0,0,2,0.25
链路利用率,0,0,1,0,0,0,0,1,0.125
数据传输,0,0,1,1,0,0,0,2,0.25
资源配置,0,0,1,0,0,0,0,1,0.125
信息数据流,0,0,1,0,0,0,0,1,0.125
接入,0,0,1,0,0,0,0,1,0.125
常规网络,0,0,1,0,0,0,0,1,0.125
有效信息传输,0,0,1,0,0,0,0,1,0.125
服务质量保障,0,0,1,0,0,0,0,1,0.125
接入环境,1,0,1,0,0,0,0,2,1.125
通信协议,0,0,2,0,0,0,0,2,0.25
频谱资源,0,0,2,0,0,0,0,2,0.25
物理层技术,0,0,1,0,0,0,0,1,0.125
异构性,0,0,1,0,0,0,0,1,0.125
网络接口,1,0,1,0,0,0,0,2,1.125
接口,0,0,1,0,0,0,0,1,0.125
通信接口,1,0,1,2,0,0,0,4,1.375
转发节点,1,0,1,1,0,0,0,3,1.25
堆叠,1,0,1,0,0,0,0,2,1.125
通信网络,0,0,1,1,0,0,0,2,0.25
通信技术,0,0,1,0,0,0,0,1,0.125
用户,0,0,1,1,1,0,0,3,0.4916666666666667
qos,1,0,1,1,0,2,0,5,1.7333333333333334
可达性,0,0,1,0,0,0,0,1,0.125
通信需求,0,0,1,0,0,0,0,1,0.125
互联网络,0,0,1,1,0,0,0,2,0.25
互联网,0,0,1,1,0,0,0,2,0.25
arpanet,0,0,1,0,0,0,0,1,0.125
军事实验网,0,0,1,0,0,0,0,1,0.125
网络技术,0,0,1,1,0,0,0,2,0.25
inp,0,0,0,5,0,0,0,5,0.625
用户体验,0,0,0,1,0,0,0,1,0.125
服务稳定度,0,0,0,1,0,0,0,1,0.125
收益支,0,0,0,1,0,0,0,1,0.125
收益,0,0,0,6,1,1,0,8,1.2333333333333334
利润,0,0,0,1,0,0,0,1,0.125
长期虚拟网络,0,0,0,1,0,0,0,1,0.125
虚拟网络服务,0,0,1,1,1,0,0,3,0.4916666666666667
物理资源,2,0,2,4,5,1,0,14,4.2
网络请求,0,0,1,1,0,0,0,2,0.25
物理资源支,0,0,0,1,0,0,0,1,0.125
基础设施供应商,0,0,0,1,0,0,0,1,0.125
sp目标,0,0,0,1,0,0,0,1,0.125
inp目标,0,0,0,1,0,0,0,1,0.125
映射目标,0,0,1,1,0,0,0,2,0.25
网络服务提供商,0,0,0,1,0,0,0,1,0.125
基础设施,0,0,0,1,0,0,0,1,0.125
虚拟网络映射算法,2,0,5,3,2,1,0,13,3.725
利用率,0,0,0,2,6,1,0,9,1.9416666666666667
物理资源利用率,0,0,0,2,1,2,0,5,0.975
网络映射,0,0,1,2,0,0,0,3,0.375
cpu资源,0,0,0,2,11,0,0,13,2.908333333333333
基础设施提供商,0,0,1,2,0,0,0,3,0.375
vne算法,0,0,0,1,0,0,0,1,0.125
瓶颈节点,0,0,0,1,1,0,0,2,0.3666666666666667
离散程度,0,0,0,1,1,0,0,2,0.3666666666666667
物理链路带宽消耗,0,0,0,1,0,0,0,1,0.125
cpu利用率,0,0,0,1,3,3,0,7,1.575
资源总量,0,0,0,1,0,0,0,1,0.125
total,0,0,0,1,0,0,0,1,0.125
资源消耗量,0,0,0,1,0,0,0,1,0.125
consumed,0,0,0,1,0,0,0,1,0.125
硬件资源,0,0,0,2,0,0,0,2,0.25
物理资源负载率,0,0,0,1,0,0,0,1,0.125
离线映射过,0,0,0,1,0,0,0,1,0.125
数学,0,0,0,1,0,0,0,1,0.125
物理,0,0,0,1,0,1,0,2,0.3666666666666667
映射解,0,0,0,1,0,3,0,4,0.85
指标,0,0,0,1,0,0,0,1,0.125
收益支出比,0,0,0,1,0,0,0,1,0.125
效率,0,0,0,1,0,0,0,1,0.125
收益支出,0,0,0,1,2,2,0,5,1.0916666666666668
物理链路带宽,0,0,0,1,0,1,0,2,0.3666666666666667
硬盘,0,0,0,1,0,0,0,1,0.125
存储器资,0,0,0,1,0,0,0,1,0.125
网络支出,0,0,0,1,0,0,0,1,0.125
venv,0,0,0,1,0,0,0,1,0.125
抖动,0,0,0,1,0,0,0,1,0.125
链路带宽,0,0,2,1,5,3,0,11,2.3083333333333336
硬盘资源,0,0,0,1,0,0,0,1,0.125
存储器资源,0,0,0,1,0,0,0,1,0.125
质量,0,0,0,1,0,0,0,1,0.125
虚拟链路服务,0,0,0,1,0,0,0,1,0.125
网络收益,0,0,0,1,0,0,0,1,0.125
网络服务商,0,0,0,1,0,0,0,1,0.125
映射收益支出,0,0,0,1,0,2,0,3,0.6083333333333334
性能评价指标,0,0,0,1,0,0,0,1,0.125
虚拟网蛰,0,0,0,1,0,0,0,1,0.125
體拟网络,0,0,0,1,0,0,0,1,0.125
vn请求,0,0,0,1,0,0,0,1,0.125
时刻请求,0,0,0,1,0,0,0,1,0.125
ac,0,0,0,1,0,0,0,1,0.125
vemie,0,0,0,1,0,0,0,1,0.125
映射收益开销比,0,0,0,1,0,0,0,1,0.125
ved,0,0,0,1,0,0,0,1,0.125
ar,0,0,0,1,0,0,0,1,0.125
性能评价,0,0,0,1,0,0,0,1,0.125
可量化,0,0,0,1,0,0,0,1,0.125
参数,0,0,0,1,6,6,0,13,3.025
性能指标,0,0,2,2,0,0,0,4,0.5
异构转发节点,0,0,0,0,3,0,0,3,0.725
剩余带宽,1,0,1,1,5,2,0,10,2.9416666666666664
通信手段,0,0,0,0,4,0,0,4,0.9666666666666667
支出模型,0,0,0,0,2,0,0,2,0.48333333333333334
最短路径算法,0,0,0,0,2,0,0,2,0.48333333333333334
虚拟化平台,0,0,0,1,2,0,0,3,0.6083333333333334
vne-g-lmaoks算法,1,0,0,0,9,0,0,10,3.175
vine-sp,0,0,0,0,1,0,0,1,0.24166666666666667
ne,0,0,0,0,1,0,0,1,0.24166666666666667
vne-g-sp,1,0,0,0,3,0,0,4,1.725
适配优化,0,0,0,0,1,0,0,1,0.24166666666666667
多重链路特性,0,0,0,0,1,0,0,1,0.24166666666666667
映射策略,0,0,0,0,2,0,0,2,0.48333333333333334
映射方案,0,0,0,0,2,2,0,4,0.9666666666666667
切换,1,0,0,0,3,1,0,5,1.9666666666666668
在线网络映射算法,1,0,1,0,2,0,0,4,1.6083333333333334
候选链路,0,0,0,0,1,0,0,1,0.24166666666666667
通信链路,0,0,1,0,1,0,0,2,0.3666666666666667
路径松弛算法,1,0,1,0,1,0,0,3,1.3666666666666667
无向多重图,0,0,0,0,2,1,0,3,0.725
物理网络模型,0,0,0,0,1,0,0,1,0.24166666666666667
无向图,0,0,0,0,1,1,0,2,0.48333333333333334
虚拟网络映射模型,0,0,1,0,2,0,0,3,0.6083333333333334
物理资源消耗,0,0,1,0,1,0,0,2,0.3666666666666667
物理资源支出模型,0,0,1,0,1,0,0,2,0.3666666666666667
切换因素,0,0,0,0,1,0,0,1,0.24166666666666667
传统映射模型,0,0,0,0,1,0,0,1,0.24166666666666667
链路带宽支,0,0,0,0,1,0,0,1,0.24166666666666667
资源支出,0,0,1,0,1,0,0,2,0.3666666666666667
转换,0,0,0,0,1,0,0,1,0.24166666666666667
数据带宽,0,0,0,0,1,0,0,1,0.24166666666666667
数据流,0,0,0,0,1,0,0,1,0.24166666666666667
跨网协作通信,1,0,0,0,1,0,0,2,1.2416666666666667
mcf,0,0,0,0,1,0,0,1,0.24166666666666667
启发算法,0,0,1,0,1,0,0,2,0.3666666666666667
映射链路,0,0,0,0,1,2,0,3,0.725
映射节点,0,0,0,0,1,3,0,4,0.9666666666666667
cpu计算资源,0,0,0,0,1,0,0,1,0.24166666666666667
节点计算资源,0,0,0,0,1,1,0,2,0.48333333333333334
带宽资源,0,0,0,2,4,1,0,7,1.4583333333333333
链路资源,1,0,0,1,3,1,0,6,2.091666666666667
处理,0,0,0,0,1,0,0,1,0.24166666666666667
系统,0,0,0,0,1,0,0,1,0.24166666666666667
精确式映射算法,0,0,5,0,1,0,0,6,0.8666666666666667
在线映射场景,0,0,0,0,1,0,0,1,0.24166666666666667
异构sdn网络环境,0,0,0,0,2,0,0,2,0.48333333333333334
链路映射过程,1,0,0,0,4,0,0,5,1.9666666666666668
openvirtex网络,0,0,0,0,1,0,0,1,0.24166666666666667
映射管理,0,0,0,0,1,0,0,1,0.24166666666666667
网络隔离,0,0,0,0,1,0,0,1,0.24166666666666667
sdn技术,0,0,0,0,1,0,0,1,0.24166666666666667
元启发式算法,0,0,5,0,0,6,0,11,2.075
信息素建模,0,0,0,0,0,2,0,2,0.48333333333333334
信息素,2,0,2,0,0,28,0,32,9.016666666666666
选优路径,0,0,0,0,0,2,0,2,0.48333333333333334
启发式算法,0,0,6,0,0,5,0,11,1.9583333333333333
vne-greedy,1,0,0,0,0,3,0,4,1.725
蚁群映射算法,1,0,1,0,0,3,0,5,1.85
mcf算法,0,0,0,0,0,1,0,1,0.24166666666666667
最短路径映射链路,0,0,0,0,0,1,0,1,0.24166666666666667
映射转移概率,0,0,0,0,0,1,0,1,0.24166666666666667
节点映射矩阵,0,0,0,0,0,1,0,1,0.24166666666666667
信息素矩阵,0,0,0,0,0,4,0,4,0.9666666666666667
正反馈机制,0,0,0,0,0,2,0,2,0.48333333333333334
组合优化,0,0,0,0,0,1,0,1,0.24166666666666667
线性规划,0,0,0,0,0,1,0,1,0.24166666666666667
模拟退火算法,0,0,1,0,0,1,0,2,0.3666666666666667
粒子群优化算法,0,0,1,0,0,1,0,2,0.3666666666666667
遗传算法,0,0,1,0,0,1,0,2,0.3666666666666667
随机搜索,0,0,1,0,0,1,0,2,0.3666666666666667
智能体,0,0,0,0,0,1,0,1,0.24166666666666667
随机现象,0,0,0,0,0,1,0,1,0.24166666666666667
自然界,0,0,0,0,0,1,0,1,0.24166666666666667
映射过程,0,0,0,0,0,1,0,1,0.24166666666666667
模型,0,0,0,0,1,1,0,2,0.48333333333333334
链路映射约束,0,0,0,0,0,1,0,1,0.24166666666666667
时延约束条件,0,0,0,0,0,1,0,1,0.24166666666666667
链路映射过,0,0,0,0,0,1,0,1,0.24166666666666667
启发,0,0,1,0,0,1,0,2,0.3666666666666667
qos约束,0,0,0,0,0,2,0,2,0.48333333333333334
qos模型,0,0,0,0,0,2,0,2,0.48333333333333334
传输带宽,0,0,0,0,0,1,0,1,0.24166666666666667
网络传输时延,0,0,0,0,0,1,0,1,0.24166666666666667
军事化战场,0,0,0,0,0,1,0,1,0.24166666666666667
智能车联网,0,0,0,0,0,1,0,1,0.24166666666666667
时延服务保障,0,0,0,0,0,1,0,1,0.24166666666666667
端到端,0,0,0,0,0,2,0,2,0.48333333333333334
网络业务,0,0,0,0,0,1,0,1,0.24166666666666667
物理路径,0,0,1,2,10,1,0,14,3.033333333333333
数字,0,0,0,0,3,2,0,5,1.2083333333333333
vnr2,0,0,0,0,2,0,0,2,0.48333333333333334
vnr1,0,0,0,0,2,0,0,2,0.48333333333333334
等待时间,0,0,0,0,2,0,0,2,0.48333333333333334
物理网络节点,0,0,0,0,2,0,0,2,0.48333333333333334
请求映射,0,0,0,0,2,1,0,3,0.725
希腊,0,0,0,0,1,0,0,1,0.24166666666666667
在线映射过程,0,0,0,0,1,0,0,1,0.24166666666666667
映射流程,0,0,0,0,1,1,0,2,0.48333333333333334
执行时间性能,0,0,0,0,1,0,0,1,0.24166666666666667
fifo队列,0,0,0,0,1,0,0,1,0.24166666666666667
映射顺,0,0,0,0,1,0,0,1,0.24166666666666667
映射请求,0,0,0,0,1,0,0,1,0.24166666666666667
离线映射,0,0,2,0,1,0,0,3,0.4916666666666667
在线映射策略,0,0,0,0,1,0,0,1,0.24166666666666667
firstembed,0,0,0,0,1,0,0,1,0.24166666666666667
映射功能,0,0,0,0,1,0,0,1,0.24166666666666667
参数梯赫,0,0,0,0,1,0,0,1,0.24166666666666667
gv,0,0,0,0,1,0,0,1,0.24166666666666667
虚拟网络链路集合,0,0,0,0,1,0,0,1,0.24166666666666667
虚拟网络链路,0,0,0,1,1,0,0,2,0.3666666666666667
节点集合,0,0,0,0,1,0,0,1,0.24166666666666667
虚拟网络节点,0,0,0,2,1,1,0,4,0.7333333333333334
参数符号,0,0,0,0,1,0,0,1,0.24166666666666667
图形,0,0,0,0,1,0,0,1,0.24166666666666667
环形网络拓扑请求,0,0,0,0,1,0,0,1,0.24166666666666667
拓扑请求,0,0,0,0,1,0,0,1,0.24166666666666667
线性网络,0,0,0,0,1,0,0,1,0.24166666666666667
带宽请求约束,0,0,0,0,1,0,0,1,0.24166666666666667
链路资源约束,0,0,0,0,1,1,0,2,0.48333333333333334
节点约束,0,0,0,0,1,1,0,2,0.48333333333333334
请求链路集合,0,0,0,1,1,0,0,2,0.3666666666666667
请求节点集合,0,0,0,1,1,0,0,2,0.3666666666666667
加权无向图,0,0,0,2,1,0,0,3,0.4916666666666667
连线样式,0,0,0,0,1,0,0,1,0.24166666666666667
剩余,0,0,0,0,2,0,0,2,0.48333333333333334
底层物理网络拓扑,0,0,0,1,1,0,0,2,0.3666666666666667
三层堆叠,0,0,0,0,1,0,0,1,0.24166666666666667
物理带宽,0,0,0,0,1,1,0,2,0.48333333333333334
开销,0,0,0,0,1,0,0,1,0.24166666666666667
数据包,0,0,0,2,1,0,0,3,0.4916666666666667
通信能力,0,0,0,0,1,0,0,1,0.24166666666666667
源节点,0,0,0,2,1,0,0,3,0.4916666666666667
物理链路集合,0,0,0,1,1,0,0,2,0.3666666666666667
ns,0,0,0,0,1,0,0,1,0.24166666666666667
cpu计算能力,0,0,0,1,1,0,0,2,0.3666666666666667
底层网络节点,0,0,0,0,1,0,0,1,0.24166666666666667
底层物理网络平面,0,0,0,0,1,1,0,2,0.48333333333333334
rectedmultigraph,0,0,0,0,1,1,0,2,0.48333333333333334
虚拟化组件,0,0,0,13,0,0,0,13,1.625
sdn控制器,0,0,0,9,1,0,0,10,1.3666666666666667
sdn交换机,0,0,0,7,0,0,0,7,0.875
虚拟化层,0,0,0,4,0,0,0,4,0.5
交换机,0,0,0,7,0,0,0,7,0.875
透明代理,0,0,0,3,0,0,0,3,0.375
网络虚拟化平台,0,0,0,4,0,0,0,4,0.5
业务管理模块,0,0,0,2,0,0,0,2,0.25
映射信息,0,0,0,2,0,0,0,2,0.25
控制器集成,0,0,0,2,0,0,0,2,0.25
可编程网络,0,0,0,6,0,0,0,6,0.75
网络映射管理模块,0,0,0,1,0,0,0,1,0.125
虚拟化资源,0,0,0,1,0,0,0,1,0.125
网络资源列,0,0,0,1,0,0,0,1,0.125
网络状态管理模块,0,0,0,1,0,0,0,1,0.125
虚拟化映射算法,0,0,0,1,0,0,0,1,0.125
网络资源池管理模块,0,0,0,1,0,0,0,1,0.125
资源状态,0,0,0,1,0,0,0,1,0.125
丢包率,0,0,0,2,0,0,0,2,0.25
测量,0,0,0,1,0,0,0,1,0.125
状态参数,0,0,0,1,0,0,0,1,0.125
拓扑探测,0,0,0,1,0,0,0,1,0.125
状态管理模块,0,0,0,1,0,0,0,1,0.125
网络虚拟化层,0,0,0,1,0,0,0,1,0.125
转换操作,0,0,0,1,0,0,0,1,0.125
转发,0,0,0,4,0,0,0,4,0.5
拦截,0,0,0,1,0,0,0,1,0.125
消息,0,0,0,1,0,0,0,1,0.125
信令数据,0,0,0,1,0,0,0,1,0.125
sdn网络,0,0,0,8,0,0,0,8,1.0
中间层,0,0,0,1,0,0,0,1,0.125
模拟异构sdn网络,0,0,0,1,0,0,0,1,0.125
异构物理网络,0,0,0,1,0,0,0,1,0.125
转发功能,0,0,0,2,0,0,0,2,0.25
底层物理转发设备,0,0,0,1,0,0,0,1,0.125
上层控制器,0,0,0,1,0,0,0,1,0.125
透明代理模,0,0,0,1,0,0,0,1,0.125
大规模控制器,0,0,0,1,0,0,0,1,0.125
平台,0,0,0,1,0,0,0,1,0.125
容器模式,0,0,0,1,0,0,0,1,0.125
网络虚拟化组件,0,0,0,1,0,0,0,1,0.125
onos,0,0,0,1,1,0,0,2,0.3666666666666667
opendaylight,0,0,0,1,0,0,0,1,0.125
软硬件设备,0,0,0,1,0,0,0,1,0.125
openvirtexr®,0,0,0,1,0,0,0,1,0.125
vertigo,0,0,0,1,0,0,0,1,0.125
flowvisor,0,0,0,1,0,0,0,1,0.125
底层网络拓扑,0,0,0,1,0,0,0,1,0.125
实时翻译,0,0,0,1,0,0,0,1,0.125
packet-in数据,0,0,0,1,0,0,0,1,0.125
packet-out数据,0,0,0,1,0,0,0,1,0.125
制器,0,0,0,1,0,0,0,1,0.125
网络控制器,0,0,0,1,0,0,0,1,0.125
拓扑,0,0,0,2,0,0,0,2,0.25
地址空间,0,0,0,1,0,0,0,1,0.125
租户,0,0,0,1,0,0,0,1,0.125
虚拟化请求,0,0,0,1,0,0,0,1,0.125
外置设备,0,0,0,1,0,0,0,1,0.125
底层流量,0,0,0,1,0,0,0,1,0.125
虚拟交换机,0,0,0,1,0,0,0,1,0.125
物理交换机,0,0,0,1,0,0,0,1,0.125
内核转发路径,0,0,0,1,0,0,0,1,0.125
虚拟机技,0,0,0,1,0,0,0,1,0.125
转发设备集成,0,0,0,1,0,0,0,1,0.125
dn虚拟化平,0,0,0,1,0,0,0,1,0.125
4s,0,0,0,1,0,0,0,1,0.125
容器,0,0,0,1,0,0,0,1,0.125
监视器,0,0,0,1,0,0,0,1,0.125
虚拟机,0,0,0,1,0,0,0,1,0.125
集成,0,0,0,1,0,0,0,1,0.125
转发设备,1,0,0,4,0,0,0,5,1.5
虚拟化实现平台,0,0,0,1,0,0,0,1,0.125
vhsdnm,0,0,0,0,3,5,0,8,1.9333333333333333
已映射,0,0,0,0,0,2,0,2,0.48333333333333334
转移概率,0,0,0,0,0,5,0,5,1.2083333333333333
最优映射,0,0,0,0,0,2,0,2,0.48333333333333334
算法伪代码,0,0,0,0,0,2,0,2,0.48333333333333334
启发因子,0,0,0,0,0,3,0,3,0.725
特性,0,0,0,0,0,1,0,1,0.24166666666666667
映射时间,0,0,1,0,0,1,0,2,0.3666666666666667
精确式算法,0,0,1,0,0,1,0,2,0.3666666666666667
蚁群搜索算法,0,0,0,0,0,1,0,1,0.24166666666666667
链路时延,0,0,1,0,0,4,0,5,1.0916666666666668
求解策,0,0,0,0,0,1,0,1,0.24166666666666667
悬挂邻居节点,0,0,0,0,0,1,0,1,0.24166666666666667
未映射,0,0,0,0,0,1,0,1,0.24166666666666667
随机比例,0,0,0,0,0,1,0,1,0.24166666666666667
可映射物理节点,0,0,0,0,0,1,0,1,0.24166666666666667
ard,0,0,0,0,0,1,0,1,0.24166666666666667
snear,0,0,0,0,0,1,0,1,0.24166666666666667
已映射节点,0,0,0,0,0,1,0,1,0.24166666666666667
硝节点映射,0,0,0,0,0,1,0,1,0.24166666666666667
转移概率矩阵,0,0,0,0,0,1,0,1,0.24166666666666667
初始子,0,0,0,0,0,1,0,1,0.24166666666666667
初始化映射,0,0,0,0,0,1,0,1,0.24166666666666667
mtrail,0,0,0,0,0,1,0,1,0.24166666666666667
蚂蚁搜索,0,0,0,0,0,3,0,3,0.725
重复子,0,0,0,0,0,1,0,1,0.24166666666666667
综合度量,0,0,0,0,0,1,0,1,0.24166666666666667
轮盘赌算法,0,0,0,0,0,2,0,2,0.48333333333333334
邻居虚拟节点,0,0,0,0,0,1,0,1,0.24166666666666667
蚂蚁搜索流程算法,0,0,0,0,0,1,0,1,0.24166666666666667
aco-slover算法,0,0,0,0,0,1,0,1,0.24166666666666667
mgioba,0,0,0,0,0,1,0,1,0.24166666666666667
信息素蒸发,0,0,0,0,0,1,0,1,0.24166666666666667
ith,0,0,0,0,0,1,0,1,0.24166666666666667
mgio,0,0,0,0,0,1,0,1,0.24166666666666667
迭代,0,0,0,0,0,6,0,6,1.45
映射解轨迹,0,0,0,0,0,1,0,1,0.24166666666666667
初始化蚁群,0,0,0,0,0,1,0,1,0.24166666666666667
迭代次数,0,0,0,0,0,3,0,3,0.725
hi,0,0,0,0,0,1,0,1,0.24166666666666667
初始化信息素矩阵,0,0,0,0,0,1,0,1,0.24166666666666667
物理节点数,0,0,0,0,1,1,0,2,0.48333333333333334
蚂蚁数量,0,0,0,0,0,1,0,1,0.24166666666666667
初始化迭代次数,0,0,0,0,0,1,0,1,0.24166666666666667
算法终止条件,0,0,0,0,0,1,0,1,0.24166666666666667
信息素更新,0,0,0,0,0,2,0,2,0.48333333333333334
蚁群迭代,0,0,0,0,0,1,0,1,0.24166666666666667
aco-framework,0,0,0,0,0,1,0,1,0.24166666666666667
slover算法,0,0,0,0,0,1,0,1,0.24166666666666667
aco-,0,0,0,0,0,1,0,1,0.24166666666666667
aco-framework算法,0,0,0,0,0,1,0,1,0.24166666666666667
vhsdnm-aco算法,0,0,0,0,0,8,0,8,1.9333333333333333
请求规模,0,0,0,0,0,1,0,1,0.24166666666666667
切换次数,0,0,0,0,7,1,0,8,1.9333333333333333
异构子网,0,0,0,1,3,2,0,6,1.3333333333333333
映射支出,0,0,0,0,0,1,0,1,0.24166666666666667
请求拒绝率,0,0,0,0,0,2,0,2,0.48333333333333334
次优,0,0,0,0,0,1,0,1,0.24166666666666667
算法流程,0,0,0,0,1,1,0,2,0.48333333333333334
映射收益比,0,0,0,0,6,0,0,6,1.45
幅度,0,0,0,0,2,0,0,2,0.48333333333333334
vne-r-vine-sp,1,0,0,0,1,0,0,2,1.2416666666666667
链路选优过程,0,0,0,0,1,0,0,1,0.24166666666666667
最短路径策略,0,0,0,0,1,0,0,1,0.24166666666666667
启发式策略,0,0,0,0,1,0,0,1,0.24166666666666667
vhsdnm-g-ksp算法,0,0,0,0,9,0,0,9,2.175
vne-g-sp算法,0,0,0,0,5,0,0,5,1.2083333333333333
带宽利用率,0,0,0,0,4,1,0,5,1.2083333333333333
r-vine-sp算法,0,0,0,0,4,0,0,4,0.9666666666666667
最短路径链路映射,0,0,0,0,4,1,0,5,1.2083333333333333
cpu,0,0,0,1,4,0,0,5,1.0916666666666668
贪婪节点映射策略,0,0,0,0,3,0,0,3,0.725
纵坐标,0,0,0,0,3,0,0,3,0.725
横坐标,0,0,0,0,3,0,0,3,0.725
vne-r-vine-sp算法,0,0,0,0,2,0,0,2,0.48333333333333334
使用率,0,0,0,0,2,0,0,2,0.48333333333333334
vne-g-lmaoks,0,0,0,0,2,0,0,2,0.48333333333333334
长期收益支出比,0,0,0,0,2,0,0,2,0.48333333333333334
长期映射,0,0,0,0,2,0,0,2,0.48333333333333334
随机策略,0,0,0,0,2,0,0,2,0.48333333333333334
随机节点映射策略,0,0,0,0,2,0,0,2,0.48333333333333334
链路数,0,0,0,0,2,0,0,2,0.48333333333333334
链路连接概率,0,0,0,0,2,0,0,2,0.48333333333333334
稠密网络,0,0,0,0,2,0,0,2,0.48333333333333334
稀疏网络,0,0,0,0,2,0,0,2,0.48333333333333334
波动,0,0,0,0,2,0,0,2,0.48333333333333334
贪婪节点映射,0,0,0,0,4,1,0,5,1.2083333333333333
随机节点映射,0,0,0,0,2,0,0,2,0.48333333333333334
对比算法,0,0,0,0,2,1,0,3,0.725
性能提升,0,0,0,0,1,0,0,1,0.24166666666666667
链路个数,0,0,0,0,1,0,0,1,0.24166666666666667
链路带宽利用率,0,0,0,0,1,2,0,3,0.725
利用率分布,0,0,0,0,1,0,0,1,0.24166666666666667
节点个数,0,0,0,0,1,0,0,1,0.24166666666666667
中间映射,0,0,0,0,1,0,0,1,0.24166666666666667
ksp,0,0,0,0,2,0,0,2,0.48333333333333334
总体物理网络,0,0,0,0,1,0,0,1,0.24166666666666667
选优,0,0,0,0,1,0,0,1,0.24166666666666667
ksp算法,0,0,0,0,1,0,0,1,0.24166666666666667
支岀,0,0,0,0,1,0,0,1,0.24166666666666667
增长幅度,0,0,0,0,1,0,0,1,0.24166666666666667
累计物理网络,0,0,0,0,1,0,0,1,0.24166666666666667
拒绝率,0,0,0,0,1,0,0,1,0.24166666666666667
映射收益支出比,0,0,0,0,2,1,0,3,0.725
贪婪策略,0,0,0,0,6,3,0,9,2.175
带宽容量,0,0,0,0,1,0,0,1,0.24166666666666667
距离,0,0,0,0,2,1,0,3,0.725
资源碎片化,0,0,0,0,1,0,0,1,0.24166666666666667
容量,0,0,0,0,1,0,0,1,0.24166666666666667
同构路径链路,0,0,0,0,1,0,0,1,0.24166666666666667
链路类型,0,0,0,0,1,0,0,1,0.24166666666666667
链路碎片化,0,0,0,0,1,0,0,1,0.24166666666666667
稠密异构网络,0,0,0,0,1,0,0,1,0.24166666666666667
仿真实验,0,0,1,0,1,0,0,2,0.3666666666666667
联通度,0,0,0,0,1,0,0,1,0.24166666666666667
链路映射策略,0,0,0,0,1,0,0,1,0.24166666666666667
冗余度,0,0,0,0,1,0,0,1,0.24166666666666667
短路径链路映射,0,0,0,0,1,0,0,1,0.24166666666666667
虚拟网络算法,0,0,0,0,1,0,0,1,0.24166666666666667
规模网络,0,0,0,0,1,0,0,1,0.24166666666666667
稠密图,0,0,0,0,1,1,0,2,0.48333333333333334
稀疏图,0,0,0,0,1,0,0,1,0.24166666666666667
vnr接受率,0,0,0,0,1,0,0,1,0.24166666666666667
拒绝率线性,0,0,0,0,1,0,0,1,0.24166666666666667
波浪,0,0,0,0,1,0,0,1,0.24166666666666667
基数,0,0,0,0,1,0,0,1,0.24166666666666667
锯齿形波动,0,0,0,0,1,0,0,1,0.24166666666666667
功率曲线,0,0,0,0,1,0,0,1,0.24166666666666667
r-vine-sp,0,0,0,0,1,0,0,1,0.24166666666666667
vhsdnm-g-ksp,0,0,0,0,1,0,0,1,0.24166666666666667
仿真环,0,0,0,0,1,0,0,1,0.24166666666666667
接受率,0,0,0,0,1,1,0,2,0.48333333333333334
平均映射,0,0,0,0,1,1,0,2,0.48333333333333334
初始网络,0,0,0,0,1,1,0,2,0.48333333333333334
需求,0,0,0,0,1,0,0,1,0.24166666666666667
仿真场景,0,0,0,0,1,1,0,2,0.48333333333333334
vne-g-lmaok,0,0,0,0,1,0,0,1,0.24166666666666667
vne-g-spm,0,0,0,0,1,0,0,1,0.24166666666666667
映射收益支,0,0,0,0,1,0,0,1,0.24166666666666667
请求服务率,0,0,0,0,1,0,0,1,0.24166666666666667
节点映射集合,0,0,0,0,1,0,0,1,0.24166666666666667
启发式映射算法,0,0,5,0,0,0,0,5,0.625
单域模型,0,0,3,0,0,0,0,3,0.375
链路分割,0,0,3,0,0,0,0,3,0.375
可分割链路,0,0,2,0,0,0,0,2,0.25
不可分割链路,0,0,2,0,0,0,0,2,0.25
动态映射,0,0,2,0,0,0,0,2,0.25
静态映射,0,0,2,0,0,0,0,2,0.25
一步映射,0,0,2,0,0,0,0,2,0.25
两步映射,0,0,2,0,0,0,0,2,0.25
分配,0,0,2,0,0,0,0,2,0.25
服务提供商,0,0,2,0,0,0,0,2,0.25
链路迁移,0,0,2,0,0,0,0,2,0.25
时间,0,0,2,0,0,0,0,2,0.25
求解,0,0,2,0,0,2,0,4,0.7333333333333334
求解时间,0,0,2,0,0,0,0,2,0.25
mip模型,0,0,2,0,0,0,0,2,0.25
更新,0,0,1,0,0,0,0,1,0.125
蚂蚁寻路,0,0,1,0,0,0,0,1,0.125
启发式虚拟网络映射算法,0,0,1,0,0,0,0,1,0.125
多链路,1,0,1,0,0,0,0,2,1.125
链路异构切换,0,0,1,0,0,0,0,1,0.125
异构sdn,0,0,1,0,0,0,0,1,0.125
物理sdn网络,0,0,1,0,0,0,0,1,0.125
虚拟网络映射技,0,0,1,0,0,0,0,1,0.125
异构网络链路,0,0,1,0,0,1,0,2,0.3666666666666667
层技,0,0,1,0,0,0,0,1,0.125
映射方,0,0,1,0,0,0,0,1,0.125
小流量链路,0,0,1,0,0,0,0,1,0.125
小流量虚拟链路,0,0,1,0,0,0,0,1,0.125
底层物理网络路径,0,0,1,0,0,0,0,1,0.125
网络拓扑,0,0,1,0,0,1,0,2,0.3666666666666667
信令,0,0,1,0,0,0,0,1,0.125
分布式映射模式,0,0,1,0,0,0,0,1,0.125
通信条件,0,0,1,0,0,0,0,1,0.125
拥塞,0,0,1,0,0,0,0,1,0.125
场景,0,0,1,0,0,0,0,1,0.125
映射模式,0,0,1,0,0,0,0,1,0.125
运算,0,0,1,0,0,0,0,1,0.125
底层网络信息,0,0,1,0,0,0,0,1,0.125
南向接口,0,0,1,2,0,0,0,3,0.375
sdn网络控制器,0,0,1,1,0,0,0,2,0.25
集中式网络映射,0,0,1,0,0,0,0,1,0.125
分布式网络,0,0,1,0,0,0,0,1,0.125
集中式网络,0,0,1,0,0,0,0,1,0.125
求解顺序,0,0,1,0,0,0,0,1,0.125
分阶段映射,0,0,1,0,0,0,0,1,0.125
同阶段映射,0,0,1,0,0,0,0,1,0.125
资源映射,1,0,1,1,0,0,0,3,1.25
资源分配,2,0,2,2,0,0,0,6,2.5
域间通信,0,0,1,0,0,0,0,1,0.125
多域模型,0,0,1,0,0,0,0,1,0.125
跨域模型,0,0,1,0,0,0,0,1,0.125
映射计算时间,0,0,1,0,0,0,0,1,0.125
强化学习算法,0,0,1,0,0,0,0,1,0.125
蒙特卡洛树搜索算法,0,0,1,0,0,0,0,1,0.125
人工蜂群算法,0,0,1,0,0,0,0,1,0.125
群体智能,0,0,1,0,0,0,0,1,0.125
近似策略,0,0,1,0,0,0,0,1,0.125
仿生算法,0,0,1,0,0,0,0,1,0.125
元启发式映射算法,0,0,1,0,0,0,0,1,0.125
精确解算法,0,0,1,0,0,0,0,1,0.125
mfp流,0,0,1,0,0,0,0,1,0.125
贪婪,0,0,1,0,0,0,0,1,0.125
随机,0,0,1,0,0,0,0,1,0.125
多项式,0,0,1,0,0,0,0,1,0.125
资源容量,0,0,1,0,0,0,0,1,0.125
拓扑属性,0,0,1,0,0,0,0,1,0.125
可用带宽资源,0,0,1,0,0,0,0,1,0.125
vnm优化算法,0,0,1,0,0,0,0,1,0.125
多商品流,0,0,1,0,0,0,0,1,0.125
mfp,0,0,1,0,0,0,0,1,0.125
链路映射算法,0,0,1,0,0,0,0,1,0.125
迁移,0,0,1,0,0,0,0,1,0.125
路径分割,0,0,1,0,0,0,0,1,0.125
再映射链路,0,0,1,0,0,0,0,1,0.125
先映射节点,0,0,1,0,0,0,0,1,0.125
数学定,0,0,1,0,0,0,0,1,0.125
精确式映射,0,0,1,0,0,0,0,1,0.125
时间复杂度,0,0,1,0,0,0,0,1,0.125
网络建模,0,0,1,0,0,0,0,1,0.125
协调性,0,0,1,0,0,0,0,1,0.125
分段映射,0,0,1,0,0,0,0,1,0.125
mcf约束模型,0,0,1,0,0,0,0,1,0.125
ilp模型,0,0,1,0,0,0,0,1,0.125
链路方程,0,0,1,0,0,0,0,1,0.125
数学规划软件,0,0,1,0,0,0,0,1,0.125
数学语言,0,0,1,0,0,0,0,1,0.125
优化策略,0,0,1,0,0,0,0,1,0.125
基础设施网络,0,0,1,0,0,0,0,1,0.125
vnr,0,0,1,0,0,0,0,1,0.125
virtualnetworkrequest,0,0,1,0,0,0,0,1,0.125
网络基础设施,0,0,1,0,0,0,0,1,0.125
嵌入/,0,0,1,0,0,0,0,1,0.125
蚁群,1,0,0,0,0,3,0,4,1.725
信息素浓度,0,0,0,0,0,6,0,6,1.45
化学物质,0,0,0,0,0,2,0,2,0.48333333333333334
收敛速度,0,0,0,0,0,1,0,1,0.24166666666666667
选择概率,0,0,0,0,0,2,0,2,0.48333333333333334
正反馈,0,0,0,0,0,1,0,1,0.24166666666666667
协程模型,0,0,0,0,0,1,0,1,0.24166666666666667
多线程,0,0,0,0,0,1,0,1,0.24166666666666667
搜索过程,0,0,0,0,0,1,0,1,0.24166666666666667
蚂蚁个体,0,0,0,0,0,1,0,1,0.24166666666666667
个体间,0,0,0,0,0,1,0,1,0.24166666666666667
并行加速,0,0,0,0,0,1,0,1,0.24166666666666667
辅助信息,0,0,0,0,0,1,0,1,0.24166666666666667
启发函数模型,0,0,0,0,0,1,0,1,0.24166666666666667
残存浓度,0,0,0,0,0,1,0,1,0.24166666666666667
分布规律,0,0,0,0,0,1,0,1,0.24166666666666667
分布,0,0,0,1,0,2,0,3,0.6083333333333334
引路,0,0,0,0,0,1,0,1,0.24166666666666667
指示牌,0,0,0,0,0,1,0,1,0.24166666666666667
文字,0,0,0,0,0,1,0,1,0.24166666666666667
pheromone,0,0,0,0,0,1,0,1,0.24166666666666667
智能,0,0,0,0,0,1,0,1,0.24166666666666667
智慧,0,0,0,0,0,1,0,1,0.24166666666666667
智能仿生算法,0,0,0,0,0,1,0,1,0.24166666666666667
antcolonyoptimization,0,0,0,0,0,1,0,1,0.24166666666666667
选优准则,0,0,0,0,0,1,0,1,0.24166666666666667
多路径,0,0,0,0,0,1,0,1,0.24166666666666667
阶段映射算法,0,0,0,0,0,1,0,1,0.24166666666666667
路径选优机制,0,0,0,0,0,1,0,1,0.24166666666666667
虚拟映射,0,0,0,0,0,1,0,1,0.24166666666666667
初始带宽容量,0,0,0,0,3,0,0,3,0.725
节点间链接概率,0,0,0,0,1,1,0,2,0.48333333333333334
虚拟链路数,0,0,0,0,1,1,0,2,0.48333333333333334
虚拟节点数,0,0,0,0,1,1,0,2,0.48333333333333334
请求数量,0,0,0,0,1,0,0,1,0.24166666666666667
使用率因子,0,0,0,0,1,0,0,1,0.24166666666666667
异构切换因子,0,0,0,0,1,1,0,2,0.48333333333333334
资源影响因子,0,0,0,0,1,0,0,1,0.24166666666666667
子网3链路,0,0,0,0,1,0,0,1,0.24166666666666667
子网2链路,0,0,0,0,1,0,0,1,0.24166666666666667
子网,0,0,0,8,3,5,0,16,2.9333333333333336
连接概率,0,0,0,0,1,1,0,2,0.48333333333333334
节点链路,0,0,0,0,1,1,0,2,0.48333333333333334
初始cpu容量,0,0,0,0,1,0,0,1,0.24166666666666667
底层异构物理网络,0,0,0,0,1,0,0,1,0.24166666666666667
底层转发平面参数,0,0,0,0,1,0,0,1,0.24166666666666667
映射仿真实验,0,0,0,0,1,0,0,1,0.24166666666666667
pc机,0,0,0,0,1,0,0,1,0.24166666666666667
16gb内存,0,0,0,0,1,0,0,1,0.24166666666666667
intelcorei,0,0,0,0,1,0,0,1,0.24166666666666667
mininet软件仿真平台,0,0,0,0,1,0,0,1,0.24166666666666667
仿真环境,0,0,0,0,1,1,0,2,0.48333333333333334
映射概率,0,0,0,0,0,2,0,2,0.48333333333333334
最优解,0,0,0,0,0,1,0,1,0.24166666666666667
映射轨迹,0,0,0,0,0,1,0,1,0.24166666666666667
最优,0,0,0,0,0,1,0,1,0.24166666666666667
轨迹,0,0,0,0,0,1,0,1,0.24166666666666667
映射信息素,0,0,0,0,0,1,0,1,0.24166666666666667
启发信息,0,0,0,0,0,2,0,2,0.48333333333333334
随机比例策略,0,0,0,0,0,1,0,1,0.24166666666666667
虚拟节点映射,0,0,0,0,1,2,0,3,0.725
并行迭代搜索,0,0,0,0,0,1,0,1,0.24166666666666667
人工蚂蚁,0,0,0,0,0,1,0,1,0.24166666666666667
蚁群优化,0,0,1,0,0,2,0,3,0.6083333333333334
网络架构,0,0,0,8,0,0,0,8,1.0
网络设备,0,0,0,6,0,0,0,6,0.75
应用层,0,0,0,4,0,0,0,4,0.5
控制,1,0,0,4,0,0,0,5,1.5
数据层,0,0,0,2,0,0,0,2,0.25
sdn网络架构,0,0,0,2,0,0,0,2,0.25
openflow协议,0,0,0,2,0,0,0,2,0.25
数据转发,0,0,0,2,0,0,0,2,0.25
转发控制分离,0,0,0,2,0,0,0,2,0.25
软件,0,0,0,3,0,0,0,3,0.375
网络管理,0,0,0,2,0,0,0,2,0.25
ip网络,0,0,0,2,0,0,0,2,0.25
网络响应,0,0,0,1,0,0,0,1,0.125
业务保障,0,0,0,1,0,0,0,1,0.125
网络用户,0,0,0,1,0,0,0,1,0.125
流量工程,0,0,0,1,0,0,0,1,0.125
路由,0,0,0,1,0,0,0,1,0.125
网络参数,0,0,0,1,0,0,0,1,0.125
网管人,0,0,0,1,0,0,0,1,0.125
分离式,0,0,0,1,0,0,0,1,0.125
管控,0,0,0,1,0,0,0,1,0.125
升级换代,0,0,0,1,0,0,0,1,0.125
程序管理,0,0,0,1,0,0,0,1,0.125
网管,0,0,0,1,0,0,0,1,0.125
网络管理人,0,0,0,1,0,0,0,1,0.125
基础硬件,0,0,0,1,0,0,0,1,0.125
数据转发功能,0,0,0,1,0,0,0,1,0.125
层间通信协议,0,0,0,1,0,0,0,1,0.125
底层硬件设备,0,0,0,1,0,0,0,1,0.125
网络硬件厂商,0,0,0,1,0,0,0,1,0.125
分离式架构,0,0,0,1,0,0,0,1,0.125
数据业务转,0,0,0,1,0,0,0,1,0.125
数据层网络设备,0,0,0,1,0,0,0,1,0.125
流表项,0,0,0,1,0,0,0,1,0.125
南向接口协议,0,0,0,2,0,0,0,2,0.25
sdn控制层,0,0,0,1,0,0,0,1,0.125
通用接口,0,0,0,1,0,0,0,1,0.125
状态,0,0,0,1,0,0,0,1,0.125
硬件设备,0,0,0,1,0,0,0,1,0.125
api,0,0,0,1,0,0,0,1,0.125
北向接口,0,0,0,2,0,0,0,2,0.25
南北向接口,0,0,0,1,0,0,0,1,0.125
决策,0,0,0,1,0,0,0,1,0.125
指令,0,0,0,1,0,0,0,1,0.125
流表,0,0,0,4,0,0,0,4,0.5
线路,0,0,0,1,0,0,0,1,0.125
自学习,0,0,0,1,0,0,0,1,0.125
路由转发,0,0,0,1,0,0,0,1,0.125
底层,0,0,0,1,1,0,0,2,0.3666666666666667
操作系统,0,0,0,1,0,0,0,1,0.125
传统网络,0,0,0,1,0,0,0,1,0.125
operationsupportsystem,0,0,0,1,0,0,0,1,0.125
oss,0,0,0,1,0,0,0,1,0.125
openstack,0,0,0,1,0,0,0,1,0.125
应用功能,0,0,0,1,0,0,0,1,0.125
nat服务,0,0,0,1,0,0,0,1,0.125
学习,0,0,0,1,0,0,0,1,0.125
应用层应用,0,0,0,1,0,0,0,1,0.125
模块化,0,0,0,1,0,0,0,1,0.125
业务,0,0,0,1,0,0,0,1,0.125
网络模型,0,0,0,1,0,0,0,1,0.125
应用程序,0,0,0,1,0,0,0,1,0.125
应用,0,0,0,1,0,0,0,1,0.125
网络体系架构,0,0,0,1,0,0,0,1,0.125
可编程,0,0,0,1,0,0,0,1,0.125
异性,0,0,0,1,0,0,0,1,0.125
设备厂商,0,0,0,1,0,0,0,1,0.125
标准化,0,0,0,1,0,0,0,1,0.125
皮书,0,0,0,1,0,0,0,1,0.125
openflow,0,0,0,2,0,0,0,2,0.25
开放软件,0,0,0,1,0,0,0,1,0.125
集中化,0,0,0,1,0,0,0,1,0.125
抽离,0,0,0,1,0,0,0,1,0.125
传统网络架构,0,0,0,1,0,0,0,1,0.125
兼容,0,0,0,1,0,0,0,1,0.125
设备,0,0,0,4,0,0,0,4,0.5
ipv6解,0,0,0,1,0,0,0,1,0.125
nat,0,0,0,1,0,0,0,1,0.125
nat技,0,0,0,1,0,0,0,1,0.125
ipv4地址,0,0,0,1,0,0,0,1,0.125
因特网,0,0,0,1,0,0,0,1,0.125
鲁棒性,0,0,0,1,0,0,0,1,0.125
传统ip网络,0,0,0,1,0,0,0,1,0.125
sdn环,0,0,0,1,0,0,0,1,0.125
映射扩展图链路,0,0,0,0,0,2,0,2,0.48333333333333334
备用路径,0,0,0,0,0,2,0,2,0.48333333333333334
信息素增量,0,0,0,0,0,1,0,1,0.24166666666666667
路径跳数,0,0,0,0,0,1,0,1,0.24166666666666667
悬挂链路映射,0,0,0,0,0,1,0,1,0.24166666666666667
备选映射节点,0,0,0,0,0,1,0,1,0.24166666666666667
状态转移,0,0,0,0,0,1,0,1,0.24166666666666667
搜索能,0,0,0,0,0,1,0,1,0.24166666666666667
信息素强度常数,0,0,0,0,0,1,0,1,0.24166666666666667
链路总数,0,0,0,0,0,1,0,1,0.24166666666666667
映射物理网络,0,0,0,0,0,1,0,1,0.24166666666666667
pnf,0,0,0,0,0,1,0,1,0.24166666666666667
也子问题序列,0,0,0,0,0,1,0,1,0.24166666666666667
信息素挥发过程,0,0,0,0,0,1,0,1,0.24166666666666667
浓度,0,0,0,0,0,1,0,1,0.24166666666666667
资源消耗,0,0,0,0,0,4,0,4,0.9666666666666667
映射解物理网络,0,0,0,0,0,2,0,2,0.48333333333333334
蚁群改进算法,0,0,0,0,0,2,0,2,0.48333333333333334
vhsdnm-aco,0,0,0,0,0,3,0,3,0.725
vne-ac,0,0,0,0,0,2,0,2,0.48333333333333334
最优映射解,0,0,0,0,0,2,0,2,0.48333333333333334
vhsdnm-ac0,0,0,0,0,0,2,0,2,0.48333333333333334
蚁群映射,0,0,0,0,0,1,0,1,0.24166666666666667
链路信息素浓度,0,0,0,0,0,1,0,1,0.24166666666666667
散点图,0,0,0,0,0,1,0,1,0.24166666666666667
链路信息素,0,0,0,0,0,1,0,1,0.24166666666666667
链路信息素分布,0,0,0,0,0,1,0,1,0.24166666666666667
信息素优化模型,0,0,0,0,0,1,0,1,0.24166666666666667
分布均值,0,0,0,0,0,1,0,1,0.24166666666666667
累积物理网络,0,0,0,0,0,1,0,1,0.24166666666666667
vne-ac算,0,0,0,0,0,1,0,1,0.24166666666666667
随机因素,0,0,0,0,0,1,0,1,0.24166666666666667
启发式,0,0,0,0,0,1,0,1,0.24166666666666667
链路时延计算,0,0,0,0,0,1,0,1,0.24166666666666667
节点计算需求,0,0,0,0,0,1,0,1,0.24166666666666667
ed,0,0,0,0,0,1,0,1,0.24166666666666667
链路带宽容量,0,0,0,0,0,2,0,2,0.48333333333333334
信息素强度,0,0,0,0,0,1,0,1,0.24166666666666667
信息素蒸发系数,0,0,0,0,0,1,0,1,0.24166666666666667
权重因子,0,0,0,0,0,2,0,2,0.48333333333333334
信息素权重因子,0,0,0,0,0,2,0,2,0.48333333333333334
节点cpu,0,0,0,0,0,1,0,1,0.24166666666666667
请求数目,0,0,0,0,0,1,0,1,0.24166666666666667
子网3链路时延,0,0,0,0,0,1,0,1,0.24166666666666667
子网2链路时延,0,0,0,0,0,1,0,1,0.24166666666666667
cpu容量,0,0,0,0,0,1,0,1,0.24166666666666667
节点数,0,0,0,0,0,1,0,1,0.24166666666666667
连通,0,0,0,0,0,1,0,1,0.24166666666666667
非连通,0,0,0,0,0,1,0,1,0.24166666666666667
概率,0,0,0,0,0,4,0,4,0.9666666666666667
时延参数,0,0,0,0,0,1,0,1,0.24166666666666667
mininet仿真平台,0,0,0,0,0,1,0,1,0.24166666666666667
映射扩展网络,0,0,0,0,0,2,0,2,0.48333333333333334
绿色节点,0,0,0,0,0,2,0,2,0.48333333333333334
映射失败,0,0,0,0,0,1,0,1,0.24166666666666667
物理链路路径,0,0,0,0,0,1,0,1,0.24166666666666667
约束条,0,0,0,0,0,2,0,2,0.48333333333333334
寻路,0,0,0,0,0,1,0,1,0.24166666666666667
节点资源,0,0,0,0,0,1,0,1,0.24166666666666667
可用带宽,0,0,0,0,0,1,0,1,0.24166666666666667
实线,0,0,0,0,0,1,0,1,0.24166666666666667
底层物理网络节点,0,0,0,0,0,1,0,1,0.24166666666666667
图转化,0,0,0,0,0,1,0,1,0.24166666666666667
tsp,0,0,0,0,0,1,0,1,0.24166666666666667
40络映射算法,0,0,0,0,0,1,0,1,0.24166666666666667
大规模虚拟网,0,0,0,0,0,1,0,1,0.24166666666666667
规模虚拟网络,0,0,0,0,0,1,0,1,0.24166666666666667
np-hard,0,0,0,0,0,1,0,1,0.24166666666666667
二元组合优化,0,0,0,0,0,1,0,1,0.24166666666666667
优化,0,0,1,0,0,1,0,2,0.3666666666666667
算法模型,0,0,0,0,0,1,0,1,0.24166666666666667
兼容性,0,0,0,3,0,0,0,3,0.375
脚本,0,0,0,2,0,0,0,2,0.25
vxlan,0,0,0,2,0,0,0,2,0.25
广播域,0,0,0,2,0,0,0,2,0.25
vlan技术,0,0,0,2,0,0,0,2,0.25
服务器,0,0,0,2,0,0,0,2,0.25
vpn,0,0,0,2,0,0,0,2,0.25
覆盖网络,0,0,0,2,0,0,0,2,0.25
虚拟局域网络,0,0,0,2,0,0,0,2,0.25
虚拟专用网络,0,0,0,2,0,0,0,2,0.25
网络协议,0,0,0,2,0,0,0,2,0.25
运维,0,0,0,1,0,0,0,1,0.125
虚拟化场,0,0,0,1,0,0,0,1,0.125
调整策略,0,0,0,1,0,0,0,1,0.125
映射规则,0,0,0,1,0,0,0,1,0.125
软件化流程,0,0,0,1,0,0,0,1,0.125
真实节点,0,0,0,1,0,0,0,1,0.125
流表重写,0,0,0,1,0,0,0,1,0.125
集中式架构,0,0,0,1,0,0,0,1,0.125
批量配置,0,0,0,1,0,0,0,1,0.125
云数据中心网络,0,0,0,1,0,0,0,1,0.125
移动互联,0,0,0,1,0,0,0,1,0.125
网络结构,0,0,0,1,0,0,0,1,0.125
云服务中心,0,0,0,1,0,0,0,1,0.125
虚拟网络技,0,0,0,1,0,0,0,1,0.125
映射概,0,0,0,1,0,0,0,1,0.125
模拟,0,0,0,1,0,0,0,1,0.125
重路由,0,0,0,1,0,0,0,1,0.125
封装,0,0,0,1,0,0,0,1,0.125
网络隧道封装协议,0,0,0,1,0,0,0,1,0.125
ip-ip,0,0,0,1,0,0,0,1,0.125
覆盖网,0,0,0,1,0,0,0,1,0.125
vlan标签,0,0,0,1,0,0,0,1,0.125
虚拟局域网络技术,0,0,0,1,0,0,0,1,0.125
流量,0,0,0,1,0,0,0,1,0.125
隔离网络,0,0,0,1,0,0,0,1,0.125
以太网络,0,0,0,1,0,0,0,1,0.125
逻辑网络,0,0,0,1,0,0,0,1,0.125
标签技,0,0,0,1,0,0,0,1,0.125
lan技术,0,0,0,1,0,0,0,1,0.125
vlan,0,0,0,1,0,0,0,1,0.125
链路虚拟化,0,0,0,1,0,0,0,1,0.125
vpn虚拟网络流,0,0,0,1,0,0,0,1,0.125
客户端,0,0,0,1,0,0,0,1,0.125
vpn技,0,0,0,1,0,0,0,1,0.125
ip协议,0,0,0,1,0,0,0,1,0.125
匿名性,0,0,0,1,0,0,0,1,0.125
数字加密算法,0,0,0,1,0,0,0,1,0.125
虚拟私有网络,0,0,0,1,0,0,0,1,0.125
楼阁,0,0,0,1,0,0,0,1,0.125
虚拟网络技术,0,0,0,1,0,0,0,1,0.125
安全保障,0,0,0,1,0,0,0,1,0.125
黑客,0,0,0,1,0,0,0,1,0.125
隔离性,0,0,0,1,0,0,0,1,0.125
底层设施供应商,0,0,0,1,0,0,0,1,0.125
资源管理,0,0,0,1,0,0,0,1,0.125
网络物理资源,0,0,0,1,0,0,0,1,0.125
计算虚拟化技术,0,0,0,1,0,0,0,1,0.125
计算机,0,0,0,1,0,0,0,1,0.125
网络僵化,0,0,0,1,0,0,0,1,0.125
minimize,0,0,0,0,0,1,0,1,0.24166666666666667
时延约束条,0,0,0,0,0,1,0,1,0.24166666666666667
时延需求,0,0,0,0,0,1,0,1,0.24166666666666667
链路时延总和,0,0,0,0,0,1,0,1,0.24166666666666667
链路映射矩阵,0,0,0,0,1,1,0,2,0.48333333333333334
二维链路切换矩阵,0,0,0,0,1,1,0,2,0.48333333333333334
二维链路映射矩阵,0,0,0,0,1,1,0,2,0.48333333333333334
二维节点映射矩阵,0,0,0,0,1,1,0,2,0.48333333333333334
链路时延收益,0,0,0,0,0,1,0,1,0.24166666666666667
链路带宽收益,0,0,0,0,2,1,0,3,0.725
时延因素,0,0,0,0,0,1,0,1,0.24166666666666667
请求收益,0,0,0,0,0,1,0,1,0.24166666666666667
可用资源,0,0,0,0,4,0,0,4,0.9666666666666667
贪婪节点映射算法,0,0,0,0,2,0,0,2,0.48333333333333334
全局资源,0,0,0,0,1,0,0,1,0.24166666666666667
更新网络,0,0,0,0,1,0,0,1,0.24166666666666667
ifnv,0,0,0,0,1,0,0,1,0.24166666666666667
mnju叫,0,0,0,0,1,0,0,1,0.24166666666666667
forninsnvdo,0,0,0,0,1,0,0,1,0.24166666666666667
vd,0,0,0,0,1,0,0,1,0.24166666666666667
gnma,0,0,0,0,1,0,0,1,0.24166666666666667
gnma伪代码,0,0,0,0,1,0,0,1,0.24166666666666667
物理链路厂,0,0,0,1,1,0,0,2,0.3666666666666667
邻接链路集合,0,0,0,0,1,0,0,1,0.24166666666666667
工马,0,0,0,0,1,0,0,1,0.24166666666666667
节点映射策略,0,0,0,0,1,0,0,1,0.24166666666666667
随机映射策略,0,0,0,0,1,0,0,1,0.24166666666666667
两段式映射,0,0,0,0,1,0,0,1,0.24166666666666667
稀缺物理资源,0,0,0,0,1,0,0,1,0.24166666666666667
资源使用率,0,0,0,0,1,0,0,1,0.24166666666666667
用资源,0,0,0,0,1,0,0,1,0.24166666666666667
计算复杂度,0,0,0,0,1,0,0,1,0.24166666666666667
带宽请求,0,0,0,0,0,1,0,1,0.24166666666666667
cpu资源请求,0,0,0,0,0,1,0,1,0.24166666666666667
当前时延,0,0,0,0,0,1,0,1,0.24166666666666667
&由链路,0,0,0,0,0,1,0,1,0.24166666666666667
中继节点,0,0,0,2,0,0,0,2,0.25
连通能力,0,0,0,1,0,0,0,1,0.125
中子网,0,0,0,1,0,0,0,1,0.125
c节点,0,0,0,1,0,0,0,1,0.125
传输,0,0,0,1,0,0,0,1,0.125
异构网络模型,0,0,0,1,0,0,0,1,0.125
接口转发能力,0,0,0,1,0,0,0,1,0.125
异构通信手段,0,0,0,1,0,0,0,1,0.125
转发数据,0,0,0,1,0,0,0,1,0.125
无线接口,0,0,0,1,0,0,0,1,0.125
竖线,0,0,0,1,0,0,0,1,0.125
子网接口,0,0,0,1,0,0,0,1,0.125
可用链路资源,0,0,0,1,0,0,0,1,0.125
转发器,0,0,0,1,0,0,0,1,0.125
异构sdn网络控制器,0,0,0,1,0,0,0,1,0.125
数控分,0,0,0,1,0,0,0,1,0.125
网络功能,0,0,0,1,0,0,0,1,0.125
控制逻辑,0,0,0,1,0,0,0,1,0.125
sdn架构,0,0,0,1,0,0,0,1,0.125
军用网络,0,0,0,1,0,0,0,1,0.125
民用网络,0,0,0,1,0,0,0,1,0.125
802.11网络,0,0,0,1,0,0,0,1,0.125
5g网络,0,0,0,1,0,0,0,1,0.125
无线网络,0,0,0,1,0,0,0,1,0.125
有线网络,0,0,0,1,0,0,0,1,0.125
异构sdn网络模型,0,0,0,1,0,0,0,1,0.125
概率因子,0,0,0,0,0,5,0,5,1.2083333333333333
比例随机算法,0,0,0,0,0,2,0,2,0.48333333333333334
pn,0,0,0,0,0,2,0,2,0.48333333333333334
distance,0,0,0,0,0,1,0,1,0.24166666666666667
路径度量,0,0,0,0,0,1,0,1,0.24166666666666667
类型,0,0,0,0,0,1,0,1,0.24166666666666667
路径权值,0,0,0,0,0,1,0,1,0.24166666666666667
城节点,0,0,0,0,0,1,0,1,0.24166666666666667
吋节点,0,0,0,0,0,1,0,1,0.24166666666666667
悬挂虚拟链路集合,0,0,0,0,0,1,0,1,0.24166666666666667
轮盘,0,0,0,0,0,1,0,1,0.24166666666666667
轮盘区间,0,0,0,0,0,1,0,1,0.24166666666666667
择算法,0,0,0,0,0,1,0,1,0.24166666666666667
累积概率,0,0,0,0,0,1,0,1,0.24166666666666667
roulettewheelselection,0,0,0,0,0,1,0,1,0.24166666666666667
fitnessproportionateselection,0,0,0,0,0,1,0,1,0.24166666666666667
待选集合,0,0,0,0,0,1,0,1,0.24166666666666667
节点映射解,0,0,0,0,0,1,0,1,0.24166666666666667
信息因子,0,0,0,0,0,1,0,1,0.24166666666666667
pu,0,0,0,0,0,1,0,1,0.24166666666666667
启发信息因子,0,0,0,0,0,1,0,1,0.24166666666666667
potentialnodecandidates,0,0,0,0,0,1,0,1,0.24166666666666667
\pn,0,0,0,0,0,1,0,1,0.24166666666666667
物理节点映射集合,0,0,0,0,0,1,0,1,0.24166666666666667
sq问题,0,0,0,0,0,1,0,1,0.24166666666666667
sq｝序列,0,0,0,0,0,1,0,1,0.24166666666666667
虚拟路径,0,0,0,2,0,0,0,2,0.25
无环路径,0,0,0,2,0,0,0,2,0.25
虚拟网络映射过程,0,0,0,1,0,0,0,1,0.125
数学模型,0,0,1,1,0,0,0,2,0.25
建模,0,0,0,1,0,0,0,1,0.125
虚拟网络链路厂,0,0,0,1,0,0,0,1,0.125
计算能力,0,0,0,1,0,0,0,1,0.125
地理,0,0,0,1,0,0,0,1,0.125
constraint,0,0,0,1,0,0,0,1,0.125
厂丘厂,0,0,0,1,0,0,0,1,0.125
链路厂,0,0,0,1,0,0,0,1,0.125
时延状态,0,0,0,1,0,0,0,1,0.125
子网数量,0,0,0,1,0,0,0,1,0.125
流表资源,0,0,0,1,0,0,0,1,0.125
attribute,0,0,0,1,0,0,0,1,0.125
属性,0,0,0,1,0,0,0,1,0.125
n®站,0,0,0,1,0,0,0,1,0.125
物理节点集合,0,0,0,1,0,0,0,1,0.125
node,0,0,0,1,0,0,0,1,0.125
数学建模,0,0,1,1,0,0,0,2,0.25
sn,0,0,0,1,0,0,0,1,0.125
substratenetwork,0,0,0,1,0,0,0,1,0.125
刪算法模型,0,0,0,1,0,0,0,1,0.125
目标,0,0,1,0,0,0,0,1,0.125
在线虚拟网络,0,0,1,0,0,0,0,1,0.125
优化目标,0,0,1,0,0,0,0,1,0.125
异构子网切换,0,0,0,0,2,0,0,2,0.48333333333333334
虚拟链路数量,0,0,0,0,2,0,0,2,0.48333333333333334
smax,0,0,0,0,1,0,0,1,0.24166666666666667
y链路,0,0,0,0,1,0,0,1,0.24166666666666667
矩阵,0,0,0,0,1,0,0,1,0.24166666666666667
物理链路数量片,0,0,0,0,1,0,0,1,0.24166666666666667
子网切换约束,0,0,0,0,1,0,0,1,0.24166666666666667
物理链路数量,0,0,0,0,1,0,0,1,0.24166666666666667
物理节点数量,0,0,0,0,1,0,0,1,0.24166666666666667
切换权重因子,0,0,0,0,1,0,0,1,0.24166666666666667
请求带宽,0,0,0,0,1,0,0,1,0.24166666666666667
网络切换支出,0,0,0,0,1,0,0,1,0.24166666666666667
带宽支出,0,0,0,0,1,0,0,1,0.24166666666666667
计算,0,0,0,0,1,0,0,1,0.24166666666666667
节点收益,0,0,0,0,1,0,0,1,0.24166666666666667
节点支出,0,0,0,0,1,0,0,1,0.24166666666666667
物理节点支,0,0,0,0,1,0,0,1,0.24166666666666667
物理链路支,0,0,0,0,1,0,0,1,0.24166666666666667
因子,0,0,0,0,1,0,0,1,0.24166666666666667
工纬,0,0,0,0,1,0,0,1,0.24166666666666667
节点资源收益,0,0,0,0,1,0,0,1,0.24166666666666667
成功映射,0,0,0,0,1,0,0,1,0.24166666666666667
资源利用,0,0,0,0,1,0,0,1,0.24166666666666667
异构SDN网络,0,1,0,0,0,0,0,1,2.0
带宽时延感知,1,0,0,0,0,0,0,1,1.0
蚂蚁随机搜索,1,0,0,0,0,0,0,1,1.0
异构物理链路,1,0,0,0,0,0,0,1,1.0
中间转发节点,1,0,0,0,0,0,0,1,1.0
协议转换,1,0,0,0,0,0,0,1,1.0
物理资源开销模型,1,0,0,0,0,0,0,1,1.0
直连节点,1,0,0,0,0,0,0,1,1.0
云计算,1,0,0,0,0,0,0,1,1.0
5g技术,1,0,0,0,0,0,0,1,1.0
异构化,1,0,0,0,0,0,0,1,1.0
软件定义网络,1,0,0,0,0,0,0,1,1.0
software,1,0,0,0,0,0,0,1,1.0
nednetwork,1,0,0,0,0,0,0,1,1.0
集中式控制器,1,0,0,0,0,0,0,1,1.0
资源池,1,0,0,0,0,0,0,1,1.0
跨网通信,1,0,0,0,0,0,0,1,1.0
