,摘要,关键词,第一章,第二章,第三章,第四章,第五章,总词频,加权得分
gso地球站,0,0,0,23,29,18,3,73,14.958333333333334
波束,0,0,0,19,28,1,2,50,9.866666666666667
ngso卫星,1,0,10,35,34,8,3,91,17.5
参数,0,0,2,5,10,7,1,25,5.225
gso地球站接收机,0,0,0,0,4,0,0,4,0.9666666666666667
干扰,2,0,8,34,13,12,5,74,14.5
ngso卫星波束,0,0,0,0,5,0,2,7,1.6916666666666667
接收增益,0,0,0,1,6,2,0,9,2.0583333333333336
gso卫星,1,0,6,24,13,31,0,75,15.383333333333333
载波,0,0,0,0,2,0,0,2,0.48333333333333334
天线,0,0,0,15,14,9,0,38,7.433333333333334
发射功率,0,0,1,3,3,3,0,10,1.95
地球站,1,0,4,22,27,36,4,94,20.441666666666666
卫星,1,0,14,20,9,10,0,54,9.841666666666667
下行链路,0,0,0,1,2,0,1,4,0.85
gso系统,0,0,20,19,6,8,8,61,10.191666666666666
噪声功率,0,0,0,1,1,1,0,3,0.6083333333333334
集总干扰功率,0,0,0,1,1,1,0,3,0.6083333333333334
波束干扰功率,0,0,0,1,1,0,0,2,0.3666666666666667
z闪计算,0,0,0,0,1,0,0,1,0.24166666666666667
干扰功率,0,0,0,6,1,1,0,8,1.2333333333333334
lpq,0,0,0,0,1,0,0,1,0.24166666666666667
自由空间路径损耗,0,0,0,2,1,1,0,4,0.7333333333333334
接收载波功率,0,0,0,0,1,0,0,1,0.24166666666666667
同频带宽,0,0,0,1,1,1,0,3,0.6083333333333334
分贝值,0,0,0,1,1,1,0,3,0.6083333333333334
玻尔兹曼常数,0,0,0,1,1,1,0,3,0.6083333333333334
噪声温度,0,0,0,1,2,2,0,5,1.0916666666666668
接收机,0,0,0,16,1,6,0,23,3.6916666666666664
中心频率,0,0,0,1,1,1,0,3,0.6083333333333334
链路长度,0,0,0,1,1,2,0,4,0.85
路径损耗,0,0,0,0,1,1,0,2,0.48333333333333334
自由空间,0,0,0,0,1,1,0,2,0.48333333333333334
增益,0,0,0,2,5,4,0,11,2.425
发射天线,0,0,1,3,1,8,1,14,2.9166666666666665
dbw,0,0,0,0,1,2,0,3,0.725
载波发射增益,0,0,0,0,1,0,0,1,0.24166666666666667
载波发射功率,0,0,0,0,1,1,0,2,0.48333333333333334
波束序号,0,0,0,1,1,0,0,2,0.3666666666666667
序号,0,0,0,0,1,0,0,1,0.24166666666666667
干扰判决门限,0,0,1,1,1,0,0,3,0.4916666666666667
集总干扰,0,0,2,7,1,4,4,18,3.3
发射波束,0,0,0,0,1,0,0,1,0.24166666666666667
干扰gso系统,0,0,0,0,1,0,0,1,0.24166666666666667
ngso系统,0,0,18,13,3,6,5,45,7.258333333333333
ngso通信星座系统,0,0,0,0,4,1,0,5,1.2083333333333333
干扰场景,0,0,2,0,1,0,1,4,0.7333333333333334
集总同频干扰,0,0,0,0,1,0,0,1,0.24166666666666667
星座系统,0,0,1,0,1,0,0,2,0.3666666666666667
ngso通信,0,0,0,0,1,0,0,1,0.24166666666666667
多波束,0,0,1,1,1,0,1,4,0.7333333333333334
下行干扰场景,0,0,0,1,1,0,0,2,0.3666666666666667
ngso,0,0,2,8,0,20,1,31,6.325
纬度,0,0,0,8,20,10,2,40,8.733333333333334
ngso地球站,0,0,3,16,0,25,4,48,9.383333333333333
地球站天线,0,0,0,1,0,4,0,5,1.0916666666666668
gso卫星接收机,0,0,0,0,0,7,0,7,1.6916666666666667
干扰减缓,1,1,7,1,5,9,7,31,9.075
中断概率,0,0,0,0,5,3,0,8,1.9333333333333333
中断时长,0,0,0,0,1,3,0,4,0.9666666666666667
中断频次,0,0,0,0,6,3,0,9,2.175
gso链路,0,0,0,0,1,4,0,5,1.2083333333333333
stk仿真场,0,0,0,0,0,2,0,2,0.48333333333333334
gso弧,0,0,0,0,0,2,0,2,0.48333333333333334
轨道,0,0,1,8,2,2,0,13,2.091666666666667
oneweb0214,0,0,0,0,0,2,0,2,0.48333333333333334
gso,0,0,3,6,6,7,1,23,4.508333333333333
轨道面,0,0,0,0,2,2,0,4,0.9666666666666667
地球自转,0,0,0,0,0,2,0,2,0.48333333333333334
i/n,0,0,0,0,1,7,0,8,1.9333333333333333
gso通信链路,0,0,0,0,0,3,0,3,0.725
概率,0,0,0,7,1,2,2,12,2.083333333333333
正常通信,0,0,0,1,0,1,0,2,0.3666666666666667
电磁环境,0,0,0,0,0,1,0,1,0.24166666666666667
通信中断,0,0,0,0,0,1,0,1,0.24166666666666667
gs0地球站,0,0,0,0,0,1,0,1,0.24166666666666667
ngso链路,0,0,0,0,0,1,0,1,0.24166666666666667
单调递减,0,0,0,0,0,1,0,1,0.24166666666666667
上行干扰减缓,1,0,3,0,0,2,0,6,1.8583333333333334
i/n数据,0,0,0,0,0,1,0,1,0.24166666666666667
stk仿真,0,0,0,0,0,1,0,1,0.24166666666666667
功率,0,0,0,1,0,3,0,4,0.85
干扰信号,0,0,0,1,1,2,0,4,0.85
自转周期,0,0,0,0,0,1,0,1,0.24166666666666667
地球,0,0,0,0,0,3,0,3,0.725
web,0,0,0,0,0,1,0,1,0.24166666666666667
仰角,0,0,0,6,1,8,0,15,2.925
频次,0,0,0,0,1,1,0,2,0.48333333333333334
ng,0,0,0,0,0,1,0,1,0.24166666666666667
10gso卫星,0,0,0,0,0,1,0,1,0.24166666666666667
时间,0,0,0,5,2,2,0,9,1.5916666666666668
stk,0,0,0,0,1,1,0,2,0.48333333333333334
6stk,0,0,0,0,0,1,0,1,0.24166666666666667
干扰链路,0,0,1,5,0,3,0,9,1.475
红色链路,0,0,0,0,0,1,0,1,0.24166666666666667
ngso干扰链路,0,0,0,0,0,1,0,1,0.24166666666666667
链路,0,0,0,4,0,1,0,5,0.7416666666666667
绿色链路,0,0,0,0,0,1,0,1,0.24166666666666667
自适应分隔角策略,1,0,0,0,0,2,0,3,1.4833333333333334
约束,0,0,0,0,0,1,0,1,0.24166666666666667
幅值,0,0,0,0,2,1,2,5,1.2083333333333333
干扰时长,0,0,0,0,0,1,2,3,0.725
仿真总时长,0,0,0,4,1,1,0,6,0.9833333333333334
仿真间隔,0,0,0,2,0,1,0,3,0.4916666666666667
接收参数,0,0,0,1,2,2,0,5,1.0916666666666668
间隔,0,0,0,1,2,0,0,3,0.6083333333333334
接收,0,0,0,6,2,1,0,9,1.475
海拔高度,0,0,0,0,1,0,0,1,0.24166666666666667
天线直径,0,0,0,1,2,2,0,5,1.0916666666666668
接收频率,0,0,0,0,1,1,0,2,0.48333333333333334
3gso,0,0,0,0,1,1,0,2,0.48333333333333334
准同步轨道卫星,0,0,0,0,1,0,0,1,0.24166666666666667
高纬度,0,0,0,0,1,0,0,1,0.24166666666666667
干扰水平,0,0,0,7,1,0,0,8,1.1166666666666667
赤道,0,0,1,2,2,0,1,6,1.1
仿真参数,0,0,0,0,1,2,0,3,0.725
共线干扰,0,0,2,8,4,0,2,16,2.7
旁瓣干扰,0,0,0,7,0,0,1,8,1.1166666666666667
干扰源,0,0,0,17,0,0,0,17,2.125
频率,0,0,4,10,2,0,1,17,2.475
单链路干扰,0,0,2,4,0,1,0,7,0.9916666666666667
同频干扰,2,0,7,7,0,1,1,18,4.233333333333333
极化状态,0,0,0,2,0,0,0,2,0.25
干扰减缓措,0,0,0,3,0,0,0,3,0.375
发射,0,0,0,2,1,1,0,4,0.7333333333333334
gso卫星链路,0,0,1,4,0,0,0,5,0.625
无用信号,0,0,0,2,0,0,0,2,0.25
带宽,0,0,1,2,0,0,0,3,0.375
信道间隔,0,0,0,2,0,0,0,2,0.25
占用带宽,0,0,0,2,0,0,0,2,0.25
减缓,0,0,4,1,0,0,4,9,1.5916666666666668
同频集总干扰,0,0,0,1,0,0,0,1,0.125
ngso卫星系统,1,0,0,2,0,1,0,4,1.4916666666666667
去极化效应,0,0,0,1,0,0,0,1,0.125
正交极化,0,0,0,1,0,0,0,1,0.125
卫星天线,0,0,0,1,1,0,0,2,0.3666666666666667
能量,0,0,0,1,0,0,0,1,0.125
卫星通信系统,0,0,0,1,0,0,0,1,0.125
正交圆极化,0,0,0,1,0,0,0,1,0.125
正交线极化,0,0,0,1,0,0,0,1,0.125
去极化干扰,0,0,0,1,0,0,0,1,0.125
旁瓣抑制措,0,0,0,1,0,0,0,1,0.125
干扰计算,0,0,1,1,1,0,0,3,0.4916666666666667
干扰阈值,0,0,0,1,0,0,0,1,0.125
集总效应,0,0,1,1,0,1,0,3,0.4916666666666667
干扰限值,0,0,0,1,0,0,0,1,0.125
受扰接收机,0,0,0,2,0,0,0,2,0.25
旁瓣,0,0,0,1,0,0,0,1,0.125
空间,0,0,0,4,0,0,0,4,0.5
主波束,0,0,0,1,0,0,0,1,0.125
下行共线干扰,0,0,0,1,0,0,0,1,0.125
主波,0,0,0,1,0,0,0,1,0.125
上行共线干扰,0,0,0,1,0,0,0,1,0.125
ngso卫星链路,0,0,0,1,0,0,0,1,0.125
波束宽度,0,0,0,1,1,0,0,2,0.3666666666666667
卫星宽带业务,0,0,0,1,0,0,0,1,0.125
干扰功率密度,0,0,0,1,0,0,0,1,0.125
有用功率密度,0,0,0,1,0,0,0,1,0.125
重叠带宽,0,0,0,1,0,0,0,1,0.125
总干扰功率,0,0,0,1,0,0,0,1,0.125
频域,0,0,0,1,0,0,0,1,0.125
有用信号,0,0,0,3,0,0,0,3,0.375
信号,0,0,0,1,1,0,0,2,0.3666666666666667
频域模型,0,0,0,1,0,0,0,1,0.125
矩形块,0,0,0,1,0,0,0,1,0.125
功率密度,0,0,0,1,0,0,0,1,0.125
分配带宽,0,0,0,1,0,0,0,1,0.125
通信频率,0,0,0,2,0,1,0,3,0.4916666666666667
卫星系统,2,0,6,7,0,1,4,20,4.833333333333333
互联网星座,2,0,6,0,0,0,2,10,3.2333333333333334
低轨卫星,4,0,6,2,0,0,2,14,5.483333333333333
上行干扰风险,0,0,0,0,0,0,1,1,0.24166666666666667
地理,0,0,0,0,0,0,1,1,0.24166666666666667
gso弧分隔角,0,0,0,0,0,0,1,1,0.24166666666666667
上行减缓,0,0,0,0,0,0,1,1,0.24166666666666667
大规模卫星系统,0,0,0,0,0,0,1,1,0.24166666666666667
卫星波束控制技术,0,0,0,0,0,0,1,1,0.24166666666666667
禁区模型,1,0,2,0,2,0,1,6,1.975
数学模型,0,0,1,0,0,0,4,5,1.0916666666666668
禁区,1,1,5,0,32,0,8,47,13.291666666666666
下行干扰减缓,2,0,2,0,1,0,1,6,2.7333333333333334
星座干扰分析,0,0,0,0,0,0,1,1,0.24166666666666667
干扰评估,0,0,0,0,0,0,2,2,0.48333333333333334
场景建模,0,0,0,1,0,0,1,2,0.3666666666666667
对地静止卫星系统,0,0,0,0,0,0,1,1,0.24166666666666667
频率兼容,2,0,8,1,0,0,1,12,3.3666666666666667
轨道资,0,0,0,0,0,0,1,1,0.24166666666666667
干扰减缓技术,0,0,3,1,2,0,3,9,1.7083333333333333
间干扰,0,0,0,0,0,0,1,1,0.24166666666666667
基础理论,0,0,0,0,0,0,1,1,0.24166666666666667
干扰分析,0,0,6,15,1,0,1,23,3.1083333333333334
静止卫星网络,0,0,0,0,0,0,1,1,0.24166666666666667
星座,0,0,7,9,1,0,1,18,2.4833333333333334
卫星互联网,0,0,1,0,0,0,1,2,0.3666666666666667
论文,0,0,0,0,0,0,1,1,0.24166666666666667
自适应波束控制,3,0,4,0,6,0,3,16,5.675
联合禁区,2,0,2,0,2,0,2,8,3.216666666666667
oneweb卫星系统,0,0,0,0,1,0,0,1,0.24166666666666667
sinosat-5,0,0,0,0,1,1,2,4,0.9666666666666667
仿真设置,0,0,0,0,1,0,0,1,0.24166666666666667
下行干扰,0,0,3,1,1,0,2,7,1.225
下行干扰减缓技术,0,0,1,0,0,0,0,1,0.125
软件仿真,1,0,2,0,0,0,1,4,1.4916666666666667
卫星资源,0,0,1,0,0,0,0,1,0.125
空间几何,0,0,2,0,0,0,0,2,0.25
itu,0,0,2,2,5,3,2,14,2.9166666666666665
波束控制,0,1,1,0,5,0,1,8,3.575
效率,0,0,1,2,0,0,0,3,0.375
流量高峰时段,0,0,1,0,0,0,0,1,0.125
ngso卫星运营商,0,0,1,0,0,0,0,1,0.125
频谱效率,0,0,1,0,0,0,0,1,0.125
地面站台,0,0,1,0,0,0,0,1,0.125
系统间干扰分析,0,0,1,0,0,0,0,1,0.125
干扰统计,0,0,2,1,1,0,0,4,0.6166666666666667
干扰评价指标,1,0,2,2,0,0,0,5,1.5
指标,0,0,1,0,0,0,0,1,0.125
仿真模型,0,0,1,0,0,0,0,1,0.125
长时干扰计算统,0,0,1,0,0,0,0,1,0.125
离散时刻,0,0,1,1,0,0,0,2,0.25
小型星座,0,0,1,0,0,0,0,1,0.125
单入干扰,0,0,1,0,0,0,0,1,0.125
干扰类型,0,0,1,0,0,0,0,1,0.125
卫星互联网星座,1,0,2,0,0,0,0,3,1.25
间干扰分析,0,0,1,0,0,0,0,1,0.125
同频干扰分析,0,0,0,1,0,0,0,1,0.125
电磁干扰,0,0,0,1,0,0,0,1,0.125
电磁环,0,0,0,1,0,0,0,1,0.125
频率资源,0,0,3,0,0,0,0,3,0.375
卫星操作,0,0,3,0,0,0,0,3,0.375
系统,1,0,2,2,0,0,2,7,1.9833333333333334
频谱,0,0,2,0,0,0,0,2,0.25
ngso星座,0,0,5,11,0,0,0,16,2.0
无线电,0,0,2,1,0,0,0,3,0.375
频段,1,0,3,9,1,0,0,14,2.7416666666666667
geostationaryorbit,1,0,2,0,0,0,0,3,1.25
网络强国,0,0,1,0,0,0,0,1,0.125
科技强国,0,0,1,0,0,0,0,1,0.125
无频,0,0,1,0,0,0,0,1,0.125
系统间频率兼容,0,0,1,0,0,0,0,1,0.125
干扰减缓策略,0,0,1,0,0,0,0,1,0.125
gso卫星系统,2,0,1,1,4,1,0,9,3.458333333333333
卫星频率兼容技术,0,0,1,0,0,0,0,1,0.125
卫星网络资料,0,0,1,0,0,0,0,1,0.125
兼容技术,0,0,1,0,0,0,0,1,0.125
兼容,0,0,1,0,0,0,0,1,0.125
卫星频率,0,0,4,0,0,0,0,4,0.5
无频可用,0,0,1,0,0,0,0,1,0.125
频率兼容技术,0,0,1,0,0,0,0,1,0.125
星座卫星,0,0,1,0,0,0,0,1,0.125
网络资料,0,0,1,0,0,0,0,1,0.125
卫星网络,0,0,1,0,0,0,0,1,0.125
卫星操作者,0,0,1,0,0,1,0,2,0.3666666666666667
时效性,0,0,1,0,0,0,0,1,0.125
radiocommunication,0,0,1,0,0,0,0,1,0.125
无线电通信,0,0,1,0,0,0,0,1,0.125
夺战,0,0,1,0,0,0,0,1,0.125
等效功率通量密度,0,0,1,0,0,0,0,1,0.125
lcommunic,0,0,1,0,0,0,0,1,0.125
fed,0,0,1,0,0,0,0,1,0.125
联邦通信委员,0,0,1,0,0,0,0,1,0.125
gso卫星广播业务,0,0,1,0,0,0,0,1,0.125
固定业务,0,0,1,0,0,0,0,1,0.125
telecommunication,0,0,1,0,0,0,0,1,0.125
电联,0,0,1,0,0,0,0,1,0.125
国际,0,0,1,0,0,0,0,1,0.125
ku/ka频段,0,0,1,0,0,0,0,1,0.125
卫星广播业务,0,0,1,0,0,0,0,1,0.125
卫星固定业务,0,0,1,0,0,0,0,1,0.125
空间研究业务,0,0,1,0,0,0,0,1,0.125
卫星地球探测业务,0,0,1,0,0,0,0,1,0.125
iigso系统,0,0,1,0,0,0,0,1,0.125
通信,0,0,1,3,1,0,0,5,0.7416666666666667
在轨gso卫星,0,0,1,0,0,0,0,1,0.125
球宽带服务,0,0,1,0,0,0,0,1,0.125
v频段,0,0,1,1,0,0,0,2,0.25
ku,1,0,1,3,0,0,0,5,1.5
无线电频谱,0,0,1,0,0,0,0,1,0.125
ngso卫星星座,0,0,1,1,0,0,0,2,0.25
航天业,0,0,1,0,0,0,0,1,0.125
大规模,0,0,1,0,0,0,0,1,0.125
oneweb,1,0,1,1,1,0,2,6,1.975
宽带服务,1,0,1,0,0,0,0,2,1.125
ngso星座系统,0,0,1,0,0,0,0,1,0.125
航天公司,0,0,1,0,0,0,0,1,0.125
kepler,1,0,1,2,0,0,0,4,1.375
telesat,1,0,1,2,0,0,0,4,1.375
spacex,1,0,1,2,0,0,0,4,1.375
性能,1,0,1,1,0,0,0,3,1.25
传输损耗,0,0,1,0,0,0,0,1,0.125
延时,0,0,1,0,0,0,0,1,0.125
静止轨道,1,0,1,0,1,0,0,3,1.3666666666666667
卫星星座,0,0,1,0,0,0,0,1,0.125
互联网宽带接入,0,0,1,0,0,0,0,1,0.125
非静止轨道,0,0,1,0,0,0,0,1,0.125
误差,0,0,0,0,7,0,0,7,1.6916666666666667
等效禁区,0,0,0,0,7,0,0,7,1.6916666666666667
最大宽度,0,0,0,0,2,0,0,2,0.48333333333333334
宽度,0,0,0,0,2,0,0,2,0.48333333333333334
自变量,0,0,0,0,2,0,0,2,0.48333333333333334
经度,0,0,0,3,2,2,0,7,1.3416666666666668
直线,0,0,0,0,2,0,0,2,0.48333333333333334
边界补偿,0,0,0,0,2,0,2,4,0.9666666666666667
中心重叠判定准则,0,0,0,0,2,0,0,2,0.48333333333333334
边缘重叠判定准则,0,0,0,0,1,0,1,2,0.48333333333333334
规避角,0,0,0,0,1,0,0,1,0.24166666666666667
干扰环境,0,0,1,0,1,0,0,2,0.3666666666666667
starlink,0,0,0,1,1,0,0,2,0.3666666666666667
链路仰角,0,0,0,0,1,0,0,1,0.24166666666666667
覆盖,0,0,0,3,1,0,0,4,0.6166666666666667
数学,0,0,0,0,1,1,0,2,0.48333333333333334
因变量,0,0,0,0,1,0,0,1,0.24166666666666667
变量,0,0,0,0,1,0,0,1,0.24166666666666667
常量,0,0,0,0,1,0,0,1,0.24166666666666667
禁区宽度,0,0,0,0,1,0,0,1,0.24166666666666667
si,0,0,0,0,1,0,0,1,0.24166666666666667
上吐码,0,0,0,0,1,0,0,1,0.24166666666666667
表达式,0,0,0,0,1,0,0,1,0.24166666666666667
数值,0,0,0,0,1,0,0,1,0.24166666666666667
接收天线,0,0,0,1,2,0,0,3,0.6083333333333334
发射增益,0,0,0,0,4,2,0,6,1.45
gsoes,0,0,0,0,1,0,0,1,0.24166666666666667
可由式,0,0,0,0,1,0,0,1,0.24166666666666667
边界纬度,0,0,0,0,1,0,0,1,0.24166666666666667
og,0,0,0,0,1,0,0,1,0.24166666666666667
距离,0,0,0,1,1,1,0,3,0.6083333333333334
地心,0,0,0,2,1,0,0,3,0.4916666666666667
aawg,0,0,0,0,1,0,0,1,0.24166666666666667
空间几何模型,0,0,0,0,2,0,2,4,0.9666666666666667
求解,0,0,0,0,1,0,0,1,0.24166666666666667
建模,0,0,0,0,1,0,0,1,0.24166666666666667
边界,0,0,0,0,1,0,0,1,0.24166666666666667
中心,0,0,0,0,2,0,0,2,0.48333333333333334
近似,0,0,0,0,1,0,0,1,0.24166666666666667
三维空间模型,0,0,0,0,1,0,0,1,0.24166666666666667
曲度,0,0,0,0,1,0,0,1,0.24166666666666667
经纬度,0,0,0,0,1,1,0,2,0.48333333333333334
不规则边缘,0,0,0,0,1,0,0,1,0.24166666666666667
数学建模,1,0,0,0,2,0,1,4,1.725
曲线,0,0,0,0,4,0,0,4,0.9666666666666667
边缘,0,0,0,0,1,0,0,1,0.24166666666666667
中间,0,0,0,0,1,0,0,1,0.24166666666666667
禁区数学建模,0,0,0,0,1,0,1,2,0.48333333333333334
边缘重叠,0,0,0,0,5,0,2,7,1.6916666666666667
中心重叠,0,0,0,0,3,0,0,3,0.725
oneweb卫星,0,0,0,0,3,0,0,3,0.725
波束边缘,0,0,0,0,2,0,0,2,0.48333333333333334
stk软件,0,0,0,0,1,0,0,1,0.24166666666666667
开关,0,0,0,0,1,0,0,1,0.24166666666666667
卫星波束,1,0,0,2,1,0,0,4,1.4916666666666667
波束控制技术,0,0,0,0,1,0,0,1,0.24166666666666667
开关状态,0,0,0,0,1,0,0,1,0.24166666666666667
固定波束,0,0,0,4,1,0,0,5,0.7416666666666667
可调,0,0,0,0,1,0,0,1,0.24166666666666667
波束覆盖区,0,0,0,0,1,0,0,1,0.24166666666666667
慢滚降天线,0,0,0,0,1,0,0,1,0.24166666666666667
快滚降天线,0,0,0,0,1,0,0,1,0.24166666666666667
叠判定准则,0,0,0,0,1,0,0,1,0.24166666666666667
边缘重,0,0,0,0,1,0,0,1,0.24166666666666667
波束覆盖中心,0,0,0,0,1,0,0,1,0.24166666666666667
视轴,0,0,0,0,1,0,0,1,0.24166666666666667
波束中心,0,0,0,0,1,0,0,1,0.24166666666666667
ngso卫星波束中心,0,0,0,0,1,0,0,1,0.24166666666666667
禁区边缘,0,0,0,0,1,0,0,1,0.24166666666666667
若波束覆盖中心,0,0,0,0,1,0,0,1,0.24166666666666667
波束视轴,0,0,0,0,1,0,0,1,0.24166666666666667
波束覆盖,0,0,0,0,1,0,0,1,0.24166666666666667
参量,0,0,0,0,1,0,0,1,0.24166666666666667
beam-width,0,0,0,0,1,0,0,1,0.24166666666666667
星下点,0,0,0,1,3,0,0,4,0.85
ev,0,0,0,0,1,0,0,1,0.24166666666666667
波束仰角,0,0,0,0,1,0,0,1,0.24166666666666667
cy,0,0,0,0,1,0,0,1,0.24166666666666667
计算过程,0,0,0,0,1,0,0,1,0.24166666666666667
空间系统,0,0,0,3,0,0,0,3,0.375
ghz,0,0,0,3,0,0,0,3,0.375
epfd水平,0,0,0,2,0,0,0,2,0.25
pfd,0,0,0,2,0,0,0,2,0.25
ngso星座频率,0,0,0,2,0,0,0,2,0.25
频段分配,0,0,0,2,0,0,0,2,0.25
有害干扰,0,0,0,2,0,0,0,2,0.25
epfdo,0,0,0,1,0,0,0,1,0.125
空间业务,0,0,0,1,0,0,0,1,0.125
受有害干扰,0,0,0,1,0,0,0,1,0.125
保护地面业务,0,0,0,1,0,0,0,1,0.125
pfd水平,0,0,0,1,0,0,0,1,0.125
功率通量密度,0,0,0,1,0,0,0,1,0.125
地面,0,0,0,2,0,0,0,2,0.25
mifr,0,0,0,1,0,0,0,1,0.125
频率指配,0,0,0,1,0,0,0,1,0.125
协调请求,0,0,0,1,0,0,0,1,0.125
协调要求,0,0,0,1,0,0,0,1,0.125
无线电规则,0,0,0,1,0,0,0,1,0.125
fss,0,0,0,1,0,0,0,1,0.125
kuiper,0,0,0,1,0,0,0,1,0.125
ka,1,0,0,1,0,0,0,2,1.125
via,0,0,0,1,0,0,0,1,0.125
spacenorway,0,0,0,1,0,0,0,1,0.125
spacexstarlink,0,0,0,1,0,0,0,1,0.125
星座名称,0,0,0,1,0,0,0,1,0.125
o3b,0,0,0,1,0,0,0,1,0.125
空间无线电通信,0,0,0,1,0,0,0,1,0.125
业务,0,0,0,1,0,0,0,1,0.125
k2-l卫星,0,0,0,1,0,0,0,1,0.125
数字,0,0,0,1,0,0,0,1,0.125
干扰评估结果,0,0,0,1,0,0,0,1,0.125
自适应分隔角,2,1,2,0,0,3,1,9,5.216666666666667
仿真,0,0,1,5,1,1,1,9,1.475
站点,0,0,0,1,0,1,0,2,0.3666666666666667
分隔角,0,0,1,0,0,12,1,14,3.2666666666666666
上行场,0,0,0,0,0,1,0,1,0.24166666666666667
包围式布站,0,0,0,0,0,1,0,1,0.24166666666666667
上行干扰,0,0,2,2,0,3,1,8,1.4666666666666668
星座参数,0,0,2,0,0,0,0,2,0.25
干扰减缓验证,0,0,1,0,0,0,0,1,0.125
典型星座,0,0,1,0,0,0,0,1,0.125
仿真结,0,0,1,2,1,0,0,4,0.6166666666666667
饕凝设,0,0,1,0,0,0,0,1,0.125
动态分隔角,0,0,1,0,0,0,0,1,0.125
因素,0,0,1,0,0,0,0,1,0.125
干扰引,0,0,1,0,0,0,0,1,0.125
我束扣,0,0,1,0,0,0,0,1,0.125
发因素,0,0,1,0,0,0,0,1,0.125
评份指标,0,0,1,0,0,0,0,1,0.125
场景,0,0,1,2,0,0,0,3,0.375
otwft,0,0,1,0,0,0,0,1,0.125
间壬魏,0,0,1,0,0,0,0,1,0.125
上行干挽减缓,0,0,1,0,0,0,0,1,0.125
下疔干扰减缓,0,0,1,0,0,0,0,1,0.125
同频干拨,0,0,1,0,0,0,0,1,0.125
静止狂系,0,0,1,0,0,0,0,1,0.125
抵轨王星,0,0,1,0,0,0,0,1,0.125
恶化系统,0,0,1,0,0,0,0,1,0.125
解析表达式,0,0,1,0,0,0,0,1,0.125
禁区边界,0,0,1,0,0,0,1,2,0.3666666666666667
天线模型,0,0,1,0,0,0,0,1,0.125
传播模型,0,0,1,0,0,0,0,1,0.125
itu-r,0,0,1,1,1,0,0,3,0.4916666666666667
wrc-19,0,0,1,0,0,0,0,1,0.125
延迟,0,0,0,3,0,0,0,3,0.375
轨道高度,0,0,0,6,1,1,0,8,1.2333333333333334
下行速度,0,0,0,1,0,0,0,1,0.125
starlink网络,0,0,0,1,0,0,0,1,0.125
e频段卫星,0,0,0,1,0,0,0,1,0.125
二期星座,0,0,0,1,0,0,0,1,0.125
v频段卫星,0,0,0,1,0,0,0,1,0.125
ka频段卫星,0,0,0,1,0,0,0,1,0.125
通信延时,1,0,0,1,0,0,0,2,1.125
容量,0,0,0,1,0,0,0,1,0.125
频率复用,0,0,0,1,0,0,0,1,0.125
可靠性,0,0,0,1,0,0,0,1,0.125
感知网络,0,0,0,1,0,0,0,1,0.125
高轨卫星,0,0,0,1,0,0,0,1,0.125
轨道高,0,0,0,1,0,0,0,1,0.125
中轨卫星,0,0,0,1,0,0,0,1,0.125
近地轨道卫星,0,0,0,1,0,0,0,1,0.125
高轨,0,0,0,1,0,0,0,1,0.125
中轨,0,0,0,1,0,0,0,1,0.125
低轨,0,0,0,2,0,0,0,2,0.25
非同步轨道,0,0,0,1,0,0,0,1,0.125
oneweb系统,0,0,0,0,4,2,0,6,1.45
发射参数,0,0,0,0,4,3,0,7,1.6916666666666667
发射频率,0,0,0,0,2,2,0,4,0.9666666666666667
倾角,0,0,0,0,1,0,0,1,0.24166666666666667
干扰程度,0,0,0,0,2,0,0,2,0.48333333333333334
仿真效率,0,0,0,0,1,0,0,1,0.24166666666666667
波束数量,0,0,0,1,1,1,0,3,0.6083333333333334
ific,0,0,0,0,1,1,0,2,0.48333333333333334
raan增量,0,0,0,1,1,1,0,3,0.6083333333333334
轨道倾角,0,0,0,2,1,1,0,4,0.7333333333333334
每轨卫星数,0,0,0,1,1,1,0,3,0.6083333333333334
轨道数量,0,0,0,1,1,1,0,3,0.6083333333333334
web星座轨道参,0,0,0,0,1,0,0,1,0.24166666666666667
one,0,0,0,0,1,1,0,2,0.48333333333333334
矩形,0,0,0,0,1,0,0,1,0.24166666666666667
西张角,0,0,0,0,1,0,0,1,0.24166666666666667
南北张角,0,0,0,0,1,0,0,1,0.24166666666666667
高椭圆波束,0,0,0,0,1,0,0,1,0.24166666666666667
ku频段,0,0,0,0,1,0,0,1,0.24166666666666667
多波束卫星,0,0,0,0,1,0,0,1,0.24166666666666667
星座构型,0,0,0,0,1,1,0,2,0.48333333333333334
ngso卫星仿真參数,0,0,0,0,1,0,0,1,0.24166666666666667
通信带宽,0,0,0,0,1,3,0,4,0.9666666666666667
卫星经度,0,0,0,0,1,1,0,2,0.48333333333333334
inosag5,0,0,0,0,0,1,0,1,0.24166666666666667
卫星参数,0,0,0,0,0,1,0,1,0.24166666666666667
ituific,0,0,0,0,0,1,0,1,0.24166666666666667
2gso卫星仿真参数,0,0,0,0,0,1,0,1,0.24166666666666667
圆轨道,0,0,0,6,0,0,0,6,0.75
时间变量,0,0,0,4,0,0,0,4,0.5
通信仰角,0,0,0,6,0,0,0,6,0.75
倾斜轨道,0,0,0,4,0,0,0,4,0.5
动态分析,0,0,0,3,0,0,0,3,0.375
gso弧隔离角,0,0,0,3,0,0,0,3,0.375
可调向波束,0,0,0,5,0,0,0,5,0.625
极轨道,0,0,0,3,0,0,0,3,0.375
raan,0,0,0,3,0,0,0,3,0.375
卫星轨道,0,0,0,3,0,0,0,3,0.375
发射信号,0,0,0,3,0,0,0,3,0.375
解析,0,0,0,2,0,0,0,2,0.25
地理位置,0,0,0,3,0,0,0,3,0.375
输入变量,0,0,0,2,0,0,0,2,0.25
ngso用户站,0,0,0,2,0,0,0,2,0.25
信关站,0,0,0,2,0,0,0,2,0.25
用户站,0,0,0,2,0,0,2,4,0.7333333333333334
高仰角,0,0,0,2,0,0,0,2,0.25
低仰角,0,0,0,2,0,0,0,2,0.25
建链时间,0,0,0,2,0,0,0,2,0.25
夹角,0,0,0,2,0,3,0,5,0.975
跟踪策略,0,0,0,3,0,0,0,3,0.375
波束配置,0,0,0,2,0,0,0,2,0.25
通信链路,1,0,0,5,1,0,0,7,1.8666666666666667
时长,0,0,0,2,1,0,0,3,0.4916666666666667
干扰概率,1,0,0,4,0,0,0,5,1.5
ngso卫星轨道,0,0,0,2,0,0,0,2,0.25
升交点,0,0,0,2,0,0,0,2,0.25
近地点,0,0,0,2,0,0,0,2,0.25
轨道平面,0,0,0,2,0,0,0,2,0.25
轨道参数,0,0,0,2,0,0,0,2,0.25
ngso星座部署,0,0,0,2,0,0,0,2,0.25
区域分析,0,0,0,1,0,0,0,1,0.125
卫星位置,0,0,0,1,0,0,0,1,0.125
容量损失,0,0,0,1,0,0,0,1,0.125
概率分析,0,0,0,1,0,0,0,1,0.125
扰指标,0,0,0,1,0,0,0,1,0.125
最小耦合损耗,0,0,0,1,0,0,0,1,0.125
地理隔离,0,0,0,1,0,0,0,1,0.125
频率隔离,0,0,0,1,0,0,0,1,0.125
区域,0,0,0,1,0,0,0,1,0.125
静态分析,0,0,0,1,0,0,0,1,0.125
蒙特卡罗法,0,0,0,1,0,0,0,1,0.125
动态分析法,0,0,0,1,0,0,0,1,0.125
受扰概率,0,0,0,1,0,0,0,1,0.125
移动链路,0,0,0,1,0,0,0,1,0.125
区域蒙特卡罗法,0,0,0,1,0,0,0,1,0.125
双时间步长法,0,0,0,1,0,0,0,1,0.125
升降仰角,0,0,0,1,0,0,0,1,0.125
最小通信仰角,0,0,0,1,0,0,0,1,0.125
分布密度,0,0,0,1,0,2,0,3,0.6083333333333334
分布,0,0,0,1,0,0,0,1,0.125
分布密集,0,0,0,1,0,0,0,1,0.125
直径,0,0,0,1,0,0,0,1,0.125
ngso信关站,0,0,0,1,0,0,0,1,0.125
协调,0,0,0,1,0,0,0,1,0.125
低仰角通信,0,0,0,1,0,0,0,1,0.125
通信质量,0,0,0,4,0,0,0,4,0.5
服务,0,0,0,1,0,0,0,1,0.125
最大仰角策略,0,0,0,1,0,0,0,1,0.125
最短距离策略,0,0,0,1,0,0,0,1,0.125
轨道卫星,0,0,0,1,0,0,0,1,0.125
低轨道卫星,0,0,0,1,0,0,0,1,0.125
高度轨道,0,0,0,1,0,0,0,1,0.125
ngso星,0,0,0,1,0,0,0,1,0.125
链路延迟,0,0,0,1,0,0,0,1,0.125
最短距离策,0,0,0,1,0,0,0,1,0.125
最短距离,0,0,0,1,0,0,0,1,0.125
指向变化幅度,0,0,0,1,0,0,0,1,0.125
信噪比,0,0,0,1,0,0,0,1,0.125
天线跟踪策,0,0,0,1,0,0,0,1,0.125
最段距离策略,0,0,0,1,0,0,0,1,0.125
仰角策略,0,0,0,1,0,0,0,1,0.125
跟踪策,0,0,0,1,0,0,0,1,0.125
干扰规避,0,0,1,1,0,0,0,2,0.25
天线跟踪,0,0,0,1,0,0,0,1,0.125
地球站天线跟踪策略,0,0,0,1,0,0,0,1,0.125
干扰减缓措施,0,0,0,1,0,0,0,1,0.125
nsgo星座,0,0,0,1,0,0,0,1,0.125
ngso用户地球站,0,0,0,1,0,0,0,1,0.125
ongso地球站,0,0,0,1,0,0,0,1,0.125
信号接收,0,0,0,1,0,0,0,1,0.125
运动,0,0,0,1,0,0,0,1,0.125
静止,0,0,0,1,0,0,0,1,0.125
非动中通,0,0,0,1,0,0,0,1,0.125
上行场景,0,0,0,2,0,0,0,2,0.25
波束开关,0,0,0,1,0,0,0,1,0.125
离轴角,0,0,0,1,2,0,0,3,0.6083333333333334
地球站纬度,0,0,0,1,0,0,0,1,0.125
空隙,0,0,0,1,0,0,0,1,0.125
零陷技,0,0,0,1,0,0,0,1,0.125
波束形状,0,0,0,1,0,0,0,1,0.125
高业务需求区,0,0,0,1,0,0,0,1,0.125
低业务需求区域,0,0,0,1,0,0,0,1,0.125
可调性,0,0,0,1,0,0,0,1,0.125
视野,0,0,0,1,0,0,0,1,0.125
调度,0,0,0,1,0,0,0,1,0.125
卫星固定波束,0,0,0,1,0,0,0,1,0.125
可成形可调向波束,0,0,0,1,0,0,0,1,0.125
调向特性,0,0,0,1,0,0,0,1,0.125
星座轨道,0,0,0,1,0,0,0,1,0.125
时刻,0,0,0,1,0,0,0,1,0.125
仿真起点,0,0,0,3,0,0,0,3,0.375
星座周期,0,0,0,2,0,0,0,2,0.25
等间隔,0,0,0,1,0,0,0,1,0.125
系统容量,0,0,0,1,0,0,0,1,0.125
人口,0,0,0,1,0,0,0,1,0.125
极地覆盖,0,0,0,1,0,0,0,1,0.125
中纬度,0,0,0,1,0,0,0,1,0.125
等间隔分布,0,0,0,1,0,0,0,1,0.125
干扰数据,0,0,0,1,0,0,0,1,0.125
位置,0,0,0,1,0,0,0,1,0.125
轨道总数,0,0,0,1,0,0,0,1,0.125
功率衰减水平,0,0,0,1,0,0,0,1,0.125
接收端,1,0,0,1,0,0,0,2,1.125
地球半径,0,0,0,1,0,0,0,1,0.125
轨道半径,0,0,0,1,0,0,0,1,0.125
赤道平面,0,0,0,2,0,0,0,2,0.25
时轨道,0,0,0,1,0,0,0,1,0.125
赤经,0,0,0,1,0,0,0,1,0.125
交点,0,0,0,1,0,0,0,1,0.125
右旋,0,0,0,1,0,0,0,1,0.125
角度,0,0,0,1,1,0,0,2,0.3666666666666667
真近点角,0,0,0,1,0,0,0,1,0.125
赤道面,0,0,0,1,0,0,0,1,0.125
摄动,0,0,0,1,0,0,0,1,0.125
发射误差,0,0,0,1,0,0,0,1,0.125
中轨ngso卫星,0,0,0,1,0,0,0,1,0.125
椭圆轨道,0,0,0,1,0,0,0,1,0.125
衰减,0,0,0,1,0,1,0,2,0.3666666666666667
极轨卫星,0,0,0,1,0,0,0,1,0.125
位置时变,0,0,0,1,0,0,0,1,0.125
下行场景,0,0,0,1,0,0,0,1,0.125
干扰场景建模,0,0,0,1,0,0,0,1,0.125
发射功率密度,0,0,0,0,0,2,0,2,0.48333333333333334
布站,0,0,0,0,0,2,0,2,0.48333333333333334
经纬度间隔,0,0,0,0,0,2,0,2,0.48333333333333334
减缓效果,0,0,0,0,0,1,0,1,0.24166666666666667
非通信区域,0,0,2,0,0,0,0,2,0.25
空间隔离,0,0,3,0,0,0,0,3,0.375
协作模式,0,0,2,0,0,0,0,2,0.25
卫星频率兼容,0,0,1,0,0,0,0,1,0.125
轨道类,0,0,1,0,0,0,0,1,0.125
下行链,0,0,1,0,0,0,0,1,0.125
邮电,0,0,1,0,0,0,0,1,0.125
俯仰角,0,0,1,0,0,0,0,1,0.125
隔离角,0,0,1,0,0,0,0,1,0.125
波束偏转技术,0,0,1,0,0,0,0,1,0.125
航天科工空间工程,0,0,1,0,0,0,0,1,0.125
接入仰角,0,0,1,0,0,0,0,1,0.125
地面用户,0,0,1,0,0,0,0,1,0.125
相控阵天线,0,0,1,0,0,0,0,1,0.125
规避,0,0,1,0,0,0,0,1,0.125
航空航天,0,0,1,0,0,0,0,1,0.125
频率兼容性,0,0,1,0,0,0,0,1,0.125
星座间频率兼容,0,0,1,0,0,0,0,1,0.125
计算效率,0,0,1,0,0,0,0,1,0.125
结果精度,0,0,1,0,0,0,0,1,0.125
双精度干扰分析,0,0,1,0,0,0,0,1,0.125
空间位置概率,0,0,1,0,0,0,0,1,0.125
无线电监测中,0,0,1,0,0,0,0,1,0.125
许可,0,0,1,0,0,0,0,1,0.125
业务经,0,0,1,0,0,0,0,1,0.125
无线电管理,0,0,1,0,0,0,0,1,0.125
无线电监测中心,0,0,1,0,0,0,0,1,0.125
鸿雁,0,0,1,0,0,0,0,1,0.125
虹云,0,0,1,0,0,0,0,1,0.125
lologwx,0,0,0,0,0,1,0,1,0.24166666666666667
gso卫星接,0,0,0,0,0,1,0,1,0.24166666666666667
zpn,0,0,0,0,0,1,0,1,0.24166666666666667
载波功率,0,0,0,2,0,1,0,3,0.4916666666666667
接收波束,0,0,0,0,0,1,0,1,0.24166666666666667
星波束,0,0,0,0,0,1,0,1,0.24166666666666667
球站波束,0,0,0,0,0,1,0,1,0.24166666666666667
gso卫星接收天线,0,0,0,0,0,1,0,1,0.24166666666666667
pct,0,0,0,1,0,1,0,2,0.3666666666666667
上行,0,0,0,1,0,1,0,2,0.3666666666666667
上行链路,0,0,0,0,0,2,0,2,0.48333333333333334
上行集总干扰,0,0,0,0,0,1,0,1,0.24166666666666667
ongso系统,0,0,0,0,0,1,0,1,0.24166666666666667
ngso站点,0,0,0,0,0,1,0,1,0.24166666666666667
vn,0,0,0,1,0,1,0,2,0.3666666666666667
用户链路,0,0,0,0,0,1,0,1,0.24166666666666667
用户地球站,0,0,1,0,0,1,0,2,0.3666666666666667
上行干扰场景,0,0,0,0,0,1,0,1,0.24166666666666667
概率分布,0,0,0,3,0,0,0,3,0.375
干扰影响,0,0,0,2,0,0,0,2,0.25
仿真结果,0,0,0,1,0,0,0,1,0.125
对称性,0,0,0,1,0,0,0,1,0.125
球站,0,0,0,1,0,0,0,1,0.125
gso卫星波束,0,0,0,1,0,0,0,1,0.125
最大仰角策,0,0,0,1,0,0,0,1,0.125
天线跟踪策略,0,0,0,1,0,0,0,1,0.125
跟踪,0,0,0,1,0,0,0,1,0.125
地理间隔,0,0,0,1,0,0,0,1,0.125
集总程度,0,0,0,1,0,0,0,1,0.125
链路夹角,0,0,0,2,0,0,0,2,0.25
平坦增益区间,0,0,0,1,0,0,0,1,0.125
干扰发生概率,0,0,0,1,0,0,0,1,0.125
增益滚降,0,0,0,2,1,0,0,3,0.4916666666666667
向图,0,0,0,1,0,0,0,1,0.125
经度差,0,0,0,1,0,0,0,1,0.125
上空,0,0,0,1,0,0,0,1,0.125
建模对,0,0,0,1,0,0,0,1,0.125
干扰结果,0,0,0,1,0,0,0,1,0.125
干扰统计数据,0,0,0,1,0,0,0,1,0.125
distributionfunction,0,0,0,1,0,0,0,1,0.125
complementarycumulative,0,0,0,1,0,0,0,1,0.125
互补累计分布函数,0,0,0,1,0,0,0,1,0.125
干扰发生间隔,0,0,0,1,0,0,0,1,0.125
干扰持续时间,0,0,0,1,0,0,0,1,0.125
干扰频次,1,0,0,1,0,0,0,2,1.125
仿真时间段,0,0,0,1,0,0,0,1,0.125
/n,0,0,0,1,0,0,0,1,0.125
仿真数据,0,0,0,1,0,0,0,1,0.125
通信卫星,0,0,0,2,0,0,0,2,0.25
传播路径,0,0,0,1,0,0,0,1,0.125
星地链路,0,0,0,1,0,0,0,1,0.125
信息传递,0,0,0,1,0,0,0,1,0.125
中继,0,0,0,1,0,0,0,1,0.125
gso轨道,0,0,0,1,0,0,0,1,0.125
倾斜角,0,0,0,1,0,0,0,1,0.125
gso卫星轨道,0,0,0,1,0,0,0,1,0.125
太空,0,0,0,1,0,0,0,1,0.125
燃料,0,0,0,1,0,0,0,1,0.125
地球引力,0,0,0,1,0,0,0,1,0.125
语音通话,0,0,0,1,0,0,0,1,0.125
网络同步,0,0,0,1,0,0,0,1,0.125
延迟时间,0,0,0,1,0,0,0,1,0.125
卫星通信,0,0,0,1,0,0,0,1,0.125
倾角轨道,0,0,0,1,0,0,0,1,0.125
圆形轨道,0,0,0,1,0,0,0,1,0.125
1gso卫星,0,0,0,1,0,0,0,1,0.125
dbi,0,0,0,0,5,0,0,5,1.2083333333333333
rs,0,0,0,0,2,0,0,2,0.48333333333333334
天线方向图,0,0,0,0,2,0,0,2,0.48333333333333334
patternda,0,0,0,0,1,0,0,1,0.24166666666666667
interpolation,0,0,0,0,1,0,0,1,0.24166666666666667
unitsdegr,0,0,0,0,1,0,0,1,0.24166666666666667
srmmetric,0,0,0,0,1,0,0,1,0.24166666666666667
模型,0,0,0,0,1,0,0,1,0.24166666666666667
颗粒度,0,0,0,0,1,0,0,1,0.24166666666666667
ant文件,0,0,0,0,1,0,0,1,0.24166666666666667
离轴角颗粒度,0,0,0,0,1,0,0,1,0.24166666666666667
fss业务,0,0,0,0,1,0,0,1,0.24166666666666667
30ghz频段,0,0,0,0,1,0,0,1,0.24166666666666667
方向,0,0,0,0,1,0,0,1,0.24166666666666667
仿真软件,0,0,0,0,1,0,0,1,0.24166666666666667
gso卫星天线,0,0,0,0,4,0,0,4,0.9666666666666667
主瓣,0,0,0,0,2,0,0,2,0.48333333333333334
持续时间,0,0,0,0,1,0,0,1,0.24166666666666667
中断,0,0,0,0,1,0,0,1,0.24166666666666667
轴角,0,0,0,0,1,0,0,1,0.24166666666666667
天线仰角,0,0,0,0,1,0,0,1,0.24166666666666667
通信中,0,0,0,0,1,0,0,1,0.24166666666666667
中断持续时长,0,0,0,0,1,0,0,1,0.24166666666666667
ncc,0,0,0,0,1,0,0,1,0.24166666666666667
ccdf曲线,0,0,0,0,1,0,0,1,0.24166666666666667
峰值,0,0,0,0,1,0,0,1,0.24166666666666667
滚降速度,0,0,0,0,1,0,0,1,0.24166666666666667
传播损耗,0,0,0,0,1,0,0,1,0.24166666666666667
通信距离,0,0,0,0,1,0,0,1,0.24166666666666667
gso地球站天线,0,0,1,0,1,0,0,2,0.3666666666666667
中低纬度地球站,0,0,0,0,1,0,0,1,0.24166666666666667
nccdf曲线,0,0,0,0,1,0,0,1,0.24166666666666667
受干扰程度,0,0,0,0,1,0,0,1,0.24166666666666667
gso链路通信信噪比,0,0,0,0,1,0,0,1,0.24166666666666667
仿真步进,0,0,0,0,1,0,0,1,0.24166666666666667
sat5,0,0,0,0,1,0,0,1,0.24166666666666667
sinosat-5卫星网络,0,0,0,0,1,0,0,1,0.24166666666666667
frequencyinformation,0,0,0,0,1,0,0,1,0.24166666666666667
频率信息通告,0,0,0,0,1,0,0,1,0.24166666666666667
1gso卫星仿真参数,0,0,0,0,1,0,0,1,0.24166666666666667
延长线,0,0,0,0,3,0,0,3,0.725
相关波束,0,0,0,0,1,0,0,1,0.24166666666666667
时变,0,0,0,0,1,0,0,1,0.24166666666666667
黑线,0,0,0,0,1,0,0,1,0.24166666666666667
深灰,0,0,0,0,1,0,0,1,0.24166666666666667
777v,0,0,0,0,1,0,0,1,0.24166666666666667
地球站接收机,0,0,0,0,1,0,0,1,0.24166666666666667
黑点,0,0,0,0,1,0,0,1,0.24166666666666667
gso轨道弧,0,0,0,0,1,0,0,1,0.24166666666666667
上行干扰减缓技术,1,0,1,0,0,0,0,2,1.125
自适应分隔角方程,0,0,1,0,0,0,0,1,0.125
隔离,0,0,1,0,0,0,0,1,0.125
视野损失,0,0,1,0,0,0,0,1,0.125
集总干扰水平,0,0,1,0,0,0,0,1,0.125
单链路,0,0,1,0,0,1,0,2,0.3666666666666667
gso弧段,0,0,1,0,0,0,0,1,0.125
发射机,0,0,0,3,0,0,0,3,0.375
干扰源波束,0,0,0,2,0,0,0,2,0.25
噪声,0,0,0,2,0,0,0,2,0.25
zr,0,0,0,1,0,0,0,1,0.125
lpn,0,0,0,1,0,1,0,2,0.3666666666666667
lpg,0,0,0,1,0,0,0,1,0.125
mhz,0,0,0,1,0,0,0,1,0.125
机天线,0,0,0,1,0,0,0,1,0.125
波束信号,0,0,0,1,0,0,0,1,0.125
dg,0,0,0,1,0,0,0,1,0.125
离发射机,0,0,0,1,0,0,0,1,0.125
接收载波,0,0,0,1,0,0,0,1,0.125
发射载波,0,0,0,1,0,0,0,1,0.125
发射载波增益,0,0,0,1,0,0,0,1,0.125
苗炉,0,0,0,1,0,0,0,1,0.125
发射载波功率,0,0,0,1,0,0,0,1,0.125
干扰源序号,0,0,0,1,0,0,0,1,0.125
系统参数,0,0,0,1,0,0,0,1,0.125
指向,0,0,0,1,0,0,0,1,0.125
干扰接收机,0,0,0,1,0,0,0,1,0.125
总干扰场景,0,0,0,1,0,0,0,1,0.125
多干扰源,0,0,0,1,0,0,0,1,0.125
量化ngso系统,0,0,0,1,0,0,0,1,0.125
ckn,0,0,0,1,0,0,0,1,0.125
量化指标,0,0,0,1,0,0,0,1,0.125
信息,0,0,0,1,0,0,0,1,0.125
有害干扰时间,0,0,0,1,0,0,0,1,0.125
系统噪声,0,0,0,1,0,0,0,1,0.125
干扰评价,0,0,0,1,0,0,0,1,0.125
方位角,0,0,0,0,0,4,0,4,0.9666666666666667
接收干扰,0,0,0,0,0,2,0,2,0.48333333333333334
符号,0,0,0,0,0,2,0,2,0.48333333333333334
gr口磁,0,0,0,0,0,1,0,1,0.24166666666666667
pit,0,0,0,0,0,1,0,1,0.24166666666666667
集总干扰噪声比,0,0,0,0,0,1,0,1,0.24166666666666667
集总,0,0,0,0,0,1,0,1,0.24166666666666667
阈值,0,0,0,0,0,1,0,1,0.24166666666666667
信号衰减,0,0,0,0,0,1,0,1,0.24166666666666667
长度,0,0,0,0,0,1,0,1,0.24166666666666667
保护,0,0,0,0,0,1,0,1,0.24166666666666667
当前卫星,0,0,0,0,0,1,0,1,0.24166666666666667
卫星跟踪,0,0,0,0,0,1,0,1,0.24166666666666667
水平面,0,0,0,0,0,1,0,1,0.24166666666666667
坐标,0,0,0,0,0,1,0,1,0.24166666666666667
仰角刃,0,0,0,0,0,1,0,1,0.24166666666666667
web星座构,0,0,0,0,0,1,0,1,0.24166666666666667
ngso卫星仿真参数,0,0,0,0,0,1,0,1,0.24166666666666667
单链路干扰阈值,0,0,0,0,0,2,0,2,0.48333333333333334
i/n阈值,0,0,0,0,0,2,0,2,0.48333333333333334
自身系统性能,0,0,0,0,0,1,0,1,0.24166666666666667
gs0系统,0,0,0,0,0,1,0,1,0.24166666666666667
干扰判别门限,0,0,0,0,0,1,0,1,0.24166666666666667
角度分隔,0,0,0,0,0,1,0,1,0.24166666666666667
秒庆,0,0,0,0,0,1,0,1,0.24166666666666667
凹陷区域,0,0,0,0,0,1,0,1,0.24166666666666667
单调,0,0,0,0,0,1,0,1,0.24166666666666667
点波束,0,0,0,0,0,0,3,3,0.725
干扰判定标准,0,0,0,0,0,0,2,2,0.48333333333333334
特性,0,0,0,0,0,0,1,1,0.24166666666666667
自适应分隔角度,0,0,0,0,0,0,1,1,0.24166666666666667
干扰风险,0,0,0,0,0,0,1,1,0.24166666666666667
地理部署,0,0,0,0,0,0,1,1,0.24166666666666667
空间段,0,0,0,0,0,0,1,1,0.24166666666666667
上行干扰分析,0,0,0,0,0,0,1,1,0.24166666666666667
干扰仿真,0,0,0,0,0,0,1,1,0.24166666666666667
覆盖边缘,0,0,0,0,0,0,1,1,0.24166666666666667
映射,0,0,0,0,0,0,1,1,0.24166666666666667
ngso卫星纬度,0,0,0,0,0,0,1,1,0.24166666666666667
禁区边界纬度,0,0,0,0,0,0,1,1,0.24166666666666667
等效误差,0,0,0,0,0,0,1,1,0.24166666666666667
等效方,0,0,0,0,0,0,1,1,0.24166666666666667
干扰时,0,0,0,0,0,0,1,1,0.24166666666666667
自适应波束控制算法,0,0,0,0,0,0,1,1,0.24166666666666667
itu干扰判决门限,0,0,0,0,0,0,1,1,0.24166666666666667
多波束ngso卫星干扰,0,0,0,0,0,0,1,1,0.24166666666666667
下行干扰分析,0,0,0,0,0,0,1,1,0.24166666666666667
低轨卫星星座,0,1,0,0,0,0,0,1,2.0
重叠判定,1,0,0,0,0,0,0,1,1.0
卫星工具箱,1,0,0,0,0,0,0,1,1.0
satellitetoolkit,1,0,0,0,0,0,0,1,1.0
联合编程技术,1,0,0,0,0,0,0,1,1.0
sinosat-5系统,1,0,0,0,0,0,0,1,1.0
上行干扰减缓方,1,0,0,0,0,0,0,1,1.0
i/n值,1,0,0,0,0,0,0,1,1.0
低轨通信卫星,1,0,0,0,0,0,0,1,1.0
商业航天公司,1,0,0,0,0,0,0,1,1.0
低轨卫星系统,1,0,0,0,0,0,0,1,1.0
电波传输损耗,1,0,0,0,0,0,0,1,1.0
系统间干扰,1,0,0,0,0,0,0,1,1.0
