,摘要,关键词,第一章,第二章,第三章,第四章,第五章,总词频,加权得分
蜂窝用户,0,0,0,7,24,19,0,50,11.266666666666667
有效容量,0,0,0,10,0,19,1,30,6.083333333333333
数据包,1,0,1,13,25,13,1,54,12.175
qos保障参数,0,0,0,5,0,10,0,15,3.0416666666666665
mgc,0,0,0,3,5,1,0,9,1.825
延时性能,1,0,1,7,5,0,2,16,3.6916666666666664
adits,0,0,0,3,0,1,0,4,0.6166666666666667
caits,0,0,0,3,0,1,0,4,0.6166666666666667
v2v通信,0,0,1,3,18,7,1,30,6.783333333333333
溢出概率,0,0,0,3,0,0,0,3,0.375
通信质量,0,0,0,2,6,0,0,8,1.7
v2v用户,0,0,0,2,1,1,1,5,0.975
有效容量曲线,0,0,0,2,0,0,0,2,0.25
qos,1,0,10,41,2,33,6,93,17.28333333333333
延迟门限,0,0,0,2,2,0,0,4,0.7333333333333334
数据包延时,0,0,0,4,0,2,0,6,0.9833333333333334
算法,0,0,1,6,3,1,1,12,2.083333333333333
毫米波频谱资源,0,0,0,4,7,6,0,17,3.6416666666666666
带宽,1,0,2,3,3,2,0,11,2.833333333333333
延时,2,0,6,17,12,6,2,45,9.708333333333332
通信频段,0,0,0,4,0,0,0,4,0.5
惩罚因子,0,0,0,1,0,0,0,1,0.125
蜂窝用户通信质量,0,0,0,1,0,0,0,1,0.125
累计概率分布曲线,0,0,0,1,0,0,0,1,0.125
sinr,0,0,0,1,5,0,0,6,1.3333333333333333
v2v,0,0,0,6,16,10,0,32,7.033333333333333
sinr曲线,0,0,0,1,0,0,0,1,0.125
si,0,0,0,1,0,0,0,1,0.125
数据到达率,0,0,0,1,0,0,0,1,0.125
异质频谱共享方,0,0,0,1,0,1,0,2,0.3666666666666667
深度强化学习,2,1,2,2,0,7,1,15,6.433333333333334
干扰感知多智能体,2,0,3,2,0,11,1,19,5.525
平均,0,0,0,1,0,1,0,2,0.3666666666666667
wv用户,0,0,0,1,0,0,0,1,0.125
性能,0,0,2,8,5,2,3,20,3.6666666666666665
数据,0,0,1,2,0,9,0,12,2.55
保障参数,0,0,2,3,0,10,0,15,3.0416666666666665
异质频谱,0,0,3,11,4,3,2,23,3.925
有效容量模型,1,0,1,4,0,5,0,11,2.833333333333333
延时溢出概率,1,0,1,1,5,0,0,8,2.458333333333333
自动驾驶信息业务,0,0,0,1,0,0,0,1,0.125
碰撞避免业务,0,0,0,1,0,0,0,1,0.125
延时溢出概率门限,0,0,0,1,0,0,0,1,0.125
cg算法,0,0,0,1,4,0,0,5,1.0916666666666668
异质频谱共享算法,8,0,10,7,18,7,7,57,17.858333333333334
延时保障,0,0,2,3,3,0,0,8,1.35
累计概率密度分布函数曲线,0,0,0,1,0,0,0,1,0.125
辆速度,0,0,0,1,0,0,0,1,0.125
时隙,0,0,0,2,1,11,0,14,3.15
车联网,12,0,42,98,11,16,12,191,38.925
车辆通信链路,2,0,5,0,2,5,1,15,4.558333333333334
多业务,1,1,5,6,0,0,2,15,4.858333333333333
异质频谱共享,0,1,8,10,4,4,3,30,6.908333333333333
频谱共享技术,1,0,9,41,0,0,0,51,7.25
认知车联网,2,1,5,16,0,0,0,24,6.625
网络信令,0,0,1,0,0,0,0,1,0.125
分布式算法,0,0,1,0,0,1,0,2,0.3666666666666667
多业务qos,0,0,3,12,0,6,0,21,3.325
qos保障,1,0,4,5,0,0,1,11,2.3666666666666667
通信业务,1,0,1,1,0,0,0,3,1.25
速率,2,0,5,0,18,5,2,32,8.666666666666668
干扰感知多,0,0,1,1,3,0,1,6,1.2166666666666668
干扰多图,3,1,4,2,18,1,2,31,10.825
异质频谱干扰,2,0,8,8,8,0,3,29,6.658333333333333
异质频谱共享技术,2,0,13,20,6,4,0,45,8.541666666666666
性能指标,0,0,1,8,0,2,0,11,1.6083333333333334
丢包率,0,0,1,7,0,3,0,11,1.725
业务,2,0,2,12,1,16,2,35,8.341666666666667
偏差效用函数,0,0,0,6,0,0,0,6,0.75
保障,0,0,0,5,0,0,0,5,0.625
效用函数,0,0,0,4,0,1,0,5,0.7416666666666667
传输速率,0,0,2,4,6,4,0,16,3.1666666666666665
通信链路,0,0,1,9,2,4,1,17,2.9416666666666664
吞吐量,0,0,0,7,1,2,0,10,1.6
qos偏差效用函数,0,0,0,4,0,1,0,5,0.7416666666666667
等待延时,0,0,0,5,2,0,0,7,1.1083333333333334
传输延时,0,0,0,5,2,0,0,7,1.1083333333333334
奖惩函数,0,0,0,3,0,0,0,3,0.375
期望吞吐量,0,0,0,2,0,0,0,2,0.25
可达吞吐量,0,0,0,2,0,0,0,2,0.25
用户系,0,0,0,2,0,0,0,2,0.25
加权,0,0,0,2,1,1,0,4,0.7333333333333334
qos性能,0,0,0,2,2,3,1,8,1.7
端到端延时,0,0,0,4,2,1,0,7,1.225
缓存,0,0,0,2,5,0,0,7,1.4583333333333333
频谱共享,0,0,0,26,0,0,0,26,3.25
车联网安全业务,0,0,0,3,0,0,0,3,0.375
可靠性,0,0,3,3,3,1,2,12,2.2
车联网业务,0,0,4,8,0,0,0,12,1.5
车载通信,0,0,0,3,0,0,0,3,0.375
链路传输速率,0,0,0,1,0,1,0,2,0.3666666666666667
到达率,0,0,0,1,1,5,0,7,1.575
qos参数,0,0,0,1,0,1,0,2,0.3666666666666667
历经容量,0,0,0,1,0,1,0,2,0.3666666666666667
延迟约束,0,0,0,1,0,1,0,2,0.3666666666666667
非实时数据传输业务,0,0,0,1,0,1,0,2,0.3666666666666667
中断容量,0,0,0,1,0,1,0,2,0.3666666666666667
延迟限制,0,0,0,1,0,1,0,2,0.3666666666666667
实时数据流量传输服务,0,0,0,1,0,0,0,1,0.125
香农容量,0,0,0,1,0,0,0,1,0.125
时延,0,0,0,1,0,0,0,1,0.125
频谱分配算法,0,0,0,2,0,0,0,2,0.25
奖励函数,0,0,0,1,0,0,0,1,0.125
强化学习模型,0,0,2,1,0,1,0,4,0.6166666666666667
多qos,0,0,0,1,0,0,0,1,0.125
频谱资源分配,0,0,0,2,0,0,0,2,0.25
用户调度,0,0,0,1,0,0,0,1,0.125
信道接入算法,0,0,0,1,0,0,0,1,0.125
评论家,0,0,0,2,0,0,0,2,0.25
行动者,0,0,0,1,0,0,0,1,0.125
参数,0,0,0,1,1,3,0,5,1.0916666666666668
配置参数,0,0,0,1,0,0,0,1,0.125
加权qos,0,0,0,1,0,0,0,1,0.125
变量,0,0,0,1,0,1,0,2,0.3666666666666667
资源,0,0,0,1,1,0,0,2,0.3666666666666667
频谱,0,0,3,14,2,2,0,21,3.091666666666667
期望丢包率,0,0,0,1,0,0,0,1,0.125
期望延时偏差效用函数,0,0,0,1,0,0,0,1,0.125
传输延时偏差,0,0,0,1,0,0,0,1,0.125
功率控制,0,0,0,1,0,0,0,1,0.125
偏差,0,0,0,1,0,0,0,1,0.125
保障频谱共享技术,0,0,0,2,0,0,0,2,0.25
物联网,0,0,0,2,0,0,0,2,0.25
蜂窝网,0,0,0,1,0,0,0,1,0.125
qos因素,0,0,0,1,0,0,0,1,0.125
车载通信链路,0,0,0,2,0,0,0,2,0.25
端到端,0,0,0,1,1,1,1,4,0.85
延时性能保障,0,0,0,1,0,0,0,1,0.125
车联网安全服务,0,0,0,1,0,0,0,1,0.125
车辆间通信,0,0,0,1,0,0,0,1,0.125
安全信息,0,0,1,2,0,1,0,4,0.6166666666666667
车辆,0,0,3,18,1,8,0,30,4.8
传输,0,0,0,4,1,4,0,9,1.7083333333333333
同质,0,0,0,2,0,0,0,2,0.25
安全服务,0,0,0,1,0,0,0,1,0.125
沉浸式用户体验,0,0,0,1,0,0,0,1,0.125
多业务通信支持,0,0,0,1,0,0,0,1,0.125
qualityofservice,1,0,0,1,0,0,0,2,1.125
服务质量,0,0,1,7,0,0,0,8,1.0
车联网单业务,0,0,0,2,0,0,0,2,0.25
频段,7,0,10,16,3,5,1,42,12.425
毫米波,1,0,1,5,3,1,0,11,2.716666666666667
深度强化学习算法,0,0,0,1,0,1,0,2,0.3666666666666667
车辆通信,0,0,1,7,4,0,0,12,1.9666666666666668
低复杂度,0,0,0,1,0,0,0,1,0.125
干扰感知多图,3,0,3,1,12,0,1,20,6.641666666666667
异质频谱共享模型,2,0,3,2,3,5,2,17,5.041666666666666
共享,0,0,2,1,1,0,0,4,0.6166666666666667
服务,0,0,0,1,0,3,0,4,0.85
强化学习,0,0,1,4,0,1,0,6,0.8666666666666667
权重参数,0,0,0,1,0,0,0,1,0.125
权重配置参数,0,0,0,1,0,1,0,2,0.3666666666666667
加权qos偏差效用函数,0,0,0,1,0,1,0,2,0.3666666666666667
数据包端,0,0,0,1,0,0,0,1,0.125
频谱共享算法,0,0,0,4,0,2,0,6,0.9833333333333334
通信环境,0,0,1,4,0,3,0,8,1.35
复杂度,0,0,2,3,11,0,0,16,3.283333333333333
迭代次数,0,0,2,5,1,0,0,8,1.1166666666666667
车辆通信环境,0,0,0,2,0,0,0,2,0.25
高动态特性,0,0,0,2,0,0,0,2,0.25
共享方案,0,0,0,1,0,0,0,1,0.125
博弈论,1,0,2,13,5,0,0,21,4.083333333333333
效率,0,0,1,3,1,1,0,6,0.9833333333333334
异质频谱干扰关系,0,0,0,2,0,0,0,2,0.25
车辆干扰,0,0,0,1,0,0,0,1,0.125
干扰,1,0,2,14,19,8,1,45,9.766666666666666
干扰边,0,0,0,3,1,0,0,4,0.6166666666666667
干扰图模型,0,0,0,3,0,0,0,3,0.375
用户,1,0,5,11,7,4,0,28,5.658333333333333
通信性能,0,0,2,1,2,0,0,5,0.8583333333333334
全向干扰,0,0,1,1,2,0,0,4,0.7333333333333334
方向性干扰,0,0,1,2,2,0,0,5,0.8583333333333334
异质频谱资源,0,0,2,5,3,0,0,10,1.6
频谱资源,6,0,11,35,29,14,2,97,22.625
机器学习,0,0,0,8,0,0,0,8,1.0
节点,0,0,0,7,41,5,0,53,11.991666666666667
干扰图,0,0,0,6,2,0,0,8,1.2333333333333334
次级车辆,0,0,0,9,0,0,0,9,1.125
v2v通信链路,0,0,0,3,5,3,0,11,2.3083333333333336
网络架构,0,0,0,5,0,0,0,5,0.625
历史数据,0,0,0,2,0,0,0,2,0.25
干扰超图,0,0,0,2,0,0,0,2,0.25
累计干扰,0,0,0,2,3,0,0,5,0.975
干扰感知加权图,0,0,0,2,0,0,0,2,0.25
权重,0,0,0,2,11,6,0,19,4.358333333333333
v2i,0,0,0,2,0,0,0,2,0.25
v2i节点,0,0,0,2,0,0,0,2,0.25
顶点,0,0,0,2,1,0,0,3,0.4916666666666667
v2i通信链路,0,0,0,2,0,0,0,2,0.25
二分图,0,0,0,2,0,0,0,2,0.25
网络,0,0,0,3,0,0,0,3,0.375
图论,0,0,0,2,0,0,0,2,0.25
车载内容分发网络,0,0,0,2,0,0,0,2,0.25
合作博弈,0,0,0,2,0,0,0,2,0.25
无线资源,0,0,0,2,0,0,0,2,0.25
车辆用户,0,0,4,2,2,0,0,8,1.2333333333333334
覆盖式频谱共享技术,0,0,0,2,0,0,0,2,0.25
通信,2,0,6,9,3,3,0,23,5.325
频谱空洞,0,0,0,5,0,0,0,5,0.625
机会式频谱共享,0,0,0,3,0,0,0,3,0.375
信令交互,0,0,0,2,0,0,0,2,0.25
基础设施,0,0,0,5,0,0,0,5,0.625
集中式频谱共享,0,0,0,3,0,0,0,3,0.375
城市,0,0,1,2,0,0,1,4,0.6166666666666667
接入模式,0,0,0,4,0,0,0,4,0.5
年载通信,0,0,0,1,0,0,0,1,0.125
高移动性车载网络,0,0,0,1,0,0,0,1,0.125
学习工具,0,0,0,1,0,0,0,1,0.125
机器,0,0,0,1,0,0,0,1,0.125
处理效率,0,0,0,1,0,0,0,1,0.125
安全通信业务,0,0,0,1,0,0,0,1,0.125
训练,0,0,0,1,0,1,0,2,0.3666666666666667
ac强化学习,0,0,0,1,0,0,0,1,0.125
迁移学习,0,0,0,1,0,0,0,1,0.125
einforcement,0,0,0,1,0,0,0,1,0.125
or,0,0,0,1,0,0,0,1,0.125
迁移行动者,0,0,0,1,0,0,0,1,0.125
安全业务,0,0,1,1,1,0,1,4,0.7333333333333334
资源分配算法,1,0,1,1,0,0,0,3,1.25
v2x,0,0,1,2,0,0,0,3,0.375
多智能体,0,0,1,1,0,0,0,2,0.25
无线通信环境,0,0,0,2,0,1,0,3,0.4916666666666667
功率分配,0,0,0,1,0,0,0,1,0.125
为模式,0,0,0,1,0,0,0,1,0.125
网路拓扑,0,0,0,1,0,0,0,1,0.125
个体,0,0,0,1,0,0,0,1,0.125
信干噪比,0,0,0,1,0,0,0,1,0.125
功率,0,0,1,2,1,0,0,4,0.6166666666666667
接收信号,0,0,0,1,2,0,0,3,0.6083333333333334
显式系统参数,0,0,0,1,0,0,0,1,0.125
环境,0,0,0,2,0,2,0,4,0.7333333333333334
机器人技术,0,0,0,1,0,0,0,1,0.125
自然语言处理,0,0,0,1,0,0,0,1,0.125
计算机视觉,0,0,0,1,0,0,0,1,0.125
智能系统,0,0,0,1,0,0,0,1,0.125
人工智能,0,0,0,1,0,0,0,1,0.125
体积,0,0,0,1,1,1,0,3,0.6083333333333334
全驾驶距离,0,0,0,1,0,0,0,1,0.125
算法速度,0,0,0,1,0,0,0,1,0.125
无线网络,0,0,1,1,0,0,0,2,0.25
超边,0,0,0,1,0,0,0,1,0.125
着色算法,0,0,0,1,2,0,0,3,0.6083333333333334
干扰功率,0,0,0,1,0,0,0,1,0.125
干扰强度,0,0,0,1,0,0,0,1,0.125
干扰超图着色,0,0,0,1,0,0,0,1,0.125
加权多图着色,0,0,0,1,0,0,0,1,0.125
干扰关系,0,0,0,1,1,0,0,2,0.3666666666666667
超图,0,0,0,1,0,0,0,1,0.125
加权图,0,0,0,1,0,0,0,1,0.125
着色问题,0,0,0,1,0,0,0,1,0.125
映射关系,0,0,0,1,0,0,0,1,0.125
颜色,0,0,0,1,10,0,0,11,2.5416666666666665
频谱资源通信,0,0,0,1,0,0,0,1,0.125
享模型,0,0,0,1,0,0,0,1,0.125
网络拓扑结构,0,0,0,1,0,0,0,1,0.125
三维权重匹配算法,0,0,0,1,0,0,0,1,0.125
通信容量,0,0,0,1,0,0,0,1,0.125
可用频谱资源,0,0,0,2,0,0,0,2,0.25
联合频谱分配,0,0,0,1,0,0,0,1,0.125
频谱资源复用,0,0,0,1,0,0,0,1,0.125
匈牙利,0,0,0,1,0,0,0,1,0.125
频谱资源共享,0,0,0,1,0,0,0,1,0.125
认知车辆网,0,0,0,1,0,0,0,1,0.125
匹配理论,0,0,0,1,0,0,0,1,0.125
多维图,0,0,0,1,0,0,0,1,0.125
频谱共享策略,0,0,0,1,0,0,0,1,0.125
连接,0,0,0,1,0,0,0,1,0.125
服务需求,0,0,0,1,0,0,0,1,0.125
资源管理,0,0,1,1,0,0,0,2,0.25
车辆网络,0,0,0,1,0,0,0,1,0.125
动态性,0,0,0,1,0,0,0,1,0.125
收敛速度,0,0,0,2,0,1,0,3,0.4916666666666667
纳什均衡,0,0,0,1,0,0,0,1,0.125
信令,1,0,1,1,0,1,0,4,1.4916666666666667
通信负载,0,0,0,1,0,0,0,1,0.125
用户交互信息,0,0,0,1,0,0,0,1,0.125
博弈论策略,0,0,0,1,0,0,0,1,0.125
多玩家博弈模型,0,0,0,1,0,0,0,1,0.125
辆用户,0,0,0,1,0,0,0,1,0.125
车辆网,0,0,0,1,0,0,0,1,0.125
非合作博弈游戏,0,0,0,1,0,0,0,1,0.125
约束协议,0,0,0,1,0,0,0,1,0.125
博弈游戏,0,0,0,1,0,0,0,1,0.125
联盟博弈,0,0,0,2,0,0,0,2,0.25
联盟博弈模型,0,0,0,1,0,0,0,1,0.125
频谱分配,0,0,0,1,0,0,0,1,0.125
车载内容,0,0,0,1,0,0,0,1,0.125
系统吞吐量,0,0,0,1,0,1,0,2,0.3666666666666667
博弈,0,0,0,1,1,0,0,2,0.3666666666666667
多联盟博弈模型,0,0,0,1,0,0,0,1,0.125
合作博弈理论,0,0,0,1,0,0,0,1,0.125
非合作博弈,0,0,0,1,0,0,0,1,0.125
纳什均衡解,0,0,0,1,0,0,0,1,0.125
资源分配策略,0,0,0,1,0,0,0,1,0.125
博弈理论,0,0,0,1,0,0,0,1,0.125
频谱感知过程,0,0,0,1,0,0,0,1,0.125
有害干扰,0,0,0,1,0,0,0,1,0.125
低功率传输,0,0,0,1,0,0,0,1,0.125
底层复用式频谱共享,0,0,0,2,0,0,0,2,0.25
频谱机,0,0,0,1,0,0,0,1,0.125
高速公路,0,0,0,1,0,0,0,1,0.125
两态频谱感知,0,0,0,1,0,0,0,1,0.125
三态频谱感应分配,0,0,0,1,0,0,0,1,0.125
频谱感知,0,0,0,5,0,0,0,5,0.625
机会式频谱共享技术,0,0,0,1,0,0,0,1,0.125
交通环,0,0,0,1,0,0,0,1,0.125
郊区,0,0,0,1,0,0,0,1,0.125
动态拓扑结构,0,0,0,1,0,0,0,1,0.125
网络负担,0,0,0,1,0,1,0,2,0.3666666666666667
基础,0,0,0,1,0,0,0,1,0.125
分布式频谱共享,0,0,0,2,0,0,0,2,0.25
频谱效率,0,0,0,1,0,0,0,1,0.125
全局信息,0,0,0,1,0,0,0,1,0.125
车联网通信环境,0,0,0,1,0,3,0,4,0.85
基站,0,0,0,1,6,3,0,10,2.3
路边单元,0,0,0,4,0,0,0,4,0.5
毫米波频段,3,0,7,9,2,3,1,25,6.45
ism,0,0,0,1,0,0,0,1,0.125
ed,0,0,0,2,0,0,0,2,0.25
industrialscientifi,0,0,0,1,0,0,0,1,0.125
工业科学医学频段,0,0,0,1,0,0,0,1,0.125
传输特性,0,0,0,3,1,0,0,4,0.6166666666666667
穿透特性,1,0,1,2,0,0,0,4,1.375
低频频段,0,0,0,1,0,0,0,1,0.125
等频谱资源,0,0,0,1,0,0,0,1,0.125
tvws,0,0,0,1,0,0,0,1,0.125
电视空白频段,0,0,0,1,0,0,0,1,0.125
蜂窝通信,0,0,0,1,0,1,0,2,0.3666666666666667
可用频谱,0,0,0,4,0,0,0,4,0.5
业务服务质量,0,0,0,1,0,0,0,1,0.125
频谱共享方,0,0,0,2,0,0,0,2,0.25
mgc算法,0,0,0,0,13,1,0,14,3.3833333333333333
imgc算法,0,0,0,0,14,0,0,14,3.3833333333333333
v2v链路,0,0,0,0,54,66,0,120,29.0
接收信噪比,0,0,0,0,5,0,0,5,1.2083333333333333
速率曲线,0,0,0,0,4,0,0,4,0.9666666666666667
sinr门限,0,0,0,0,5,0,0,5,1.2083333333333333
imgc,0,0,0,0,4,0,0,4,0.9666666666666667
信噪比,0,0,0,0,3,0,0,3,0.725
系统,1,0,1,0,7,0,1,10,3.0583333333333336
fcc算法,0,0,0,0,3,0,0,3,0.725
v2v用,0,0,0,0,3,1,0,4,0.9666666666666667
fmc曲线,0,0,0,0,2,0,0,2,0.48333333333333334
数据包延迟,0,0,0,0,2,0,0,2,0.48333333333333334
cue,0,0,0,0,2,0,0,2,0.48333333333333334
曲线,0,0,0,0,2,0,0,2,0.48333333333333334
中断概率曲线,0,0,0,0,2,0,0,2,0.48333333333333334
信噪比曲线,0,0,0,0,2,0,0,2,0.48333333333333334
fmc算法,0,0,0,0,2,0,0,2,0.48333333333333334
毫米波通信,1,0,2,0,5,1,0,9,2.7
imgc算法系统,0,0,0,0,2,0,0,2,0.48333333333333334
信道质量,1,0,1,0,5,0,0,7,2.333333333333333
fmc,0,0,0,0,2,0,0,2,0.48333333333333334
蜂窝频谱资源通信,0,0,0,0,1,0,0,1,0.24166666666666667
无干扰曲线,0,0,0,0,1,0,0,1,0.24166666666666667
累计分布曲线,0,0,0,0,1,0,0,1,0.24166666666666667
接收信干噪比,0,0,0,0,4,0,0,4,0.9666666666666667
时延限制,0,0,0,0,1,0,0,1,0.24166666666666667
gc算法,0,0,0,0,1,0,0,1,0.24166666666666667
分布,0,0,0,0,1,0,0,1,0.24166666666666667
远程驾驶业务,0,0,0,1,1,0,0,2,0.3666666666666667
ts,0,0,0,0,1,0,0,1,0.24166666666666667
数据包传输延时,0,0,0,0,1,0,0,1,0.24166666666666667
自适应,0,0,0,0,1,0,0,1,0.24166666666666667
占比,0,0,0,0,1,0,0,1,0.24166666666666667
右坐标,0,0,0,0,1,0,0,1,0.24166666666666667
左坐标,0,0,0,0,1,0,0,1,0.24166666666666667
直方图,0,0,0,0,1,0,0,1,0.24166666666666667
probabilitydensityfunction,0,0,0,0,1,0,0,1,0.24166666666666667
包延时概率密度分布,0,0,0,0,1,0,0,1,0.24166666666666667
延时概率密度,0,0,0,0,1,0,0,1,0.24166666666666667
2v,0,0,0,0,1,0,0,1,0.24166666666666667
数技,0,0,0,0,1,0,0,1,0.24166666666666667
fcc,0,0,0,0,1,0,0,1,0.24166666666666667
蜂窝频段,0,0,0,0,6,4,0,10,2.4166666666666665
毫米波链路,0,0,0,0,1,0,0,1,0.24166666666666667
v2v链路信噪比,0,0,0,0,1,0,0,1,0.24166666666666667
通信速率,0,0,0,0,1,0,0,1,0.24166666666666667
概率,0,0,0,0,2,1,0,3,0.725
通信中断,0,0,1,0,1,0,0,2,0.3666666666666667
中断门限,0,0,0,0,1,0,0,1,0.24166666666666667
ction,0,0,0,0,1,0,0,1,0.24166666666666667
stribution,0,0,0,0,1,0,0,1,0.24166666666666667
cumulative,0,0,0,0,1,0,0,1,0.24166666666666667
累计概率分布,0,0,0,0,1,0,0,1,0.24166666666666667
速率性能,0,0,0,0,1,0,0,1,0.24166666666666667
中断,0,0,0,0,1,0,0,1,0.24166666666666667
阻塞效应,0,0,1,0,1,0,0,2,0.3666666666666667
cg系统,0,0,0,0,1,0,0,1,0.24166666666666667
蜂窝频谱资源,0,0,0,1,5,4,0,10,2.3
同信道干扰,0,0,0,0,1,0,0,1,0.24166666666666667
v2vm路数,0,0,0,0,1,0,0,1,0.24166666666666667
安全,0,0,0,2,1,0,0,3,0.4916666666666667
频谱资源算法,0,0,0,0,1,0,0,1,0.24166666666666667
fullcellularcommunication,0,0,0,0,1,0,0,1,0.24166666666666667
全蜂窝频谱通信,0,0,0,0,1,0,0,1,0.24166666666666667
毫米波频谱资源通信,0,0,0,0,1,0,0,1,0.24166666666666667
fullmmwavecommunication,0,0,0,0,1,0,0,1,0.24166666666666667
全毫米波通信,0,0,0,0,1,0,0,1,0.24166666666666667
spectrumsharing,0,0,0,0,1,1,0,2,0.48333333333333334
coalitiongamebasedheterogeneous,0,0,0,0,1,0,0,1,0.24166666666666667
联盟博弈理论,0,0,0,0,1,0,0,1,0.24166666666666667
仿真,0,0,0,0,4,3,2,9,2.175
hz,0,0,3,0,1,0,1,5,0.8583333333333334
带宽资源,1,0,3,1,0,0,0,5,1.5
拍卖理论,0,0,2,1,1,0,0,4,0.6166666666666667
路径损耗,1,0,2,0,1,0,0,4,1.4916666666666667
感知业务,0,0,2,1,0,0,1,4,0.6166666666666667
应用层,0,0,2,2,0,0,0,4,0.5
数据量,0,0,2,1,0,4,0,7,1.3416666666666668
c-v2x,0,0,2,7,0,0,0,9,1.125
信息,0,0,2,1,1,0,0,4,0.6166666666666667
智能交通系统,0,0,2,0,0,0,0,2,0.25
交通事故,0,0,2,0,0,0,0,2,0.25
交通拥堵,0,0,2,0,0,0,0,2,0.25
动态特性,0,0,1,0,0,0,0,1,0.125
共享方,0,0,1,0,0,0,0,1,0.125
高动态环境,0,0,1,0,1,0,0,2,0.3666666666666667
qos保证,0,0,1,0,0,0,0,1,0.125
预警,0,0,1,0,0,0,0,1,0.125
转向,0,0,1,0,0,1,0,2,0.3666666666666667
变道,0,0,1,0,0,1,0,2,0.3666666666666667
视频传输,0,0,1,0,0,1,0,2,0.3666666666666667
干扰规避,0,0,1,0,1,0,0,2,0.3666666666666667
车辆拓扑结构,0,0,1,0,0,0,0,1,0.125
天线,0,0,1,0,2,0,0,3,0.6083333333333334
波束,0,0,1,0,1,0,0,2,0.3666666666666667
阵列元件,0,0,1,0,0,0,0,1,0.125
信号,0,0,1,0,6,0,0,7,1.575
频段通信,0,0,1,0,1,0,0,2,0.3666666666666667
service,0,0,1,0,0,0,0,1,0.125
quality,0,0,1,0,0,0,0,1,0.125
用户间干扰,0,0,1,0,0,0,0,1,0.125
通信保障,0,0,1,0,0,0,0,1,0.125
异质频谱通信性能,0,0,1,0,0,0,0,1,0.125
资源管理算法,0,0,1,0,0,0,0,1,0.125
标性能,0,0,1,0,0,0,0,1,0.125
3gpp,0,0,1,2,2,2,0,7,1.3416666666666668
长期通信连接,1,0,1,0,0,0,0,2,1.125
损耗差,0,0,1,0,0,0,0,1,0.125
链路,1,0,2,1,0,2,1,7,2.1
nlos,0,0,1,0,0,0,0,1,0.125
nonlineofsight,0,0,1,0,0,0,0,1,0.125
非视距,0,0,1,0,0,0,0,1,0.125
lineofsi,0,0,1,0,0,0,0,1,0.125
视距,0,0,1,0,0,0,0,1,0.125
毫米波通信链路,0,0,1,0,0,0,0,1,0.125
毫米波信号,0,0,1,0,0,0,0,1,0.125
穿透损耗,1,0,1,1,0,0,0,3,1.25
数据流量,0,0,1,0,0,0,0,1,0.125
自动驾驶模式,0,0,1,0,0,0,0,1,0.125
数据中心,0,0,1,0,0,0,0,1,0.125
传感数据,0,0,1,0,0,0,0,1,0.125
高精度传感设备,0,0,1,0,0,0,0,1,0.125
激光雷达,0,0,1,0,0,0,0,1,0.125
高清摄像头,0,0,1,0,0,0,0,1,0.125
传感器,0,0,1,0,0,0,0,1,0.125
城市用户,0,0,1,0,0,0,0,1,0.125
车载应用,0,0,1,0,0,0,0,1,0.125
频谱共享技,1,0,1,2,0,0,0,4,1.375
认知无线电技术,0,0,1,3,0,0,0,4,0.5
c-v2x通信技术,0,0,2,1,0,0,0,3,0.375
dsrc通信技术,0,0,1,1,0,0,0,2,0.25
车联网通信技术,0,0,1,2,0,0,1,4,0.6166666666666667
视频数据,1,0,2,1,0,0,0,4,1.375
传感器数据,0,0,1,0,0,1,0,2,0.3666666666666667
数据交互标准,0,0,1,1,0,0,0,2,0.25
车辆通信系统,0,0,1,1,0,0,0,2,0.25
合作式智能运输系统,0,0,1,1,0,0,0,2,0.25
应用级标准,0,0,1,0,0,0,0,1,0.125
gpps,0,0,1,0,0,0,0,1,0.125
gpp,0,0,1,0,0,0,0,1,0.125
pp,0,0,1,0,0,0,0,1,0.125
genera,0,0,1,0,0,0,0,1,0.125
汽车产业,0,0,1,0,0,0,0,1,0.125
自动驾驶,0,0,1,2,0,0,0,3,0.375
thing,0,0,1,0,0,0,0,1,0.125
cellularvehicletoever,0,0,1,0,0,0,0,1,0.125
蜂窝移动通信系统,0,0,1,0,0,0,0,1,0.125
直连通信,0,0,1,0,0,0,0,1,0.125
智能网联汽车,0,0,1,0,0,0,0,1,0.125
工信部,0,0,1,0,0,0,0,1,0.125
edshortrangecommunication,0,0,1,0,0,0,0,1,0.125
dedi,0,0,1,0,0,0,0,1,0.125
短程通信⑶,0,0,1,0,0,0,0,1,0.125
专用,0,0,1,0,0,0,0,1,0.125
联邦通信,0,0,1,0,0,0,0,1,0.125
行人状况,0,0,1,0,0,0,0,1,0.125
车辆状况,0,0,1,0,0,0,0,1,0.125
交通状况,0,0,1,0,0,0,0,1,0.125
车路,0,0,1,0,0,0,0,1,0.125
城市交通,0,0,1,0,0,0,0,1,0.125
intelligenttrafficsystem,0,0,1,0,0,0,0,1,0.125
信息化,0,0,1,0,0,0,0,1,0.125
自动化,0,0,1,0,0,0,0,1,0.125
智能化,0,0,1,0,0,0,0,1,0.125
城市交通系统,0,0,1,0,0,0,0,1,0.125
运输,0,0,1,0,0,0,0,1,0.125
汽车,0,0,1,0,0,0,0,1,0.125
环境污染,0,0,1,0,0,0,0,1,0.125
燃料消耗,0,0,1,0,0,0,0,1,0.125
道路交通,0,0,1,0,0,0,0,1,0.125
事故,0,0,1,1,0,0,0,2,0.25
智能体,0,0,1,0,0,21,1,23,5.441666666666666
状态,0,0,0,0,0,8,0,8,1.9333333333333333
动作,0,0,0,0,0,7,0,7,1.6916666666666667
状态空间,1,0,2,0,0,8,1,12,3.425
q学习,0,0,0,0,0,3,0,3,0.725
q-table,0,0,0,0,0,2,0,2,0.48333333333333334
负反馈,0,0,0,0,0,2,0,2,0.48333333333333334
瞬时奖励,0,0,0,0,0,2,0,2,0.48333333333333334
邻居车辆,0,0,0,0,0,3,0,3,0.725
蜂窝通信模式,0,0,0,0,2,3,0,5,1.2083333333333333
邻居用户,0,0,2,0,0,2,0,4,0.7333333333333334
干扰感知,1,0,0,0,3,2,1,7,2.45
邻居智能体,0,0,0,0,0,2,0,2,0.48333333333333334
深度q学习模型,0,0,0,0,0,2,0,2,0.48333333333333334
转移概率矩阵,0,0,0,0,0,2,0,2,0.48333333333333334
动作空间,0,0,0,0,0,2,0,2,0.48333333333333334
马尔可夫决策过程,0,0,0,0,0,2,0,2,0.48333333333333334
干扰感知多智能体q学习模型,0,0,0,0,0,2,0,2,0.48333333333333334
异质频谱分配,1,0,2,1,5,6,0,15,4.033333333333333
复杂映射关系,0,0,0,0,0,1,0,1,0.24166666666666667
状态动作,0,0,0,0,0,1,0,1,0.24166666666666667
神经网络,0,0,0,0,0,4,0,4,0.9666666666666667
q值,0,0,0,0,0,1,0,1,0.24166666666666667
奖励折扣因子,0,0,0,0,0,1,0,1,0.24166666666666667
学习率,0,0,0,0,0,1,0,1,0.24166666666666667
长期折扣回报,0,0,0,0,0,1,0,1,0.24166666666666667
man,0,0,0,0,0,1,0,1,0.24166666666666667
最优控制策略,0,0,0,0,0,1,0,1,0.24166666666666667
函数,0,0,0,0,0,1,0,1,0.24166666666666667
动作函数,0,0,0,0,0,1,0,1,0.24166666666666667
表格值函数,0,0,0,0,0,1,0,1,0.24166666666666667
动作价值函数,0,0,0,0,0,1,0,1,0.24166666666666667
策略,0,0,0,0,0,1,0,1,0.24166666666666667
到达率门限,0,0,0,0,0,1,0,1,0.24166666666666667
源数据,0,0,0,0,0,1,0,1,0.24166666666666667
门限,0,0,0,0,4,2,0,6,1.45
接收sinr,0,0,0,0,1,6,0,7,1.6916666666666667
源数据传输速率,0,0,0,0,0,1,0,1,0.24166666666666667
最低通信质量,0,0,0,0,0,1,0,1,0.24166666666666667
系统传输速率,0,0,0,0,0,1,0,1,0.24166666666666667
q学习模型,0,0,0,0,0,1,0,1,0.24166666666666667
先验知识,0,0,0,0,0,1,0,1,0.24166666666666667
通信转移概率矩阵,0,0,0,0,0,1,0,1,0.24166666666666667
卫片,0,0,0,0,0,1,0,1,0.24166666666666667
状态转移概率,0,0,0,0,0,1,0,1,0.24166666666666667
马尔可夫决策,0,0,0,0,0,2,0,2,0.48333333333333334
pl,0,0,0,0,0,1,0,1,0.24166666666666667
米波频谱资源,0,0,0,0,0,1,0,1,0.24166666666666667
动作空间力,0,0,0,0,0,1,0,1,0.24166666666666667
la,0,0,0,0,0,1,0,1,0.24166666666666667
接收机,0,0,0,0,5,3,0,8,1.9333333333333333
发射机,0,0,0,0,2,2,0,4,0.9666666666666667
信噪比限制,0,0,0,0,0,1,0,1,0.24166666666666667
瞬时流量,0,0,0,0,0,1,0,1,0.24166666666666667
丢失概率,0,0,0,0,0,3,0,3,0.725
溢出,0,0,0,0,0,6,0,6,1.45
延时门限,0,0,0,0,1,5,0,6,1.45
瞬时csig,0,0,0,0,0,1,0,1,0.24166666666666667
瞬时csi,0,0,0,0,0,1,0,1,0.24166666666666667
毫米波通信模式,0,0,0,0,1,3,0,4,0.9666666666666667
channelstateinformation,0,0,0,0,0,1,0,1,0.24166666666666667
状态信息,0,0,0,0,0,1,0,1,0.24166666666666667
瞬时信道,0,0,0,0,0,1,0,1,0.24166666666666667
干扰感知功能,0,0,0,0,0,1,0,1,0.24166666666666667
cue通信质量,0,0,0,0,0,1,0,1,0.24166666666666667
通信模式,0,0,0,0,2,3,0,5,1.2083333333333333
分配参数,0,0,0,0,0,2,0,2,0.48333333333333334
状态空间力,0,0,0,0,0,1,0,1,0.24166666666666667
干扰感知多智能体深度q学习模型,0,0,0,0,0,1,0,1,0.24166666666666667
状态空间维度,2,0,1,0,0,1,2,6,2.85
ward,0,0,0,0,0,1,0,1,0.24166666666666667
奖励,0,0,0,0,0,1,0,1,0.24166666666666667
mdp,0,0,0,0,0,1,0,1,0.24166666666666667
马尔可夫,0,0,0,0,0,1,0,1,0.24166666666666667
马尔可夫性,0,0,0,0,0,1,0,1,0.24166666666666667
maxvec,0,0,0,0,0,2,0,2,0.48333333333333334
异质频谱分配子,0,0,0,0,0,2,0,2,0.48333333333333334
中心频率,0,0,0,0,2,2,0,4,0.9666666666666667
仿真参数,0,0,0,0,2,3,0,5,1.2083333333333333
车辆间距,0,0,0,0,1,1,0,2,0.48333333333333334
平均车辆速度,0,0,0,0,1,1,0,2,0.48333333333333334
毫米波半功率带宽,0,0,0,0,1,1,0,2,0.48333333333333334
噪声功率谱密度,0,0,0,0,1,1,0,2,0.48333333333333334
噪声指数,0,0,0,0,1,1,0,2,0.48333333333333334
3dbi,0,0,0,0,1,1,0,2,0.48333333333333334
增益,0,0,0,0,2,1,0,3,0.725
蜂窝天线,0,0,0,0,1,1,0,2,0.48333333333333334
发射功率,0,0,0,0,2,2,0,4,0.9666666666666667
蜂窝,0,0,0,0,5,2,0,7,1.6916666666666667
蜂窝频段带宽,0,0,0,0,1,1,0,2,0.48333333333333334
mhz,0,0,0,0,1,1,0,2,0.48333333333333334
毫米波频段带宽,0,0,0,0,1,1,0,2,0.48333333333333334
ghz,0,0,0,2,1,1,0,4,0.7333333333333334
小区半径,0,0,0,0,1,1,0,2,0.48333333333333334
小尺度衰落模型,0,0,0,0,1,1,0,2,0.48333333333333334
小尺度衰落,0,0,0,0,1,2,0,3,0.725
建筑,0,0,0,0,1,1,0,2,0.48333333333333334
障碍物,0,0,0,0,1,2,0,3,0.725
ln发射机,0,0,0,0,1,0,0,1,0.24166666666666667
正态路损模型,0,0,0,0,1,1,0,2,0.48333333333333334
标准对数,0,0,0,0,1,1,0,2,0.48333333333333334
60ghz频段,0,0,0,0,1,1,0,2,0.48333333333333334
毫米波信道,0,0,0,0,1,1,0,2,0.48333333333333334
虑障碍物,0,0,0,0,1,0,0,1,0.24166666666666667
win,0,0,0,0,1,1,0,2,0.48333333333333334
r3,0,0,0,0,1,1,0,2,0.48333333333333334
路损模型,0,0,0,0,1,1,0,2,0.48333333333333334
信道环境,0,0,0,0,1,1,0,2,0.48333333333333334
平均速度,0,0,0,0,1,1,0,2,0.48333333333333334
平均距离,0,0,0,0,1,1,0,2,0.48333333333333334
道路,0,0,0,0,1,1,0,2,0.48333333333333334
双向车道,0,0,0,0,1,1,0,2,0.48333333333333334
城市十字路口场,0,0,0,0,1,0,0,1,0.24166666666666667
曼哈顿模型,0,0,0,0,1,1,0,2,0.48333333333333334
仿真环境,0,0,0,0,1,1,0,2,0.48333333333333334
车联网仿真环境,0,0,0,0,1,1,0,2,0.48333333333333334
pycharm2018,0,0,0,0,1,1,0,2,0.48333333333333334
仿真參数,0,0,0,0,1,0,0,1,0.24166666666666667
车载业务,1,0,0,0,4,0,0,5,1.9666666666666668
网络演算理论,1,0,1,0,3,0,1,6,2.091666666666667
基干扰感知多图,0,0,0,0,1,0,0,1,0.24166666666666667
sinr约束条件,0,0,0,0,3,0,1,4,0.9666666666666667
延时约束条件,0,0,0,0,4,1,1,6,1.45
通信可靠,0,0,1,0,1,0,0,2,0.3666666666666667
最小传输速率,1,0,1,0,1,0,0,3,1.3666666666666667
最大化系统,1,0,0,0,2,0,0,3,1.4833333333333334
通信可靠性,1,0,1,0,1,0,0,3,1.3666666666666667
优化,0,0,0,0,3,1,0,4,0.9666666666666667
约束,0,0,0,0,1,0,0,1,0.24166666666666667
noiserati,0,0,0,0,1,0,0,1,0.24166666666666667
interference,0,0,0,0,2,0,0,2,0.48333333333333334
signal,0,0,0,0,2,0,0,2,0.48333333333333334
延时约束,1,0,1,0,2,0,0,4,1.6083333333333334
可靠性性能,0,0,0,0,1,0,0,1,0.24166666666666667
车联网通信,1,0,0,0,1,2,0,4,1.725
异质频谱共享技,0,0,0,0,1,0,0,1,0.24166666666666667
图着色算法,0,0,0,0,1,0,0,1,0.24166666666666667
接收,0,0,0,0,3,1,0,4,0.9666666666666667
毫米波频段通信,1,0,0,0,1,0,0,2,1.2416666666666667
传播特性,0,0,0,0,1,0,0,1,0.24166666666666667
候选颜色,0,0,0,0,4,0,0,4,0.9666666666666667
颜色集,0,0,0,0,3,0,0,3,0.725
邻居节点,0,0,0,0,2,0,0,2,0.48333333333333334
已着色节点,0,0,0,0,3,0,0,3,0.725
颜色炉,0,0,0,0,1,0,0,1,0.24166666666666667
候选颜色集,0,0,0,0,3,0,0,3,0.725
着颜色,0,0,0,0,1,0,0,1,0.24166666666666667
可达速率,0,0,0,0,4,0,0,4,0.9666666666666667
循环,0,0,0,0,2,1,0,3,0.725
干扰感知多图着色,0,0,0,0,1,0,0,1,0.24166666666666667
初始化节点属性,0,0,0,0,2,0,0,2,0.48333333333333334
干扰边权重,0,0,0,0,2,0,0,2,0.48333333333333334
gmw,0,0,0,0,1,0,0,1,0.24166666666666667
多图着色,0,0,0,0,2,0,0,2,0.48333333333333334
着色顺序,0,0,0,0,2,0,0,2,0.48333333333333334
已着色v2v节点,0,0,0,0,1,0,0,1,0.24166666666666667
v2v节点集合,0,0,0,0,1,0,0,1,0.24166666666666667
颜色丘,0,0,0,0,1,0,0,1,0.24166666666666667
候选节点,0,0,0,0,1,0,0,1,0.24166666666666667
元素,0,0,0,0,1,0,0,1,0.24166666666666667
陰办,0,0,0,0,1,0,0,1,0.24166666666666667
陰严,0,0,0,0,1,0,0,1,0.24166666666666667
节点集合,0,0,0,0,2,0,0,2,0.48333333333333334
graphcoloringalgorithm,0,0,0,0,1,0,0,1,0.24166666666666667
awaremulti-,0,0,0,0,1,0,0,1,0.24166666666666667
interference-,0,0,0,0,1,0,0,1,0.24166666666666667
干扰感知多图着色算法,0,0,0,0,1,0,0,1,0.24166666666666667
多图着色算法,0,0,0,0,3,0,0,3,0.725
数据传输速率,0,0,0,0,0,2,1,3,0.725
vice,0,0,0,0,0,2,0,2,0.48333333333333334
transmission,0,0,0,0,0,2,0,2,0.48333333333333334
v2v通信对,0,0,0,0,0,2,0,2,0.48333333333333334
类属性,0,0,0,0,0,2,0,2,0.48333333333333334
数据溢出率门限,0,0,0,0,0,1,0,1,0.24166666666666667
automaticdrivinginformation,0,0,0,0,0,1,0,1,0.24166666666666667
自动驾驶信息传输业务,0,0,0,0,0,2,0,2,0.48333333333333334
车辆间,0,0,0,0,0,1,0,1,0.24166666666666667
数据溢出率,0,0,0,0,0,1,0,1,0.24166666666666667
忍延时门限,0,0,0,0,0,1,0,1,0.24166666666666667
collisionavoidanceinformation,0,0,0,0,0,1,0,1,0.24166666666666667
信息传输业务,0,0,0,0,0,2,0,2,0.48333333333333334
车联网场景,0,0,0,0,0,1,0,1,0.24166666666666667
v2v链路发射机,0,0,0,0,2,1,0,3,0.725
智能体深度q网络,0,0,0,0,0,1,0,1,0.24166666666666667
深度q网络,0,0,0,0,0,1,0,1,0.24166666666666667
状态集,0,0,0,0,0,1,0,1,0.24166666666666667
观测环境,0,0,0,0,0,1,0,1,0.24166666666666667
邻居用户集,0,0,0,0,0,1,0,1,0.24166666666666667
位置信息,0,0,0,0,0,1,0,1,0.24166666666666667
通信信道,0,0,0,0,0,1,0,1,0.24166666666666667
车联网通信网络,0,0,0,0,0,1,0,1,0.24166666666666667
城市十字路口,0,0,0,0,0,1,0,1,0.24166666666666667
编程,0,0,0,0,0,1,0,1,0.24166666666666667
可靠性约束条件,0,0,0,0,2,0,0,2,0.48333333333333334
优化条,0,0,0,0,1,0,0,1,0.24166666666666667
通信质量保证,0,0,0,0,1,1,0,2,0.48333333333333334
矩阵,0,0,0,0,2,0,0,2,0.48333333333333334
v2v链路通信,0,0,0,0,1,0,0,1,0.24166666666666667
分配矩阵,0,0,0,0,1,1,0,2,0.48333333333333334
dsrc,0,0,1,5,0,0,0,6,0.75
蜂窝基础设施,0,0,0,2,0,0,0,2,0.25
数据包冲突,0,0,0,2,0,0,0,2,0.25
距离,1,0,1,2,0,2,0,6,1.8583333333333334
dsrc技术,0,0,0,3,0,0,0,3,0.375
无线通信技术,0,0,0,4,0,0,0,4,0.5
认知无线电技,0,0,0,2,0,0,0,2,0.25
高频频段,0,0,0,1,0,0,0,1,0.125
优质频谱,0,0,0,1,0,0,0,1,0.125
频谱占用率,0,0,0,1,0,0,0,1,0.125
无线通信,0,0,0,1,0,1,1,3,0.6083333333333334
频谱接入,0,0,0,1,0,0,0,1,0.125
运营商,0,0,0,1,0,0,0,1,0.125
通信技术,0,0,1,2,0,0,0,3,0.375
质量,0,0,0,1,0,0,0,1,0.125
车联网通信业务,0,0,0,1,0,0,0,1,0.125
端到端时延,0,0,0,1,0,0,0,1,0.125
高速率,0,0,0,3,0,1,0,4,0.6166666666666667
干扰级别,0,0,0,1,0,0,0,1,0.125
通信量,0,0,0,1,0,0,0,1,0.125
频率,0,0,0,2,0,0,0,2,0.25
流量密度,0,0,0,1,0,0,0,1,0.125
非视距通信能力,0,0,0,1,0,0,0,1,0.125
抗干扰能力,0,0,0,1,0,0,0,1,0.125
c-v2x技术,0,0,0,1,0,0,0,1,0.125
dsrc服务,0,0,0,1,0,0,0,1,0.125
分布式,1,0,1,2,0,1,1,6,1.8583333333333334
车辆通信服务,0,0,0,1,0,0,0,1,0.125
许可频段,0,0,0,2,0,0,0,2,0.25
蜂窝运营商,0,0,0,1,0,0,0,1,0.125
隐藏节点,0,0,0,2,0,0,0,2,0.25
密度,0,0,0,1,0,0,0,1,0.125
数据包路由,0,0,0,1,0,0,0,1,0.125
接入冲突,0,0,0,1,0,0,0,1,0.125
高速运动,0,0,0,1,0,0,0,1,0.125
分布式操作,0,0,0,1,0,0,0,1,0.125
mac层协议,0,0,0,1,0,0,0,1,0.125
lip,0,0,0,1,0,0,0,1,0.125
802,0,0,0,1,0,0,0,1,0.125
mediaaccesscontrol,0,0,0,1,0,0,0,1,0.125
媒体访问控制层,0,0,0,1,0,0,0,1,0.125
phy,0,0,0,1,0,0,0,1,0.125
physical,0,0,0,1,0,0,0,1,0.125
物理层,0,0,0,1,0,0,0,1,0.125
c-v2x技,0,0,0,2,0,0,0,2,0.25
v2p,0,0,0,1,0,0,0,1,0.125
vehicle,0,0,0,1,0,0,0,1,0.125
行人,0,0,0,1,0,0,0,1,0.125
vehicletovehicle,0,0,0,1,0,0,0,1,0.125
vehicletoinfrastructure,0,0,0,1,0,0,0,1,0.125
车联网无线通信技术,0,0,0,1,0,0,0,1,0.125
qos偏差,0,0,0,0,0,2,0,2,0.48333333333333334
模型训练,0,0,0,0,0,1,0,1,0.24166666666666667
等信息,0,0,0,0,0,1,0,1,0.24166666666666667
维度,0,0,1,0,0,1,0,2,0.3666666666666667
强化学习算法,0,0,0,0,0,1,1,2,0.48333333333333334
传输频谱,0,0,1,0,0,1,0,2,0.3666666666666667
认知能力,0,0,1,0,0,1,0,2,0.3666666666666667
深度强化学习模型,1,0,1,0,0,1,0,3,1.3666666666666667
imdrl,0,0,0,0,0,2,0,2,0.48333333333333334
thm,0,0,0,0,0,1,0,1,0.24166666666666667
arningbasedheterogeneous,0,0,0,0,0,1,0,1,0.24166666666666667
deepreinforcement,0,0,0,0,0,2,0,2,0.48333333333333334
awaremulti-agent,0,0,0,0,0,1,0,1,0.24166666666666667
车辆业务,0,0,0,1,0,1,0,2,0.3666666666666667
保障单业务,0,0,0,0,0,1,0,1,0.24166666666666667
转向预警,0,0,0,0,0,1,0,1,0.24166666666666667
车辆通信技术,0,0,0,0,0,1,0,1,0.24166666666666667
车辆技术,0,0,0,0,0,1,0,1,0.24166666666666667
传感业务,0,0,0,2,0,0,0,2,0.25
移动通信技术,0,0,0,2,0,0,0,2,0.25
体验质量,0,0,0,1,0,0,0,1,0.125
安全类,0,0,0,1,0,0,0,1,0.125
智能支付,0,0,0,1,0,0,0,1,0.125
车辆诊断,0,0,0,1,0,0,0,1,0.125
车辆信息,0,0,0,1,0,0,0,1,0.125
拥堵提醒,0,0,0,1,0,0,0,1,0.125
路障,0,0,0,1,0,0,0,1,0.125
交通效率,0,0,0,3,0,0,1,4,0.6166666666666667
盲点检测,0,0,0,1,0,0,0,1,0.125
车辆变道,0,0,0,1,0,0,0,1,0.125
辅助驾驶,0,0,0,1,0,0,0,1,0.125
车辆安全类,0,0,0,1,0,0,0,1,0.125
灾害,0,0,0,1,0,0,0,1,0.125
驾驶环境,0,0,0,1,0,0,0,1,0.125
v2x应用程序,0,0,0,1,0,0,0,1,0.125
司机,0,0,0,1,0,0,0,1,0.125
remotedriving,0,0,0,1,0,0,0,1,0.125
交通,0,0,0,1,0,0,0,1,0.125
感知,0,0,0,1,0,0,0,1,0.125
感知能力,0,0,0,1,0,0,0,1,0.125
实时传感数据,0,0,0,1,0,0,0,1,0.125
本地传感器,0,0,0,1,0,0,0,1,0.125
v2x应用服务器,0,0,0,1,0,0,0,1,0.125
行人设备,0,0,0,1,0,0,0,1,0.125
extendedsensors,0,0,0,1,0,0,0,1,0.125
行驶轨迹,0,0,0,1,0,1,0,2,0.3666666666666667
局部传感器,0,0,0,1,0,0,0,1,0.125
roadsideunit,0,0,0,1,0,0,0,1,0.125
advanceddriving,0,0,0,1,0,0,0,1,0.125
先进驾驶业务,0,0,0,1,0,0,0,1,0.125
队内,0,0,0,1,0,0,0,1,0.125
队列,0,0,0,1,0,0,0,1,0.125
vehiclesplatooning,0,0,0,1,0,0,0,1,0.125
车辆编队业务,0,0,0,1,0,0,0,1,0.125
ps,0,0,0,1,0,0,0,1,0.125
高清地图,0,0,0,2,0,0,0,2,0.25
5-thgeneration,0,0,0,1,0,0,0,1,0.125
多业务场景,0,0,0,1,0,0,0,1,0.125
穷搜法,0,0,0,0,2,0,0,2,0.48333333333333334
节点着色,0,0,0,0,2,0,0,2,0.48333333333333334
凸优化,0,0,0,0,1,0,0,1,0.24166666666666667
np-hard问,0,0,0,0,1,0,0,1,0.24166666666666667
非凸整数规划,0,0,0,0,1,0,0,1,0.24166666666666667
等待延时概率,0,0,0,0,1,0,0,1,0.24166666666666667
泊松分布,0,0,0,0,1,0,0,1,0.24166666666666667
指数分布,0,0,0,0,1,0,0,1,0.24166666666666667
发射用户,0,0,0,0,5,4,0,9,2.175
血氏,0,0,0,0,0,1,0,1,0.24166666666666667
二岳片,0,0,0,0,0,1,0,1,0.24166666666666667
遍历容量,0,0,0,0,0,1,0,1,0.24166666666666667
uhospital法则,0,0,0,0,0,1,0,1,0.24166666666666667
概率密度函数,0,0,0,0,0,1,0,1,0.24166666666666667
v2v链路石,0,0,0,0,0,3,0,3,0.725
瓦瓦,0,0,0,0,0,1,0,1,0.24166666666666667
负指数,0,0,0,0,0,1,0,1,0.24166666666666667
延时溢出函数,0,0,0,0,0,1,0,1,0.24166666666666667
节点流量到达率,0,0,0,0,0,2,0,2,0.48333333333333334
异质分配,0,0,0,0,0,1,0,1,0.24166666666666667
保障參数,0,0,0,0,0,1,0,1,0.24166666666666667
蜂窝模式,0,0,0,0,6,0,0,6,1.45
干扰功率增益,0,0,0,0,5,0,0,5,1.2083333333333333
毫米波模式,0,0,0,0,4,0,0,4,0.9666666666666667
接收用户,0,0,0,0,3,4,0,7,1.6916666666666667
信道功率增益,0,0,0,0,3,3,0,6,1.45
接收车,0,0,0,0,3,0,0,3,0.725
发射车辆,0,0,0,0,2,0,0,2,0.48333333333333334
复用毫米波频谱资源,0,0,0,0,3,2,0,5,1.2083333333333333
cuec,0,0,0,0,2,0,0,2,0.48333333333333334
复用,0,0,0,0,2,1,0,3,0.725
符号,0,0,0,0,2,0,0,2,0.48333333333333334
v2v接收车辆,0,0,0,0,2,0,0,2,0.48333333333333334
v2v发射车辆,0,0,0,0,2,0,0,2,0.48333333333333334
方向性天线,0,0,0,0,2,1,0,3,0.725
复用蜂窝用户,0,0,0,0,2,3,0,5,1.2083333333333333
障碍物密度,0,0,0,0,1,1,0,2,0.48333333333333334
阻塞概率,0,0,0,0,1,1,0,2,0.48333333333333334
毫米波通信模,0,0,0,0,1,0,0,1,0.24166666666666667
链路石,0,0,0,0,1,1,0,2,0.48333333333333334
加性高斯白噪声功率谱密度,0,0,0,0,1,1,0,2,0.48333333333333334
pjgg,0,0,0,0,1,0,0,1,0.24166666666666667
天线增益,0,0,0,0,1,1,0,2,0.48333333333333334
毫米波发射,0,0,0,0,1,1,0,2,0.48333333333333334
zv,0,0,0,0,1,0,0,1,0.24166666666666667
功率谱密度,0,0,0,0,1,1,0,2,0.48333333333333334
addictivewhitegaus,0,0,0,0,1,1,0,2,0.48333333333333334
加性高斯白噪声,0,0,0,0,1,1,0,2,0.48333333333333334
gg,0,0,0,0,1,0,0,1,0.24166666666666667
乙二工qg,0,0,0,0,1,0,0,1,0.24166666666666667
接收用,0,0,0,0,1,0,0,1,0.24166666666666667
旁瓣功率,0,0,0,0,1,0,0,1,0.24166666666666667
毫米波传输,0,0,0,0,1,0,0,1,0.24166666666666667
半功率波束宽度,0,0,0,0,1,0,0,1,0.24166666666666667
误差,0,0,0,0,1,0,0,1,0.24166666666666667
视线,0,0,0,0,1,0,0,1,0.24166666666666667
接收增益,0,0,0,0,1,0,0,1,0.24166666666666667
发射,0,0,0,0,1,0,0,1,0.24166666666666667
毫米波v2v通信,0,0,0,0,1,0,0,1,0.24166666666666667
扇形模型,0,0,0,0,1,0,0,1,0.24166666666666667
天线增益近模型,0,0,0,0,1,0,0,1,0.24166666666666667
波束转向能,0,0,0,0,1,0,0,1,0.24166666666666667
蜂窝频段通信,0,0,0,0,1,0,0,1,0.24166666666666667
全向天线,0,0,0,0,1,0,0,1,0.24166666666666667
复用cuec,0,0,0,0,1,1,0,2,0.48333333333333334
复用毫米波资源,0,0,0,0,1,1,0,2,0.48333333333333334
功率增益,0,0,0,0,1,4,0,5,1.2083333333333333
发射车,0,0,0,0,1,0,0,1,0.24166666666666667
复用资源,0,0,0,0,1,0,0,1,0.24166666666666667
车联网系统,0,0,0,0,1,1,0,2,0.48333333333333334
正交频段,0,0,0,0,1,0,0,1,0.24166666666666667
ofdm,0,0,0,0,1,0,0,1,0.24166666666666667
modula,0,0,0,0,1,0,0,1,0.24166666666666667
orthogonalfrequency,0,0,0,0,1,0,0,1,0.24166666666666667
正交频分复用技术,0,0,0,1,1,0,0,2,0.3666666666666667
蜂窝上行用,0,0,0,0,1,0,0,1,0.24166666666666667
v2v用户通信,0,0,0,0,1,0,0,1,0.24166666666666667
用户通信,0,0,0,0,1,0,0,1,0.24166666666666667
cellularuser,0,0,0,0,1,0,0,1,0.24166666666666667
basicstation,0,0,0,0,1,0,0,1,0.24166666666666667
蜂窝基站,0,0,0,0,1,0,0,1,0.24166666666666667
频谱共拿技,0,0,0,1,0,0,0,1,0.125
杂度,0,0,0,0,2,0,0,2,0.48333333333333334
着色,0,0,0,0,2,0,0,2,0.48333333333333334
用户量,0,0,0,0,1,0,0,1,0.24166666666666667
纳什稳定,0,0,0,0,1,0,0,1,0.24166666666666667
异质频谱频谱共享算法,0,0,0,0,1,0,0,1,0.24166666666666667
节点权重,0,0,0,0,5,0,0,5,1.2083333333333333
干扰感知异质频谱分配,0,0,0,0,1,0,0,1,0.24166666666666667
算法复杂度,0,0,0,0,1,0,0,1,0.24166666666666667
无线电,0,0,0,1,0,0,0,1,0.125
海量数据,0,0,0,1,0,0,0,1,0.125
车载用户体验,0,0,0,1,0,0,0,1,0.125
交通安全,0,0,0,1,0,0,1,2,0.3666666666666667
智慧城市,0,0,0,1,0,0,0,1,0.125
智慧交通,0,0,0,1,0,0,0,1,0.125
深度神经网络,0,0,0,0,0,6,0,6,1.45
记忆区,0,0,0,0,0,3,0,3,0.725
异质频谱分配算法,0,0,0,1,0,3,0,4,0.85
初始化,0,0,0,0,0,2,0,2,0.48333333333333334
q函数,0,0,0,0,0,2,0,2,0.48333333333333334
中采样历史数据,0,0,0,0,0,1,0,1,0.24166666666666667
rni,0,0,0,0,0,1,0,1,0.24166666666666667
干扰感知多智能体深度,0,0,0,0,0,1,0,1,0.24166666666666667
线下训练算法,0,0,0,0,0,1,0,1,0.24166666666666667
历史通信数据,0,0,0,0,0,2,0,2,0.48333333333333334
线下训练,0,0,0,0,0,1,0,1,0.24166666666666667
深度强化,0,0,0,0,0,1,0,1,0.24166666666666667
采样样本,0,0,0,0,0,1,0,1,0.24166666666666667
史数据,0,0,0,0,0,1,0,1,0.24166666666666667
元组,0,0,0,0,0,1,0,1,0.24166666666666667
损失函数,0,0,0,0,0,1,0,1,0.24166666666666667
干扰感知多智能体深度q,0,0,0,0,0,1,0,1,0.24166666666666667
实验仿真,0,0,0,0,0,1,0,1,0.24166666666666667
异质频谱共享策略,0,0,0,0,0,1,0,1,0.24166666666666667
qos约束参数,0,0,0,0,0,1,0,1,0.24166666666666667
分布式异质频谱共享算法,0,0,0,0,0,1,0,1,0.24166666666666667
信令开,0,0,0,0,0,1,0,1,0.24166666666666667
集中式算法,0,0,0,0,0,1,0,1,0.24166666666666667
动态变,0,0,0,0,0,1,0,1,0.24166666666666667
v2v节点,0,0,0,0,6,0,0,6,1.45
匕尸,0,0,0,0,1,0,0,1,0.24166666666666667
毫米波干扰边,0,0,0,0,3,0,0,3,0.725
毫米波子图,0,0,0,0,1,0,0,1,0.24166666666666667
巧匕,0,0,0,0,1,0,0,1,0.24166666666666667
mxm,0,0,0,0,1,0,0,1,0.24166666666666667
蜂窝干扰边,0,0,0,0,3,0,0,3,0.725
蜂窝干扰子图,0,0,0,0,3,0,0,3,0.725
共信道干扰,0,0,0,0,2,0,0,2,0.48333333333333334
加权干扰图,0,0,0,0,1,0,0,1,0.24166666666666667
服务速率,0,0,0,0,0,3,0,3,0.725
缓存队列长度,0,0,0,0,0,2,0,2,0.48333333333333334
数据延时,0,0,0,0,0,2,0,2,0.48333333333333334
数据量曲线,0,0,0,0,0,2,0,2,0.48333333333333334
数据传输,0,0,0,0,0,2,1,3,0.725
时间,0,0,0,1,0,2,0,3,0.6083333333333334
丢失概率约束条件,0,0,0,0,0,2,0,2,0.48333333333333334
丢失概率门限,0,0,0,0,0,1,0,1,0.24166666666666667
v2v链路缓存,0,0,0,0,1,1,0,2,0.48333333333333334
女二尸,0,0,0,0,0,1,0,1,0.24166666666666667
极大偏差理论,0,0,0,0,0,1,0,1,0.24166666666666667
数据丢失,0,0,0,0,0,1,0,1,0.24166666666666667
队列长度门限,0,0,0,0,0,1,0,1,0.24166666666666667
节点缓存,0,0,0,0,0,1,0,1,0.24166666666666667
队列长度,0,0,0,0,0,1,0,1,0.24166666666666667
垂直距离,0,0,0,0,0,1,0,1,0.24166666666666667
传输延迟,0,0,0,0,0,1,0,1,0.24166666666666667
水平距离,0,0,0,0,0,1,0,1,0.24166666666666667
服务数据量曲线,0,0,0,0,0,1,0,1,0.24166666666666667
实赊,0,0,0,0,0,1,0,1,0.24166666666666667
传输速率损失,0,0,0,0,0,1,0,1,0.24166666666666667
流量曲线,0,0,0,0,0,1,0,1,0.24166666666666667
服务数据,0,0,0,0,0,1,0,1,0.24166666666666667
节点数据,0,0,0,0,0,1,0,1,0.24166666666666667
传输/,0,0,0,0,0,1,0,1,0.24166666666666667
总数据量,0,0,0,0,0,1,0,1,0.24166666666666667
内可达传输,0,0,0,0,0,1,0,1,0.24166666666666667
v2v链路源节点,0,0,0,0,0,1,0,1,0.24166666666666667
石源节点,0,0,0,0,0,1,0,1,0.24166666666666667
fifo缓存,0,0,0,0,0,1,0,1,0.24166666666666667
用户数据,0,0,0,0,0,1,0,1,0.24166666666666667
节点服务速率,0,0,0,0,0,1,0,1,0.24166666666666667
信道传输速率,0,0,0,0,0,1,0,1,0.24166666666666667
源节点数据,0,0,0,0,0,1,0,1,0.24166666666666667
流量模型,0,0,0,0,0,1,0,1,0.24166666666666667
丢失概率约束,0,0,0,0,0,1,0,1,0.24166666666666667
sub6ghz,0,0,0,2,0,0,0,2,0.25
双拍卖机,0,0,0,1,0,0,0,1,0.125
频谱异质性,0,0,0,1,0,0,0,1,0.125
空间,0,0,0,1,0,0,0,1,0.125
个性化,0,0,0,1,0,0,0,1,0.125
异质性,0,0,0,1,0,0,0,1,0.125
he,0,0,0,1,0,0,0,1,0.125
forheterogeneousspectrum,0,0,0,1,0,0,0,1,0.125
truthfuldoubleauctionmechanism,0,0,0,1,0,0,0,1,0.125
双拍卖算法,0,0,0,1,0,0,0,1,0.125
异质频谱信任,0,0,0,1,0,0,0,1,0.125
主用户,0,0,0,4,0,0,0,4,0.5
次级用户,0,0,0,3,0,0,0,3,0.375
纳什均衡状态,0,0,0,1,0,0,0,1,0.125
联盟博弈算法,0,0,0,1,0,0,0,1,0.125
联盟博弈论,0,0,0,1,0,1,0,2,0.3666666666666667
频段异构蜂窝网络,0,0,0,1,0,0,0,1,0.125
传输频段,0,0,0,1,0,0,0,1,0.125
异构蜂窝网络,0,0,0,1,0,0,0,1,0.125
低频频谱资源,0,0,0,1,0,0,0,1,0.125
全向性干扰,0,0,0,1,0,0,0,1,0.125
特性,0,0,0,1,0,0,0,1,0.125
图着色,0,0,0,1,0,0,0,1,0.125
强干扰,0,0,0,1,0,0,0,1,0.125
内容,0,0,0,1,0,0,0,1,0.125
车联网通信协议,0,0,0,1,0,0,0,1,0.125
网络控制,0,0,0,1,0,0,0,1,0.125
控制框架,0,0,0,1,0,0,0,1,0.125
分层网络,0,0,0,1,0,0,0,1,0.125
sub-6ghz,0,0,0,1,0,0,0,1,0.125
沉浸式体验,0,0,0,1,0,0,0,1,0.125
车载用户,0,0,0,1,0,0,0,1,0.125
蜂窝用户频谱资源,0,0,0,1,0,1,0,2,0.3666666666666667
动态共享框架,0,0,0,1,0,0,0,1,0.125
通信连接,0,0,0,2,0,0,0,2,0.25
传播损耗,0,0,0,1,0,0,0,1,0.125
resourceblock,0,0,0,1,0,0,0,1,0.125
物理资源块,0,0,0,1,0,0,0,1,0.125
连续频谱资源,0,0,0,1,0,0,0,1,0.125
共拿技术,0,0,0,1,0,0,0,1,0.125
tmgc,0,0,0,0,1,0,0,1,0.24166666666666667
随机演算理论,0,0,0,0,1,0,0,1,0.24166666666666667
qos约束,0,0,0,0,1,0,0,1,0.24166666666666667
数据包延时溢出概率约束,0,0,0,0,1,0,0,1,0.24166666666666667
信噪比约束,0,0,1,0,1,0,0,2,0.3666666666666667
最小链路速率,0,0,0,0,1,0,0,1,0.24166666666666667
业务数据包,2,0,2,0,0,0,0,4,2.25
d2d通信资源分配,0,0,1,0,0,0,0,1,0.125
communications,0,0,1,0,0,0,0,1,0.125
ation,0,0,1,0,0,0,0,1,0.125
all,0,0,1,0,0,0,0,1,0.125
pect,0,0,1,0,0,0,0,1,0.125
ningbase,0,0,1,0,0,0,0,1,0.125
reinforcement,0,0,1,0,0,0,0,1,0.125
amultiagent,0,0,1,0,0,0,0,1,0.125
obecom,0,0,1,0,0,0,0,1,0.125
自动驾驶信息,0,0,1,0,0,0,0,1,0.125
信息传输,1,0,1,0,0,1,0,3,1.3666666666666667
碰撞,1,0,1,0,0,0,0,2,1.125
异质频谱通信链路,1,0,1,0,0,0,0,2,1.125
umresources,0,0,1,0,0,0,0,1,0.125
cellularspecti,0,0,1,0,0,0,0,1,0.125
mmwave,0,0,1,0,0,0,0,1,0.125
vcommunication,0,0,1,0,0,0,0,1,0.125
heterogeneousspectrum,0,0,1,0,0,0,0,1,0.125
vehicularcommunications,0,0,1,0,0,0,0,1,0.125
heterogenousspectrum,0,0,1,0,0,0,0,1,0.125
thintegration,0,0,1,0,0,0,0,1,0.125
emeinvehicularnetwork,0,0,1,0,0,0,0,1,0.125
dspectrum,0,0,1,0,0,0,0,1,0.125
multi-graphbase,0,0,1,0,0,0,0,1,0.125
最大化,0,0,1,0,0,0,0,1,0.125
干扰多图着色算法,1,0,1,0,3,0,0,5,1.85
车辆数据包,0,0,1,0,0,0,0,1,0.125
延时保证,0,0,1,0,0,0,0,1,0.125
动态时空数据,1,0,1,0,0,0,0,2,1.125
极化资源,1,0,1,0,0,0,0,2,1.125
密集异构无线环境,1,0,1,0,0,0,0,2,1.125
蜂窝节点,0,0,0,0,4,0,0,4,0.9666666666666667
节点人,0,0,0,0,2,0,0,2,0.48333333333333334
频谱资源力,0,0,0,0,2,0,0,2,0.48333333333333334
毫米波干扰子图,0,0,0,0,1,0,0,1,0.24166666666666667
emv,0,0,0,0,1,0,0,1,0.24166666666666667
虚线,0,0,0,0,1,0,0,1,0.24166666666666667
蜂窝频段干扰子图,0,0,0,0,1,0,0,1,0.24166666666666667
毫米波频段干扰子图,0,0,0,0,1,0,0,1,0.24166666666666667
接收sir,0,0,0,0,1,0,0,1,0.24166666666666667
优化条件,0,0,0,0,1,0,0,1,0.24166666666666667
ing,0,0,0,0,1,0,0,1,0.24166666666666667
signal-,0,0,0,0,1,0,0,1,0.24166666666666667
干扰比,0,0,0,0,1,0,0,1,0.24166666666666667
干扰子图,0,0,0,0,1,0,0,1,0.24166666666666667
干扰边集合,0,0,0,0,1,0,0,1,0.24166666666666667
边连接,0,0,0,0,1,0,0,1,0.24166666666666667
sla,0,0,0,0,1,0,0,1,0.24166666666666667
v2v节点片,0,0,0,0,1,0,0,1,0.24166666666666667
amsla,0,0,0,0,1,0,0,1,0.24166666666666667
to,0,0,0,0,1,0,0,1,0.24166666666666667
信噪比限制区域,0,0,0,0,1,0,0,1,0.24166666666666667
sinr限制条件,0,0,0,0,1,0,0,1,0.24166666666666667
节点速率,0,0,0,0,1,0,0,1,0.24166666666666667
sinro,0,0,0,0,1,0,0,1,0.24166666666666667
频谱资源集合,0,0,0,0,1,0,0,1,0.24166666666666667
属性,0,0,0,0,1,0,0,1,0.24166666666666667
毫米波干扰边集,0,0,0,0,1,0,0,1,0.24166666666666667
cue通信链路,0,0,0,0,1,0,0,1,0.24166666666666667
multi-graph,0,0,0,0,1,0,0,1,0.24166666666666667
多图,0,0,0,0,1,0,0,1,0.24166666666666667
imdrl算法,0,0,0,0,0,3,0,3,0.725
原始优化,0,0,0,0,0,2,0,2,0.48333333333333334
节点流量,0,0,0,0,0,1,0,1,0.24166666666666667
可分离性,0,0,0,0,0,1,0,1,0.24166666666666667
映射,0,0,0,0,0,1,0,1,0.24166666666666667
异质频谱共享方案,0,0,0,0,0,1,0,1,0.24166666666666667
通信数据,0,0,0,0,0,1,0,1,0.24166666666666667
spectrum,0,0,0,0,0,1,0,1,0.24166666666666667
basedheterogeneous,0,0,0,0,0,1,0,1,0.24166666666666667
ning,0,0,0,0,0,1,0,1,0.24166666666666667
infbrence-awaremulti-agent,0,0,0,0,0,1,0,1,0.24166666666666667
ces,0,0,0,0,0,1,0,1,0.24166666666666667
markovdecision,0,0,0,0,0,1,0,1,0.24166666666666667
共拿算法,0,0,0,0,1,1,0,2,0.48333333333333334
目标函数,0,0,0,0,0,1,0,1,0.24166666666666667
非线性优化条,0,0,0,0,0,1,0,1,0.24166666666666667
np-hard,0,0,0,0,0,1,0,1,0.24166666666666667
混合整数规划,0,0,0,0,0,1,0,1,0.24166666666666667
最低门限,0,0,0,0,0,1,0,1,0.24166666666666667
数据溢出,0,0,0,0,0,1,0,1,0.24166666666666667
配置矩阵,0,0,0,0,0,1,0,1,0.24166666666666667
选择矩阵,0,0,0,0,0,1,0,1,0.24166666666666667
v2v链路通信模式,0,0,0,0,0,1,0,1,0.24166666666666667
工化心,0,0,0,0,0,1,0,1,0.24166666666666667
心曲,0,0,0,0,0,1,0,1,0.24166666666666667
最低通信质量保证,0,0,0,0,0,1,0,1,0.24166666666666667
v2v传输速率,0,0,0,0,1,0,0,1,0.24166666666666667
通信场景,0,0,0,1,0,0,0,1,0.125
道路安全,0,0,0,1,0,0,0,1,0.125
车辆物联,0,0,0,1,0,0,0,1,0.125
阴影衰落,0,0,0,0,0,1,0,1,0.24166666666666667
瑞利衰落,0,0,0,0,0,1,0,1,0.24166666666666667
蜂窝用户数量,0,0,0,0,0,1,0,1,0.24166666666666667
延时溢岀概率门限,0,0,0,0,0,1,0,1,0.24166666666666667
异质共享算法,0,0,0,0,0,1,0,1,0.24166666666666667
干扰信道,0,0,0,0,0,4,0,4,0.9666666666666667
pme,0,0,0,0,0,1,0,1,0.24166666666666667
广工,0,0,0,0,0,1,0,1,0.24166666666666667
pfg,0,0,0,0,0,1,0,1,0.24166666666666667
天线功率,0,0,0,0,0,1,0,1,0.24166666666666667
瓷和坊,0,0,0,0,0,1,0,1,0.24166666666666667
glpitpina,0,0,0,0,0,1,0,1,0.24166666666666667
二脚,0,0,0,0,0,1,0,1,0.24166666666666667
ov2v,0,0,0,0,0,1,0,1,0.24166666666666667
通信用户,0,0,0,0,0,1,0,1,0.24166666666666667
延时容忍,0,0,0,0,0,1,0,1,0.24166666666666667
驾驶意图,0,0,0,0,0,1,0,1,0.24166666666666667
协作碰撞,0,0,0,0,0,1,0,1,0.24166666666666667
变道信息,0,0,0,0,0,1,0,1,0.24166666666666667
小区城市,0,0,0,0,0,1,0,1,0.24166666666666667
多业务通信,0,0,0,1,0,0,0,1,0.125
协作感知,0,0,0,6,0,0,0,6,0.75
移动性管理,0,0,0,4,0,0,0,4,0.5
本地感知,0,0,0,3,0,0,0,3,0.375
认知无线电设备,0,0,0,3,0,0,0,3,0.375
多属性决策算法,0,0,0,2,0,0,0,2,0.25
融合中心,0,0,0,2,0,0,0,2,0.25
频谱感知技术,0,0,0,2,0,0,0,2,0.25
授权用户,0,0,0,2,0,0,0,2,0.25
频谱切换方,0,0,0,1,0,0,0,1,0.125
情景感知,0,0,0,1,0,0,0,1,0.125
频谱切换,0,0,0,1,0,0,0,1,0.125
网络移动性,0,0,0,1,0,0,0,1,0.125
通信频谱,0,0,0,1,0,0,0,1,0.125
通信延时,0,0,0,1,0,0,0,1,0.125
通信连续性,0,0,0,1,0,0,0,1,0.125
信道,0,0,0,1,0,0,0,1,0.125
频谱共享分类,0,0,0,1,0,0,0,1,0.125
谱英学,0,0,0,1,0,0,0,1,0.125
加识藩,0,0,0,1,0,0,0,1,0.125
怨人模式,0,0,0,1,0,0,0,1,0.125
柴输,0,0,0,1,0,0,0,1,0.125
図络,0,0,0,1,0,0,0,1,0.125
讶増频谱,0,0,0,1,0,0,0,1,0.125
可频段,0,0,0,1,0,0,0,1,0.125
观测值,0,0,0,1,0,0,0,1,0.125
协作频谱感知,0,0,0,1,0,0,0,1,0.125
固定设备,0,0,0,1,0,0,0,1,0.125
分布式协作感知,0,0,0,1,0,0,0,1,0.125
助协作感知,0,0,0,1,0,0,0,1,0.125
多径衰落,0,0,0,1,0,0,0,1,0.125
精度,0,0,0,1,0,0,0,1,0.125
移动性,0,0,0,1,0,0,0,1,0.125
循环平稳频谱感知算法,0,0,0,1,0,0,0,1,0.125
能量检测算法,0,0,0,1,0,0,0,1,0.125
射频接收信号,0,0,0,1,0,0,0,1,0.125
频谱移动性管理,0,0,0,1,0,0,0,1,0.125
认知设备,0,0,0,1,0,0,0,1,0.125
primajyuser,0,0,0,1,0,0,0,1,0.125
频谱带宽,0,0,0,1,0,0,0,1,0.125
secondaryuser,0,0,0,1,0,0,0,1,0.125
固定频谱分配,0,0,0,1,0,0,0,1,0.125
cognitivevehicularnet,0,0,0,1,0,0,0,1,0.125
车联网技术,0,0,0,1,0,0,0,1,0.125
ad,0,0,0,1,0,0,0,1,0.125
iti,0,0,0,1,0,0,0,1,0.125
multi-graphcoloringalgorithm,0,0,0,0,1,0,0,1,0.24166666666666667
异质频谱干扰关,0,0,0,0,1,0,0,1,0.24166666666666667
帕托累,0,0,0,0,2,0,0,2,0.48333333333333334
干扰信道增益,0,0,0,0,1,0,0,1,0.24166666666666667
传输信道增益,0,0,0,0,1,0,0,1,0.24166666666666667
v2v链路接收机,0,0,0,0,1,0,0,1,0.24166666666666667
干扰多图着色,0,0,0,0,2,0,0,2,0.48333333333333334
系统速率,0,0,0,0,1,0,0,1,0.24166666666666667
maxminr,0,0,0,0,1,0,0,1,0.24166666666666667
单目标优,0,0,0,0,1,0,0,1,0.24166666666666667
多目标,0,0,0,0,1,0,0,1,0.24166666666666667
转化,0,0,0,0,1,0,0,1,0.24166666666666667
切比雪夫优化函数,0,0,0,0,1,0,0,1,0.24166666666666667
速率优化,0,0,0,0,1,0,0,1,0.24166666666666667
v2v系统,0,0,0,0,1,0,0,1,0.24166666666666667
传输性能,0,0,0,0,1,0,0,1,0.24166666666666667
延时qos约束参数,0,0,0,0,0,1,0,1,0.24166666666666667
实时数据流量传输业务,0,0,0,0,0,1,0,1,0.24166666666666667
许丢包率,0,0,0,0,0,1,0,1,0.24166666666666667
长度,0,0,0,0,0,1,0,1,0.24166666666666667
效容,0,0,0,0,0,1,0,1,0.24166666666666667
端到端延时模型,0,0,0,0,2,0,0,2,0.48333333333333334
到达间隔,0,0,0,0,1,0,0,1,0.24166666666666667
工巧,0,0,0,0,1,0,0,1,0.24166666666666667
最大卷积原,0,0,0,0,1,0,0,1,0.24166666666666667
无线信道,0,0,0,0,1,0,0,1,0.24166666666666667
fifo,0,0,0,0,1,0,0,1,0.24166666666666667
infirstout,0,0,0,0,1,0,0,1,0.24166666666666667
先进先出,0,0,0,0,1,0,0,1,0.24166666666666667
节点厂,0,0,0,0,1,0,0,1,0.24166666666666667
己着色节点,0,0,0,0,1,0,0,1,0.24166666666666667
毫米波干扰子,0,0,0,0,1,0,0,1,0.24166666666666667
被干扰边,0,0,0,0,1,0,0,1,0.24166666666666667
业务qos,0,0,0,0,0,0,1,1,0.24166666666666667
多业务城市,0,0,0,0,0,0,1,1,0.24166666666666667
环境信息,0,0,0,0,0,0,1,1,0.24166666666666667
测邻居数量,0,0,0,0,0,0,1,1,0.24166666666666667
车联网信令,0,0,0,0,0,0,1,1,0.24166666666666667
高动态,0,0,0,0,0,0,1,1,0.24166666666666667
异质频谱通信技术,0,0,0,0,0,0,1,1,0.24166666666666667
主动安全应用,0,0,0,0,0,0,1,1,0.24166666666666667
车辆密度,0,0,0,0,0,0,1,1,0.24166666666666667
原始传感器,0,0,0,0,0,0,1,1,0.24166666666666667
高速率视频传输业务,0,0,0,0,0,0,1,1,0.24166666666666667
通信质量信道,0,0,0,0,0,0,1,1,0.24166666666666667
链路速率,0,0,0,0,0,0,1,1,0.24166666666666667
仿真验证,2,0,0,0,0,0,0,2,2.0
多样化服务质量,1,0,0,0,0,0,0,1,1.0
邻居用户数目,1,0,0,0,0,0,0,1,1.0
qos需求,1,0,0,0,0,0,0,1,1.0
自动驾驶信息传输,1,0,0,0,0,0,0,1,1.0
信干噪比约束,1,0,0,0,0,0,0,1,1.0
链路通信延时,1,0,0,0,0,0,0,1,1.0
可靠,1,0,0,0,0,0,0,1,1.0
中断概率,1,0,0,0,0,0,0,1,1.0
城市车辆,1,0,0,0,0,0,0,1,1.0
认知无线电,1,0,0,0,0,0,0,1,1.0
